204,105,55
204,106,55
204,107,55
204,108,55
203,105,55
205,106,55
203,106,55
204,109,55
205,107,55
203,107,55
204,106,56
204,105,54
205,108,55
204,107,56
204,106,54
205,106,56
203,104,54
205,107,56
203,105,54
204,108,56
203,108,55
204,110,55
204,107,54
205,108,56
203,106,54
205,109,55
204,109,56
205,109,56
203,107,54
204,108,54
203,109,55
205,110,55
204,111,55
204,110,56
205,110,56
203,108,54
204,109,54
203,110,55
205,105,54
203,105,56
203,106,56
205,106,54
205,111,55
203,107,56
205,111,56
203,109,54
204,111,56
205,107,54
204,112,55
204,110,54
203,108,56
206,106,56
202,104,54
206,107,56
205,108,54
203,111,55
206,106,55
202,104,55
202,105,54
202,105,55
206,108,56
206,107,55
203,109,56
205,112,55
202,106,55
205,112,56
203,110,54
202,106,54
204,112,56
206,108,55
206,109,56
205,109,54
202,107,55
204,111,54
204,113,55
202,107,54
206,109,55
203,110,56
206,110,56
203,112,55
202,108,55
205,107,57
203,103,53
205,110,54
203,104,53
205,108,57
205,113,56
205,113,55
203,111,54
202,108,54
206,110,55
203,105,53
204,113,56
206,111,56
205,109,57
203,111,56
204,104,53
204,106,57
204,112,54
202,109,55
204,107,57
203,106,53
204,105,53
204,108,57
205,110,57
204,114,55
205,111,54
204,106,53
202,109,54
206,111,55
203,107,53
203,113,55
204,109,57
206,112,56
205,114,56
203,112,54
204,107,53
205,114,55
202,110,55
205,111,57
203,112,56
206,107,57
204,114,56
206,108,57
204,110,57
202,103,53
203,108,53
202,104,53
204,113,54
206,109,57
206,112,55
206,105,54
202,110,54
206,106,54
202,105,53
204,108,53
205,112,54
202,105,56
202,106,56
206,113,56
206,107,54
205,112,57
206,110,57
204,111,57
202,107,56
202,106,53
204,115,55
202,111,55
203,109,53
203,114,55
206,108,54
205,115,56
203,113,54
203,113,56
204,109,53
202,108,56
206,111,57
205,115,55
206,113,55
202,107,53
204,115,56
202,111,54
206,109,54
204,112,57
205,113,57
205,104,53
205,113,54
206,114,56
205,105,53
204,114,54
207,107,56
201,103,54
201,104,54
203,106,57
202,109,56
207,108,56
203,107,57
205,106,53
203,110,53
201,105,54
206,112,57
202,112,55
204,110,53
202,108,53
203,108,57
207,109,56
206,110,54
201,106,54
205,107,53
203,114,56
204,116,55
203,109,57
202,110,56
203,115,55
207,110,56
206,114,55
205,116,56
204,113,57
203,114,54
207,106,55
201,104,55
202,112,54
207,107,55
205,114,57
201,105,55
201,107,54
206,113,57
205,108,53
205,116,55
207,108,55
202,109,53
206,115,56
204,116,56
205,114,54
201,106,55
206,111,54
203,111,53
203,110,57
204,111,53
207,111,56
204,115,54
207,109,55
202,113,55
201,107,55
202,111,56
201,108,54
205,109,53
207,107,57
204,114,57
207,108,57
207,110,55
203,111,57
206,114,57
201,103,53
207,112,56
206,115,55
203,115,56
205,115,57
207,109,57
202,110,53
201,108,55
201,104,53
206,112,54
202,113,54
205,117,56
203,115,54
203,116,55
204,117,55
207,110,57
201,105,53
204,112,53
201,109,54
203,112,53
205,110,53
206,116,56
202,112,56
207,111,55
205,115,54
205,117,55
204,117,56
201,109,55
203,112,57
201,106,53
207,113,56
207,111,57
202,114,55
206,115,57
204,116,54
204,115,57
205,107,58
205,108,58
202,111,53
206,113,54
205,109,58
203,103,52
201,110,54
205,111,53
207,112,55
205,116,57
201,107,53
206,116,55
207,112,57
203,104,52
203,116,56
201,110,55
205,110,58
204,113,53
202,114,54
203,105,52
202,113,56
203,113,53
206,108,58
203,113,57
207,114,56
206,109,58
206,117,56
205,118,56
203,116,54
201,108,53
203,106,52
202,102,52
205,116,54
205,111,58
203,117,55
202,103,52
206,110,58
207,113,57
204,118,55
207,113,55
206,116,57
202,104,52
206,105,53
206,114,54
205,112,53
201,111,54
202,115,55
205,118,55
202,112,53
207,106,54
204,103,52
204,107,58
204,116,57
206,106,53
204,118,56
204,104,52
204,108,58
207,107,54
206,111,58
201,111,55
202,105,52
203,107,52
201,105,56
202,106,57
205,112,58
204,105,52
204,109,58
201,106,56
206,107,53
202,107,57
204,117,54
205,117,57
207,108,54
207,115,56
203,114,57
201,109,53
206,117,55
202,114,56
204,114,53
207,114,57
202,106,52
201,107,56
202,108,57
204,106,52
204,110,58
206,112,58
203,114,53
206,108,53
203,117,56
202,115,54
207,114,55
207,109,54
203,108,52
205,113,58
201,108,56
202,109,57
206,118,56
205,113,53
204,107,52
201,112,54
202,107,52
206,117,57
204,111,58
206,115,54
201,112,55
205,117,54
202,113,53
206,109,53
205,119,56
203,117,54
206,113,58
207,110,54
201,110,53
204,117,57
203,118,55
202,116,55
207,115,57
201,109,56
202,110,57
203,109,52
204,119,55
207,116,56
203,115,57
208,107,56
200,103,54
204,108,52
208,108,56
200,104,54
205,119,55
204,112,58
202,108,52
204,119,56
205,118,57
205,114,58
202,115,56
207,108,58
207,115,55
208,109,56
206,110,53
200,105,54
207,109,58
204,115,53
207,111,54
206,118,55
204,118,54
206,114,58
207,110,58
203,115,53
208,110,56
201,110,56
202,111,57
201,102,52
200,106,54
205,114,53
201,103,52
204,109,52
201,113,54
202,116,54
201,113,55
203,118,56
201,111,53
207,111,58
203,110,52
201,104,52
206,116,54
206,118,57
204,113,58
207,116,57
206,119,56
202,109,52
202,114,53
208,111,56
208,108,57
206,111,53
200,107,54
207,112,54
200,102,53
208,109,57
200,103,53
205,115,58
201,105,52
207,117,56
205,103,52
205,118,54
205,104,52
207,112,58
203,116,57
200,104,53
204,118,57
208,110,57
206,115,58
201,111,56
202,112,57
205,105,52
208,106,55
205,120,56
208,107,55
203,118,54
207,116,55
203,107,58
202,117,55
204,110,52
200,104,55
208,112,56
208,108,55
200,105,53
203,108,58
201,106,52
202,116,56
200,105,55
203,119,55
205,106,52
200,108,54
208,111,57
205,119,57
204,114,58
203,111,52
204,116,53
208,109,55
204,120,55
207,113,58
203,109,58
200,106,55
202,110,52
205,120,55
206,112,53
205,115,53
201,112,53
207,113,54
200,106,53
204,120,56
206,119,55
201,114,55
205,107,52
201,114,54
203,116,53
207,117,57
208,112,57
201,107,52
208,110,55
208,113,56
205,116,58
204,119,54
203,110,58
200,107,55
206,117,54
201,112,56
202,113,57
206,119,57
202,117,54
206,116,58
204,111,52
200,109,54
202,115,53
203,119,56
200,107,53
207,114,58
205,108,52
207,118,56
206,120,56
203,117,57
208,111,55
207,117,55
203,111,58
204,115,58
200,108,55
208,113,57
201,108,52
203,112,52
206,113,53
204,119,57
202,111,52
207,114,54
205,119,54
208,114,56
202,117,56
205,109,52
200,108,53
202,118,55
201,113,53
205,121,56
203,119,54
200,110,54
205,116,53
208,112,55
201,113,56
202,114,57
207,115,58
207,118,57
205,120,57
201,115,55
203,112,58
204,117,53
200,109,55
205,117,58
204,112,52
201,115,54
208,114,57
206,117,58
203,120,55
206,120,55
203,117,53
201,109,52
205,121,55
204,121,55
206,118,54
204,116,58
204,121,56
205,110,52
207,105,53
208,115,56
206,120,57
206,114,53
207,119,56
200,109,53
207,106,53
202,112,52
202,116,53
207,115,54
208,113,55
203,113,52
207,118,55
204,120,54
202,118,54
203,113,58
203,118,57
200,110,55
207,107,53
200,111,54
207,116,58
208,115,57
