214,201,202
215,202,203
213,200,201
214,200,201
214,202,203
215,201,202
213,201,202
215,203,204
213,199,200
216,203,204
212,199,200
216,202,203
212,200,201
216,204,205
214,199,200
212,198,199
214,203,204
215,200,201
213,202,203
213,198,199
215,204,205
217,204,205
211,198,199
216,201,202
214,200,202
212,201,202
217,203,204
211,199,200
215,201,203
213,199,201
216,205,206
214,201,203
212,197,198
217,205,206
211,197,198
214,199,201
215,202,204
213,200,202
215,200,202
213,198,200
216,202,204
214,198,199
215,199,200
212,198,200
214,204,205
217,202,203
211,200,201
213,203,204
216,201,203
216,203,205
212,199,201
213,197,198
215,205,206
216,200,201
217,206,207
214,202,204
218,205,206
210,197,198
211,196,197
212,197,199
213,201,203
218,204,205
210,198,199
212,202,203
214,198,200
215,203,205
215,199,201
217,203,205
218,206,207
210,196,197
212,196,197
216,206,207
213,197,199
211,197,199
217,202,204
212,200,202
216,200,202
217,204,206
211,198,200
216,204,206
217,201,202
218,203,204
210,199,200
211,201,202
211,196,198
212,196,198
218,207,208
214,197,198
215,198,199
210,195,196
217,207,208
217,201,203
211,195,196
211,199,201
218,204,206
214,205,206
219,206,207
209,196,197
213,196,197
213,204,205
217,205,207
214,203,205
216,199,200
219,205,206
214,197,199
209,197,198
215,198,200
218,203,205
210,196,198
213,202,204
215,206,207
218,205,207
210,197,199
218,202,203
215,204,206
219,207,208
209,195,196
213,196,198
212,203,204
216,199,201
211,195,197
210,200,201
212,201,203
219,204,205
210,195,197
212,195,196
209,198,199
217,200,201
216,207,208
216,205,207
218,202,204
218,208,209
210,198,200
212,195,197
210,194,195
217,200,202
211,202,203
219,208,209
218,206,208
214,199,202
209,194,195
219,205,207
215,200,203
211,200,202
213,198,201
219,204,206
214,198,201
211,194,195
219,203,204
215,199,202
217,208,209
209,195,197
217,206,208
214,200,203
210,194,196
219,206,208
209,196,198
218,201,202
215,197,198
220,207,208
208,195,196
216,201,204
214,196,197
215,201,204
213,197,200
220,206,207
208,196,197
213,199,202
209,199,200
215,197,199
211,194,196
214,196,198
216,200,203
212,197,200
216,198,199
218,201,203
213,195,196
220,208,209
209,194,196
208,194,195
210,201,202
219,203,205
216,202,205
216,198,200
214,206,207
220,205,206
213,195,197
212,198,201
214,204,206
213,205,206
212,196,199
209,197,199
208,197,198
210,199,201
214,197,200
215,198,201
213,203,205
219,209,210
217,202,205
215,207,208
215,205,207
209,193,194
219,207,209
217,199,200
217,201,204
213,196,199
212,204,205
218,209,210
214,201,204
218,207,209
212,194,195
216,199,202
210,193,194
217,199,201
211,196,199
212,202,204
215,202,205
213,200,203
220,209,210
217,203,206
212,194,196
219,202,203
220,206,208
208,193,194
216,208,209
216,206,208
211,197,200
220,205,207
209,193,195
210,193,195
220,204,205
211,195,198
212,195,198
219,202,204
208,194,196
216,203,206
212,199,202
220,207,209
208,195,197
217,200,203
211,203,204
208,198,199
209,200,201
218,203,206
218,200,201
211,201,203
218,202,205
211,193,194
218,200,202
209,198,200
221,208,209
207,194,195
221,207,208
220,204,206
207,195,196
215,197,200
214,196,199
208,193,195
217,209,210
211,193,195
217,207,209
210,195,198
218,204,207
208,196,198
215,196,197
216,198,201
221,209,210
217,204,207
211,198,201
219,208,210
215,196,198
207,193,194
220,210,211
214,195,196
219,210,211
213,195,198
210,196,199
211,194,197
221,206,207
214,195,197
220,208,210
207,196,197
209,192,193
218,201,204
216,197,198
208,192,193
210,202,203
210,194,197
216,197,199
220,203,204
210,200,202
213,194,195
213,194,196
214,202,205
209,192,194
217,199,202
219,201,202
219,204,207
213,201,204
212,194,197
215,203,206
220,203,205
217,198,199
219,203,206
219,201,203
221,210,211
208,192,194
217,198,200
221,207,209
210,192,193
218,208,210
218,210,211
208,199,200
221,206,208
207,192,193
221,205,206
210,192,194
218,205,208
210,197,200
214,207,208
212,200,203
212,193,194
213,206,207
212,193,195
219,205,208
216,204,207
208,197,199
221,208,210
207,193,195
207,194,196
207,197,198
209,194,197
210,193,196
215,208,209
214,205,207
213,204,206
219,202,205
218,200,203
209,195,198
212,205,206
221,205,207
209,201,202
215,206,208
218,199,200
215,196,199
211,193,196
218,199,201
214,195,198
209,199,201
209,193,196
220,209,211
207,192,194
220,211,212
212,203,205
216,197,200
207,195,197
216,209,210
211,199,202
222,209,210
206,193,194
222,208,209
206,194,195
217,205,208
208,191,192
213,194,197
221,211,212
220,202,203
216,207,209
211,192,193
221,209,211
211,192,194
211,204,205
221,204,205
214,198,202
220,205,208
220,202,204
222,210,211
219,209,211
207,191,192
222,207,208
215,199,203
219,211,212
220,204,207
206,192,193
217,198,201
208,191,193
209,191,192
206,195,196
219,206,209
209,196,199
214,197,201
215,198,202
211,202,204
213,197,201
209,191,193
221,204,206
219,201,204
217,210,211
216,200,204
215,195,197
213,196,200
215,195,196
219,200,201
212,193,196
216,199,203
219,200,202
209,192,195
207,198,199
214,194,196
220,206,209
214,199,203
214,194,195
216,196,198
210,198,201
207,191,193
210,192,195
216,196,197
217,208,210
215,200,204
220,203,206
208,193,196
213,198,202
222,208,210
212,196,200
218,206,209
208,200,201
222,211,212
207,196,198
222,206,207
210,203,204
222,207,209
208,194,197
218,199,202
213,193,195
215,197,201
214,196,200
206,191,192
213,193,194
208,198,200
212,195,199
216,201,205
217,201,205
217,197,199
217,200,204
217,197,198
210,191,192
206,196,197
210,191,193
214,203,206
210,201,203
222,209,211
206,193,195
208,192,195
206,192,194
216,198,202
212,197,201
213,202,205
213,195,199
215,204,207
222,206,208
211,192,195
221,210,212
218,211,212
221,212,213
221,203,204
211,195,199
212,192,194
212,201,204
215,195,198
220,210,212
217,202,206
212,192,193
218,209,211
220,212,213
220,207,210
208,195,198
206,194,196
221,203,205
217,199,203
206,191,193
214,194,197
207,190,191
220,202,205
218,198,200
216,205,208
216,196,199
221,206,209
220,201,202
218,198,199
209,197,200
211,194,198
221,205,208
208,190,191
212,194,198
220,201,203
214,200,204
218,202,206
218,201,205
219,200,203
222,205,206
215,201,205
211,196,200
222,212,213
209,202,203
223,209,210
213,199,203
208,190,192
223,210,211
205,193,194
219,207,210
209,191,194
222,210,212
205,192,193
207,190,192
213,193,196
208,191,194
217,197,200
215,196,200
206,190,191
211,200,203
222,205,207
214,195,199
209,200,202
221,207,210
216,202,206
221,204,207
223,208,209
214,208,209
223,211,212
216,197,201
212,198,202
213,207,208
205,194,195
205,191,192
217,206,209
207,199,200
206,197,198
218,200,204
209,190,191
218,203,207
207,192,195
211,191,193
210,191,194
209,190,192
210,194,198
211,191,192
215,209,210
213,194,198
207,193,196
211,193,197
207,197,199
219,212,213
219,199,201
206,190,192
212,206,207
212,192,195
219,199,200
206,195,197
210,193,197
217,198,202
218,198,201
219,210,212
210,195,199
217,203,207
219,202,206
207,191,194
219,203,207
223,209,211
216,210,211
223,207,208
223,208,210
214,206,208
211,197,201
210,199,202
223,212,213
213,205,207
215,194,196
212,193,197
220,201,204
208,196,199
216,195,197
215,207,209
215,194,195
205,190,191
205,195,196
221,203,206
211,205,206
221,202,203
214,193,195
208,201,202
222,204,205
221,202,204
221,211,213
221,208,211
207,194,197
222,211,213
216,195,196
223,210,212
218,207,210
205,192,194
