196,132,37
196,133,37
196,131,37
196,134,37
196,130,37
196,135,37
196,129,37
197,133,37
195,131,37
197,132,37
195,132,37
196,136,37
196,128,37
197,134,37
195,130,37
197,131,37
195,133,37
197,135,37
195,129,37
197,130,37
195,134,37
196,132,36
196,132,38
196,131,36
196,133,38
196,137,37
196,127,37
196,133,36
196,131,38
196,130,36
197,136,37
196,134,38
195,128,37
197,129,37
195,135,37
196,134,36
197,133,38
196,130,38
195,131,36
196,129,36
197,134,38
197,132,38
196,135,38
195,130,36
195,132,36
197,135,38
197,131,38
195,129,36
195,133,36
197,137,37
195,127,37
196,135,36
196,129,38
197,128,37
196,138,37
196,126,37
195,136,37
196,128,36
196,136,38
197,136,38
197,130,38
195,128,36
195,134,36
196,136,36
196,128,38
197,138,37
195,126,37
196,127,36
196,137,38
197,137,38
197,129,38
195,127,36
195,135,36
197,127,37
195,137,37
197,132,36
197,133,36
195,132,38
195,131,38
197,131,36
196,139,37
196,125,37
195,133,38
197,134,36
195,130,38
197,130,36
196,137,36
195,134,38
196,127,38
197,138,38
197,128,38
196,126,36
195,126,36
195,136,36
197,135,36
197,139,37
196,138,38
195,129,38
195,125,37
197,129,36
197,126,37
195,135,38
195,138,37
198,133,37
194,131,37
198,134,37
194,130,37
198,132,37
194,132,37
197,136,36
198,135,37
195,128,38
194,129,37
198,131,37
196,140,37
196,124,37
196,138,36
197,128,36
194,133,37
198,134,38
196,126,38
198,133,38
197,139,38
197,127,38
194,130,36
194,131,36
195,125,36
195,137,36
195,136,38
196,125,36
198,135,38
198,136,37
194,129,36
198,132,38
194,128,37
196,139,38
194,132,36
197,140,37
198,130,37
197,137,36
194,134,37
195,124,37
198,136,38
194,128,36
195,127,38
198,131,38
197,125,37
194,133,36
195,139,37
198,137,37
197,127,36
194,127,37
195,137,38
198,137,38
198,129,37
194,127,36
194,135,37
198,130,38
196,139,36
197,140,38
197,126,38
194,134,36
195,124,36
195,138,36
196,125,38
197,138,36
196,124,36
196,141,37
196,123,37
198,138,37
196,140,38
195,126,38
194,126,37
198,138,38
197,141,37
197,126,36
194,126,36
198,128,37
198,129,38
195,123,37
194,135,36
194,136,37
195,138,38
197,124,37
195,140,37
197,133,39
197,134,39
198,139,37
197,139,36
195,131,35
195,130,35
197,132,39
196,140,36
197,141,38
197,125,38
197,135,39
195,123,36
195,139,36
198,139,38
194,125,37
195,132,35
196,131,35
196,133,39
194,125,36
195,129,35
196,124,38
195,125,38
196,132,35
196,132,39
198,128,38
196,130,35
196,134,39
196,123,36
198,127,37
197,131,39
194,136,36
197,125,36
197,136,39
196,133,35
196,131,39
195,133,35
196,141,38
194,137,37
195,128,35
196,129,35
196,135,39
196,142,37
196,122,37
198,133,36
198,132,36
195,139,38
198,134,36
194,131,38
197,142,37
196,134,35
194,132,38
197,130,39
196,130,39
198,131,36
194,130,38
195,134,35
197,137,39
195,122,37
198,140,37
196,128,35
198,135,36
194,133,38
196,136,39
195,127,35
198,140,38
197,123,37
197,140,36
194,124,36
194,124,37
194,129,38
198,130,36
198,127,38
195,141,37
196,135,35
194,137,36
196,129,39
198,126,37
198,136,36
194,134,38
195,124,38
197,142,38
197,124,38
197,129,39
195,122,36
195,140,36
196,141,36
195,135,35
196,127,35
197,138,39
194,138,37
194,128,38
197,124,36
196,137,39
196,123,38
195,126,35
198,129,36
196,122,36
195,140,38
194,135,38
196,142,38
198,137,36
198,134,39
196,136,35
198,135,39
198,133,39
196,128,39
198,141,37
198,141,38
194,130,35
194,127,38
197,128,39
194,131,35
194,129,35
194,123,36
196,143,37
196,121,37
196,126,35
198,136,39
198,132,39
195,136,35
197,143,37
194,123,37
198,126,38
198,128,36
196,138,39
197,139,39
197,141,36
195,125,35
194,128,35
194,132,35
194,138,36
195,121,37
198,125,37
194,136,38
197,122,37
198,137,39
198,131,39
198,138,36
197,132,35
197,131,35
195,123,38
196,137,35
197,133,35
194,139,37
195,142,37
194,127,35
194,133,35
195,132,39
195,133,39
196,127,39
197,143,38
197,123,38
197,130,35
197,123,36
195,121,36
195,141,36
194,126,38
195,131,39
199,134,38
196,142,36
193,130,36
199,135,38
197,134,35
193,129,36
199,133,38
195,134,39
193,131,36
196,125,35
198,127,36
197,127,39
195,137,35
198,138,39
198,130,39
196,122,38
199,134,37
199,136,38
195,130,39
193,130,37
197,129,35
193,128,36
199,133,37
196,139,39
193,131,37
195,141,38
196,121,36
198,142,38
199,135,37
198,142,37
199,132,38
197,140,39
193,129,37
195,124,35
193,132,36
194,126,35
194,134,35
197,135,35
199,132,37
194,137,38
195,135,39
194,122,36
193,132,37
198,139,36
196,143,38
199,137,38
198,125,38
199,136,37
193,127,36
193,128,37
194,122,37
195,129,39
196,138,35
197,128,35
194,139,36
199,131,38
199,131,37
197,142,36
193,133,36
198,124,37
194,125,38
193,133,37
198,139,39
198,129,39
196,126,39
197,144,37
199,137,37
197,136,35
195,136,39
196,144,37
196,120,37
199,138,38
198,126,36
193,127,37
194,125,35
194,135,35
196,124,35
193,126,36
194,140,37
197,126,39
195,122,38
195,120,37
195,138,35
195,128,39
199,130,37
199,130,38
197,121,37
196,140,39
197,127,35
197,122,36
193,134,36
193,134,37
197,141,39
195,123,35
194,138,38
198,140,36
199,138,37
197,144,38
197,122,38
195,120,36
195,142,36
195,143,37
196,143,36
193,126,37
198,143,38
197,137,35
195,137,39
199,139,38
198,143,37
198,140,39
198,128,39
196,139,35
193,125,36
195,142,38
194,121,36
196,121,38
199,129,37
194,124,35
194,136,35
194,124,38
198,124,38
196,120,36
199,129,38
195,127,39
196,125,39
193,135,37
194,121,37
193,135,36
198,125,36
194,140,36
197,126,35
199,139,37
196,144,38
196,123,35
198,123,37
197,143,36
193,125,37
195,139,35
197,125,39
199,140,38
197,138,35
195,138,39
196,141,39
198,141,36
194,139,38
193,124,36
195,122,35
199,128,37
197,142,39
194,141,37
198,141,39
198,127,39
197,145,37
195,121,38
199,128,38
194,123,35
194,137,35
193,136,37
195,126,39
196,145,37
196,119,37
197,121,36
193,136,36
196,140,35
199,140,37
195,119,37
197,125,35
197,120,37
198,144,38
194,123,38
198,144,37
199,135,39
197,145,38
197,121,38
199,134,39
195,119,36
195,143,36
193,124,37
196,124,39
198,124,36
194,120,36
199,136,39
199,141,38
195,144,37
196,144,36
199,133,39
198,123,38
193,129,35
195,143,38
197,139,35
193,130,35
195,139,39
196,122,35
199,127,37
193,123,36
193,128,35
193,131,35
199,137,39
194,141,36
194,120,37
196,120,38
195,140,35
199,132,39
196,119,36
197,124,39
199,127,38
198,142,39
198,126,39
196,142,39
198,122,37
198,142,36
193,137,37
193,127,35
194,140,38
199,133,36
195,125,39
199,134,36
193,132,35
197,144,36
199,141,37
195,121,35
194,122,35
194,138,35
193,137,36
199,132,36
197,143,39
196,145,38
199,138,39
199,135,36
197,124,35
199,131,39
193,131,38
193,130,38
198,132,35
198,133,35
193,123,37
199,131,36
193,126,35
193,132,38
194,142,37
196,141,35
193,129,38
199,136,36
198,131,35
193,133,35
198,134,35
199,142,38
194,122,38
195,120,38
197,140,35
195,140,39
199,126,37
193,133,38
197,120,36
197,146,37
199,139,39
198,123,36
