130,59,184
131,59,184
129,59,184
132,59,184
128,59,184
127,59,184
133,59,184
131,59,185
129,59,183
130,59,185
130,59,183
132,59,185
128,59,183
129,59,185
131,59,183
134,59,184
126,59,184
133,59,185
131,60,185
127,59,183
129,58,183
130,58,184
130,60,184
128,59,185
129,58,184
131,60,184
132,59,183
130,60,185
132,60,185
130,58,183
128,58,183
131,58,184
129,60,184
128,58,184
132,60,184
133,60,185
129,60,185
131,58,183
127,58,183
134,59,185
126,59,183
132,58,184
128,60,184
127,59,185
127,58,184
133,59,183
133,60,184
135,59,184
125,59,184
128,60,185
134,60,185
126,58,183
132,58,183
133,58,184
127,60,184
126,58,184
134,60,184
135,59,185
125,59,183
126,59,185
134,59,183
135,60,185
127,60,185
133,58,183
125,58,183
134,58,184
124,59,184
136,59,184
126,60,184
132,60,186
128,58,182
131,60,186
129,58,182
125,58,184
130,58,185
135,60,184
130,60,183
131,58,185
129,58,185
133,60,186
129,60,183
127,58,182
130,60,186
131,60,183
130,58,182
136,59,185
124,59,183
132,58,185
125,59,185
126,60,185
136,60,185
131,59,186
124,58,183
134,58,183
128,60,183
129,59,182
128,58,185
135,59,183
132,59,186
128,59,182
134,60,186
130,59,186
132,60,183
126,58,182
130,59,182
129,60,186
131,58,182
133,59,186
127,59,182
133,58,185
135,58,184
129,59,186
131,59,182
127,60,183
125,60,184
127,58,185
124,58,184
133,60,183
136,60,184
135,60,186
125,58,182
123,59,184
137,59,184
128,60,186
134,59,186
132,58,182
126,59,182
128,59,186
137,59,185
132,59,182
134,58,185
125,60,185
137,60,185
123,58,183
135,58,183
123,59,183
124,59,185
126,60,183
126,58,185
136,59,183
131,61,185
132,61,185
134,60,183
135,59,186
136,60,186
129,57,183
128,57,183
124,58,182
125,59,182
130,61,185
127,60,186
136,58,184
133,61,185
127,59,186
133,58,182
130,57,183
127,57,183
124,60,184
123,58,184
133,59,182
135,58,185
137,60,184
129,61,185
134,61,185
131,57,183
125,60,183
126,57,183
125,58,185
122,59,184
138,59,184
136,59,186
132,61,186
138,59,185
135,60,183
124,60,185
138,60,185
122,58,183
136,58,183
131,61,186
133,61,186
137,60,186
128,57,182
124,59,182
129,57,184
131,61,184
122,59,183
123,59,185
123,58,182
126,59,186
129,57,182
127,57,182
128,61,185
130,57,184
126,60,186
130,61,184
132,57,183
128,57,184
132,61,184
135,61,185
134,58,182
125,57,183
137,59,183
134,61,186
130,61,186
134,59,182
131,57,184
130,57,182
126,57,182
129,61,184
136,58,185
127,57,184
137,58,184
133,61,184
123,60,184
122,58,184
124,60,183
129,61,186
135,61,186
124,58,185
132,57,184
137,59,186
138,60,184
128,61,184
125,57,182
131,57,182
127,61,185
133,57,183
126,57,184
136,61,185
124,57,183
134,61,184
136,60,183
123,59,182
138,60,186
125,59,186
132,60,187
128,58,181
131,58,186
133,60,187
127,58,181
122,58,182
130,58,186
131,60,187
125,60,186
129,58,181
132,58,186
123,60,185
139,60,185
139,59,185
137,58,183
121,58,183
129,60,182
135,59,182
136,61,186
128,61,186
135,58,182
130,60,182
133,57,184
121,59,184
139,59,184
129,58,186
134,60,187
126,58,181
127,61,184
132,57,182
124,57,182
128,60,182
130,60,187
122,59,185
130,58,181
121,59,183
137,58,185
125,57,184
131,60,182
133,58,186
135,61,184
138,59,183
126,61,185
134,57,183
128,58,186
135,60,187
127,60,182
125,58,181
137,61,185
123,57,183
138,58,184
123,60,183
123,58,185
138,59,186
129,60,187
132,60,182
131,58,181
134,58,186
121,58,184
122,60,184
134,57,184
127,61,186
137,61,186
122,59,182
137,60,183
124,59,186
126,61,184
123,57,182
133,57,182
139,60,186
139,60,184
127,58,186
126,60,182
124,57,184
136,60,187
132,59,187
121,58,182
124,60,186
131,59,187
124,58,181
136,61,184
128,59,181
136,59,182
129,59,181
133,59,187
128,60,187
133,60,182
136,58,182
133,61,187
132,61,187
127,59,181
130,59,187
132,58,181
135,58,186
127,57,181
128,57,181
135,57,183
130,59,181
125,61,185
134,61,187
138,58,185
122,60,185
140,60,185
130,57,185
120,58,183
138,58,183
131,61,187
129,57,185
134,59,187
140,59,185
126,57,181
122,57,183
131,57,185
138,61,185
129,57,181
130,61,183
126,59,181
126,58,186
131,61,183
129,59,187
125,60,182
135,57,184
128,57,185
140,59,184
120,59,184
121,59,185
126,61,186
138,61,186
120,59,183
137,60,187
129,61,183
135,61,187
139,59,186
131,59,181
122,58,185
130,61,187
122,60,183
122,57,182
134,57,182
125,61,184
132,61,183
132,57,185
123,58,181
125,57,181
123,57,184
130,57,181
135,59,187
139,59,183
127,60,187
134,60,182
127,57,185
139,58,184
128,61,183
133,58,181
125,59,181
136,58,186
137,61,184
123,59,186
121,59,182
128,59,187
138,60,183
140,60,186
120,58,184
136,61,187
133,61,183
121,60,184
133,57,185
129,61,187
132,59,181
124,57,181
123,60,186
120,58,182
131,57,181
125,58,186
140,60,184
124,60,182
137,59,182
126,57,185
136,59,187
136,57,183
127,61,183
124,61,185
138,60,187
137,58,182
136,57,184
121,57,183
124,59,181
139,61,185
122,58,181
139,58,185
134,61,183
139,61,186
125,61,186
127,59,187
126,60,187
135,60,182
137,61,187
134,57,185
135,57,182
121,57,182
124,61,184
128,61,187
122,57,184
137,58,186
141,60,185
121,60,185
123,57,181
139,58,183
119,58,183
134,58,181
133,59,181
140,59,186
141,59,185
132,57,181
121,58,185
125,57,185
126,61,183
138,61,184
121,60,183
137,59,187
120,59,185
119,59,183
119,59,184
141,59,184
124,58,186
123,60,182
122,59,186
135,61,183
120,59,182
123,59,181
139,60,187
140,58,184
126,59,187
140,59,183
135,57,185
139,60,183
138,61,187
141,60,186
132,62,186
133,62,186
127,61,187
137,57,183
122,57,181
137,57,184
119,58,184
121,58,181
132,62,185
122,60,186
131,62,186
119,58,182
120,60,184
125,60,187
123,61,185
131,62,185
136,60,182
134,62,186
138,59,182
133,57,181
134,59,181
133,62,185
124,57,185
120,57,183
125,61,183
140,61,186
124,61,186
138,58,186
128,56,183
128,56,182
127,56,182
140,61,185
138,58,182
136,57,182
120,57,182
129,56,183
141,60,184
130,62,185
123,61,184
135,58,181
127,56,183
138,59,187
121,57,184
130,62,186
129,56,182
134,62,185
126,56,182
140,58,185
135,62,186
130,56,183
136,61,183
126,56,183
139,61,184
130,56,182
136,57,185
123,58,186
129,62,185
122,59,181
141,59,186
125,56,182
125,59,187
139,61,187
122,60,182
135,62,185
120,58,185
129,62,186
131,56,183
120,60,185
142,60,185
118,58,183
140,58,183
126,61,187
140,60,187
136,62,186
121,57,181
120,60,183
125,56,183
142,59,185
133,60,188
131,58,187
127,58,180
123,57,185
132,60,188
134,57,181
132,58,187
128,58,180
131,56,182
124,61,183
121,59,186
135,59,181
134,60,188
130,58,187
126,58,180
124,56,182
120,58,181
124,60,187
119,59,185
128,62,185
119,59,182
131,60,188
138,57,184
133,58,187
137,60,182
129,58,180
118,59,183
139,59,187
138,57,183
132,56,183
142,60,186
118,59,184
142,59,184
129,60,181
139,58,186
140,60,183
136,62,185
128,60,181
129,58,187
133,62,187
135,60,188
128,62,186
141,58,184
125,58,180
122,61,185
123,61,186
141,61,186
132,62,187
134,62,187
