174,202,201
175,203,202
173,201,200
173,202,201
175,202,201
174,203,202
174,201,200
174,202,200
174,202,202
176,203,202
172,201,200
175,203,201
175,203,203
173,201,199
173,201,201
173,202,200
173,202,202
175,202,202
176,204,203
172,200,199
174,203,201
175,202,200
174,203,203
174,201,201
175,204,203
174,201,199
173,200,199
172,201,199
176,203,203
172,201,201
176,203,201
172,202,201
176,202,201
176,204,204
176,204,202
172,200,198
172,200,200
173,203,202
177,204,203
175,201,200
171,200,199
175,204,202
175,204,204
173,200,200
173,200,198
172,202,200
173,203,201
177,203,202
171,201,200
174,204,203
171,200,198
176,202,202
172,202,202
173,203,203
174,200,199
177,204,204
175,201,201
171,200,200
177,204,202
174,201,202
174,202,199
177,205,204
171,199,198
176,202,200
176,205,204
172,199,198
175,201,199
173,202,199
171,201,199
175,202,203
175,203,200
173,200,201
173,201,198
174,204,202
174,203,200
173,201,202
177,203,203
171,201,201
174,204,204
174,202,203
174,200,200
175,201,202
177,203,201
172,201,198
176,205,203
177,205,205
177,205,203
171,199,197
171,199,199
174,200,201
176,205,205
175,202,199
172,199,199
174,200,198
172,200,201
178,205,204
178,204,203
172,199,197
170,199,198
170,200,199
174,201,198
176,202,203
175,205,204
175,204,201
173,199,198
176,203,200
176,203,204
176,204,201
172,199,200
172,200,197
175,203,204
172,202,199
173,203,200
172,203,202
170,200,198
176,201,200
170,199,197
171,202,201
177,202,201
178,205,205
178,204,204
173,199,200
170,199,199
175,205,203
170,200,200
178,205,203
171,200,197
172,201,202
173,202,203
173,200,197
178,204,202
175,205,205
172,203,201
173,199,199
171,199,200
173,204,203
171,201,198
171,202,200
175,200,199
174,204,201
177,203,204
173,199,197
172,203,203
177,206,205
176,201,202
171,198,197
178,206,205
176,201,201
170,198,197
175,200,201
178,203,202
177,202,202
171,202,202
177,204,201
170,201,200
171,200,201
173,204,202
174,203,204
176,201,199
176,205,202
176,202,199
177,202,200
173,204,204
175,201,198
179,205,204
177,202,203
177,206,204
170,201,199
175,200,200
176,204,205
177,204,205
177,205,202
171,198,199
171,199,196
169,199,198
177,206,206
171,198,198
174,199,200
178,206,204
178,206,206
170,198,196
170,198,198
178,203,203
171,198,196
172,198,199
170,201,201
176,206,205
174,205,204
172,198,197
175,200,198
177,203,200
179,206,205
172,199,196
170,200,197
174,199,198
169,198,197
178,203,201
174,200,197
169,199,197
179,205,205
175,205,202
173,202,198
170,199,196
172,203,200
174,200,202
174,202,198
179,204,203
174,205,203
169,199,199
176,206,204
170,199,200
174,203,199
171,202,199
179,205,203
170,198,199
173,200,202
169,200,199
175,204,205
176,206,206
174,205,205
178,204,205
175,201,203
175,203,199
173,199,201
173,201,197
172,198,198
172,201,197
174,201,203
169,198,196
179,206,206
178,203,204
172,202,203
174,199,199
169,198,198
173,204,201
179,206,204
178,205,202
172,198,196
171,201,202
172,199,201
169,200,198
173,198,199
179,204,204
175,200,202
174,199,197
178,204,201
172,202,198
170,201,198
173,203,199
175,204,200
169,200,200
173,203,204
174,199,201
179,204,202
175,202,198
176,200,201
171,203,202
173,199,196
177,206,203
175,202,204
177,201,202
176,201,203
176,202,204
176,204,200
172,198,200
172,200,196
174,201,197
177,201,200
178,207,206
170,197,196
175,206,205
170,200,201
177,205,206
172,200,202
173,201,203
171,200,196
170,202,201
178,202,201
171,201,197
178,205,206
178,206,203
172,204,203
170,197,198
170,198,195
179,207,206
169,197,196
171,203,201
174,204,200
176,203,199
171,197,198
173,198,197
180,206,205
169,199,196
174,205,202
175,199,200
171,198,200
176,200,199
171,198,195
173,198,200
175,206,204
176,206,203
170,202,200
171,203,203
168,198,197
178,202,203
172,204,202
176,201,198
180,205,204
178,207,205
177,202,199
169,198,199
171,199,201
177,201,201
178,207,207
170,197,197
175,206,206
174,202,204
177,207,206
174,204,205
173,200,196
178,202,202
170,202,202
176,205,206
170,197,195
171,197,196
172,204,204
179,204,205
179,207,205
179,207,207
179,203,202
169,197,197
169,197,195
168,199,198
169,200,197
173,198,198
169,198,195
180,206,206
177,202,204
176,205,201
168,198,196
169,201,200
176,200,200
175,200,197
169,197,198
173,205,204
180,206,204
177,201,199
168,198,198
179,205,206
176,200,202
176,203,205
177,207,205
180,207,206
180,205,205
178,203,200
177,204,200
172,197,198
173,198,196
175,199,201
179,205,202
178,202,200
170,200,196
172,203,199
168,199,197
169,199,200
168,197,196
169,201,199
177,207,207
179,206,203
177,203,205
177,205,201
171,197,199
171,199,195
171,202,198
175,205,201
175,199,198
171,197,197
173,205,203
174,198,199
179,203,203
168,199,199
180,205,203
171,203,200
176,200,198
169,201,201
171,197,195
172,198,195
177,201,203
179,203,204
170,199,195
173,205,205
173,204,200
172,197,199
170,198,200
176,202,198
170,202,199
180,207,207
172,204,201
174,198,200
175,201,197
168,197,195
175,203,205
175,206,203
180,207,205
172,201,203
170,197,199
168,197,197
179,203,201
172,199,195
175,199,199
171,200,202
170,201,197
171,202,203
180,204,203
174,199,196
176,207,206
177,203,199
178,207,204
175,205,206
170,201,202
179,204,201
173,202,204
172,203,204
168,200,199
178,203,205
172,197,196
174,200,196
178,206,207
175,199,197
174,206,205
168,198,195
176,207,205
169,201,198
170,196,197
180,204,204
168,199,196
178,205,201
179,206,207
179,207,204
173,205,202
170,199,201
178,202,204
169,196,197
169,197,194
168,200,198
177,207,204
174,205,201
177,206,202
173,202,197
176,207,207
181,206,205
170,197,194
168,197,198
174,206,204
174,198,197
169,199,195
177,200,201
174,203,198
180,205,206
181,207,206
173,197,199
168,200,200
179,208,207
169,196,195
177,204,206
177,206,207
172,197,197
173,197,198
178,201,202
176,206,202
174,206,206
168,198,199
173,199,202
169,200,201
180,204,202
172,201,196
174,199,202
174,202,197
173,204,205
167,198,197
180,208,207
174,200,203
167,197,196
168,196,195
169,200,196
178,204,206
178,206,202
170,196,198
170,198,194
178,204,200
176,199,200
172,202,197
180,204,205
173,203,198
172,197,195
180,206,203
174,203,205
169,197,199
181,206,206
171,196,197
175,200,203
175,203,198
173,198,201
173,201,196
174,198,198
179,208,206
178,208,207
172,198,201
168,197,194
171,196,198
176,204,206
181,207,207
170,196,195
173,199,195
170,203,202
179,208,208
169,196,196
176,199,201
167,198,196
177,200,202
175,204,199
168,196,197
169,196,194
173,198,195
179,202,203
169,198,194
167,197,195
181,206,204
171,204,203
180,206,207
171,203,199
181,207,205
178,201,200
171,198,194
181,205,204
167,198,198
171,197,194
171,201,196
180,208,206
180,208,208
177,201,198
170,203,201
167,197,197
168,196,196
168,196,194
169,198,200
174,204,199
180,207,204
172,199,202
173,200,203
178,208,206
174,198,196
175,201,204
169,196,198
176,207,204
168,200,197
180,205,202
169,202,201
178,202,199
170,202,198
179,202,201
171,204,202
172,204,200
175,198,200
174,206,203
178,208,208
177,200,199
171,200,195
175,199,202
170,203,203
170,196,196
178,201,203
175,206,202
175,198,199
176,200,197
179,203,205
169,202,200
176,201,204
176,204,199
172,197,200
172,200,195
181,208,207
167,199,198
174,198,201
171,204,204
178,201,201
170,196,194
176,206,207
179,204,206
181,205,205
172,205,204
171,198,201
175,207,206
171,197,200
167,196,195
168,199,200
174,201,204
175,202,197
171,201,203
176,200,203
