143,93,182
142,93,182
144,93,182
141,93,182
145,93,182
144,94,183
142,92,181
144,93,183
142,93,181
143,93,183
143,93,181
143,94,183
145,94,183
141,92,181
143,92,181
145,93,183
141,93,181
143,92,182
143,94,182
142,92,182
144,94,182
142,93,183
140,93,182
146,93,182
144,93,181
142,94,183
146,94,183
140,92,181
144,92,181
144,92,182
142,94,182
141,92,182
145,94,182
146,93,183
140,93,181
141,93,183
145,93,181
145,92,182
141,94,182
140,92,182
146,94,182
141,94,183
147,94,183
139,92,181
145,92,181
139,93,182
147,93,182
145,94,184
141,92,180
144,94,184
142,92,180
147,93,183
139,93,181
140,93,183
146,94,184
146,93,181
140,92,180
143,94,184
143,92,180
146,92,182
140,94,182
139,92,182
147,94,182
140,94,183
148,94,183
138,92,181
146,92,181
147,94,184
144,95,183
145,95,183
139,92,180
143,92,183
142,91,181
142,94,184
141,91,181
144,92,180
143,94,181
144,92,183
138,93,182
148,93,182
142,92,183
142,94,181
143,95,183
144,94,181
145,95,184
143,91,181
146,95,183
148,93,183
141,91,180
140,91,181
144,93,184
144,95,184
146,95,184
142,93,180
138,93,181
139,93,183
140,91,180
142,91,180
145,93,184
145,92,183
141,93,180
143,93,184
147,92,182
141,94,181
147,93,181
143,93,180
141,92,183
139,94,182
138,92,182
145,94,181
148,94,184
142,95,183
144,91,181
143,95,184
147,95,184
138,92,180
146,93,184
148,94,182
141,94,184
139,91,180
143,91,180
147,95,183
139,91,181
140,93,180
145,92,180
142,93,184
139,94,183
149,94,183
144,93,180
147,92,181
137,92,181
146,92,183
140,94,181
140,92,183
147,93,184
142,91,182
144,95,182
146,94,181
142,95,184
148,95,184
138,91,180
144,91,180
143,91,182
143,95,182
145,91,181
141,95,183
139,93,180
149,93,183
141,91,182
141,93,184
145,95,182
137,93,182
149,93,182
138,91,181
148,95,183
149,94,184
138,93,183
137,93,181
145,93,180
148,92,182
137,92,180
144,91,182
140,94,184
142,95,182
147,92,183
148,93,181
140,91,182
146,92,180
137,92,182
138,94,182
146,95,182
139,94,181
139,92,183
149,94,182
148,93,184
146,95,185
145,95,185
141,95,184
149,95,184
140,91,179
141,91,179
145,94,185
137,91,180
145,91,180
141,92,179
147,94,181
145,91,182
138,94,183
150,94,183
138,93,180
136,92,181
148,92,181
146,94,185
140,93,184
140,92,179
146,91,181
144,94,185
141,95,182
147,95,185
142,92,179
140,95,183
139,91,179
144,95,185
139,91,182
142,91,179
137,91,181
146,93,180
149,95,183
147,95,182
147,94,185
139,92,179
143,94,185
150,94,184
148,92,183
143,92,179
148,95,185
150,93,183
138,91,179
143,95,185
139,94,184
136,92,180
143,91,179
137,93,183
146,91,182
138,92,183
136,93,182
150,93,182
136,93,181
149,93,184
138,94,181
149,92,182
147,92,180
148,94,185
140,95,182
140,95,184
150,95,184
138,92,179
145,96,184
149,93,181
138,91,182
136,92,182
146,96,184
146,91,180
136,91,180
137,94,182
142,94,185
139,93,184
137,93,180
148,94,181
144,92,184
141,90,180
144,92,179
148,95,182
140,90,180
143,92,184
147,91,181
144,96,184
150,94,182
149,95,185
147,96,184
137,91,179
139,95,183
145,92,184
142,94,180
142,95,185
136,91,181
142,90,180
143,94,180
147,93,180
139,90,180
144,91,179
142,92,184
150,95,183
141,94,180
137,94,183
151,94,183
135,92,181
149,92,181
149,94,185
144,94,180
143,96,184
149,92,183
146,92,184
145,96,183
147,91,182
148,96,184
146,96,185
137,92,179
143,90,180
144,96,183
151,94,184
141,94,185
143,91,183
141,90,181
138,90,180
145,96,185
147,96,185
146,96,183
142,91,183
140,90,179
141,92,184
142,90,181
145,93,185
140,94,180
139,95,182
150,93,184
143,95,181
144,93,185
140,90,181
137,91,182
139,90,179
141,90,179
138,94,184
144,91,183
137,92,183
144,95,181
145,92,179
135,92,180
137,94,181
141,93,179
150,95,185
146,93,185
151,93,183
141,91,183
143,96,183
142,93,179
142,95,181
145,94,180
144,96,185
148,96,185
136,91,179
148,92,180
139,95,184
151,95,184
141,95,185
143,90,181
143,93,185
147,96,183
149,95,182
135,91,180
147,91,180
138,93,184
140,93,179
147,92,184
145,95,181
136,93,183
142,96,184
138,90,179
142,90,179
139,90,181
145,91,179
150,92,182
136,93,180
145,91,183
135,93,181
143,93,179
149,96,184
149,94,181
144,90,180
135,93,182
151,93,182
147,93,185
148,91,181
137,90,180
135,92,182
150,94,185
140,92,184
140,91,183
141,95,181
150,93,181
136,94,182
139,94,180
138,95,183
135,91,181
142,96,183
142,93,185
148,93,180
139,93,179
144,90,181
143,96,185
149,96,185
136,92,179
140,94,185
146,95,181
151,94,182
151,95,183
148,96,183
148,91,182
137,90,179
143,90,179
138,90,181
146,94,180
144,93,179
146,91,183
150,92,183
148,93,185
148,92,184
146,92,179
146,95,186
140,91,178
151,95,185
136,91,182
136,94,183
152,94,183
134,92,181
150,92,181
138,95,182
141,96,184
139,91,183
147,95,186
139,91,178
140,95,181
145,90,180
145,95,186
141,91,178
140,95,185
151,93,184
152,94,184
135,91,179
141,93,185
150,96,184
138,93,179
136,90,180
136,92,183
139,92,184
145,90,181
141,96,183
146,91,179
142,96,185
150,96,185
138,94,180
137,94,184
148,95,186
150,95,182
136,94,181
147,95,181
138,91,178
134,92,180
144,95,186
137,90,181
138,95,184
152,95,184
136,90,179
144,90,179
151,94,185
137,93,184
142,91,178
145,93,179
149,96,183
134,91,180
148,91,180
147,91,183
149,92,180
135,93,180
152,93,183
149,93,185
147,94,180
150,94,181
142,90,182
144,96,182
139,94,185
149,91,181
147,96,186
141,90,182
145,96,182
146,96,186
149,95,186
135,92,179
151,92,182
135,93,183
149,92,184
139,90,178
138,91,183
140,90,178
137,91,178
143,90,182
139,95,181
146,94,186
143,96,182
134,93,181
143,95,186
145,94,186
140,93,185
134,91,181
149,91,182
148,96,186
149,93,180
137,95,183
140,92,178
145,96,186
140,90,182
134,92,182
137,93,179
143,91,178
141,92,178
138,90,178
146,96,182
140,96,184
147,94,186
141,90,178
146,90,180
134,93,182
152,93,182
146,90,181
147,92,179
135,94,182
151,93,181
152,95,183
144,94,186
152,95,185
139,92,178
140,96,183
151,96,184
135,90,180
138,92,184
141,96,185
151,96,185
144,90,182
148,95,181
135,91,182
142,92,178
151,92,183
142,96,182
139,95,185
136,90,181
149,96,186
152,94,182
135,90,179
145,90,179
137,94,180
134,91,179
146,93,179
137,95,182
144,96,186
148,94,186
139,90,182
137,90,178
148,91,183
150,95,186
150,96,183
142,90,178
147,96,182
147,91,179
150,93,185
152,93,184
138,92,178
143,94,186
136,91,178
142,95,186
135,92,183
152,94,185
153,94,184
135,94,183
153,94,183
133,92,181
151,92,181
151,95,182
143,92,178
145,90,182
144,91,178
148,94,180
137,91,183
135,94,181
136,94,184
141,96,182
150,96,186
150,92,184
139,93,185
149,94,186
136,93,184
138,95,181
137,95,184
153,95,184
133,91,180
149,91,180
143,96,186
138,90,182
146,97,185
138,94,185
133,92,180
136,90,178
147,97,185
136,93,179
147,90,181
143,90,178
134,92,179
134,93,180
137,92,178
142,94,186
148,96,182
146,97,184
145,97,185
147,90,180
150,92,180
148,97,185
139,96,184
151,95,186
144,92,185
145,97,184
139,96,183
