190,65,162
190,65,161
190,65,163
190,65,160
190,65,164
190,65,159
190,65,165
191,65,163
189,65,161
191,65,162
189,65,162
191,65,164
189,65,160
191,65,161
189,65,163
191,65,165
191,66,163
189,64,161
189,65,159
190,64,162
190,66,162
190,65,158
190,65,166
190,64,161
190,66,163
191,66,162
191,66,164
189,64,160
189,64,162
190,64,163
190,66,161
191,65,160
189,65,164
190,64,160
190,66,164
191,66,161
191,66,165
189,64,159
189,64,163
190,64,164
190,66,160
191,65,166
189,65,158
190,64,159
190,66,165
191,66,160
191,66,166
189,64,158
189,64,164
191,65,159
189,65,165
190,65,157
190,65,167
190,64,165
190,66,159
191,65,167
189,65,157
190,64,158
190,66,166
191,66,159
191,66,167
189,64,157
189,64,165
191,65,158
190,64,166
189,65,166
190,66,158
190,65,156
190,65,168
192,66,164
188,64,160
191,64,163
192,66,163
191,64,162
188,64,161
189,66,161
191,65,168
189,66,162
192,66,165
188,64,159
190,64,157
189,65,156
191,64,164
191,64,161
190,66,167
189,66,160
192,66,162
188,64,162
189,66,163
191,66,158
191,66,168
189,64,156
189,64,166
192,66,166
188,64,158
192,65,164
192,65,163
191,64,165
188,65,160
188,65,161
190,64,167
191,64,160
189,66,159
191,65,157
190,66,157
192,66,161
189,66,164
192,65,165
188,64,163
192,65,162
188,65,159
189,65,167
188,65,162
192,66,167
188,64,157
192,65,166
191,64,166
192,65,161
188,65,158
190,64,156
191,65,169
191,64,159
188,65,163
190,65,155
190,65,169
189,66,158
190,66,168
189,65,155
189,66,165
192,66,160
188,64,164
191,67,163
191,66,157
191,66,169
189,64,155
189,64,167
191,67,164
189,63,161
189,63,160
191,67,162
192,65,167
189,63,162
192,66,168
190,64,168
192,65,160
191,67,165
188,64,156
188,65,157
190,66,156
189,63,159
188,65,164
191,64,167
191,65,156
191,67,161
191,64,158
189,63,163
189,65,168
189,66,157
189,66,166
192,66,159
191,67,166
188,64,165
189,63,158
190,64,155
192,65,168
192,67,164
191,67,160
192,65,159
192,67,163
192,67,165
188,63,160
189,63,164
190,66,169
188,65,156
190,63,162
190,67,162
190,63,161
190,67,163
192,66,169
188,63,159
188,63,161
188,65,165
189,65,154
188,64,155
190,65,154
191,66,156
191,66,170
190,63,163
189,64,154
189,64,168
190,67,161
190,63,160
190,67,164
192,67,162
192,67,166
191,64,168
191,67,167
189,63,157
188,63,158
188,63,162
191,64,157
189,66,156
190,63,164
190,67,160
190,66,155
190,63,159
189,66,167
192,66,158
190,67,165
191,67,159
189,63,165
191,65,155
192,67,161
192,67,167
188,64,166
192,65,169
188,63,157
188,63,163
192,65,158
188,65,155
190,63,165
188,65,166
191,67,168
192,66,170
189,63,156
190,63,158
190,67,159
190,64,154
190,67,166
188,64,154
191,64,169
192,67,160
192,67,168
192,64,163
191,64,156
193,66,165
187,64,159
188,63,156
188,63,164
193,66,164
187,64,160
192,64,164
191,67,158
189,63,166
189,65,153
191,66,155
189,64,153
192,64,162
188,66,161
193,66,166
189,66,155
187,64,158
193,66,163
188,66,160
187,64,161
192,64,165
190,65,153
192,66,157
189,66,168
190,63,166
188,66,162
192,65,170
190,63,157
188,66,159
190,67,158
188,64,167
192,64,161
192,65,157
193,66,167
190,67,167
187,64,157
193,66,162
190,66,154
187,64,162
192,64,166
189,63,155
191,67,169
188,65,154
188,66,163
192,67,159
192,67,169
191,65,154
188,65,167
188,63,155
188,63,165
188,66,158
192,64,160
188,64,153
193,66,168
189,63,167
193,66,161
187,64,156
191,67,157
192,64,167
187,64,163
190,63,167
188,66,164
190,64,153
191,64,155
190,63,156
193,67,165
193,67,164
190,67,157
187,63,159
191,63,162
193,67,166
191,63,163
187,63,160
193,65,164
188,66,157
190,67,168
193,65,165
189,66,154
187,63,158
187,65,160
191,63,161
189,67,162
187,65,159
193,67,163
193,65,163
189,67,161
192,66,156
192,64,159
191,63,164
187,63,161
191,66,154
193,65,166
189,64,152
187,65,161
189,67,163
189,65,152
192,65,156
192,67,158
192,67,170
193,66,169
193,67,167
189,63,154
191,67,170
187,65,158
193,66,160
189,67,160
187,63,157
188,63,154
188,63,166
187,64,155
191,63,160
192,64,168
193,65,162
187,64,164
188,65,153
188,66,165
193,67,162
190,65,152
191,63,165
187,65,162
193,65,167
189,67,164
187,63,162
190,66,153
187,65,157
193,67,168
189,67,159
190,63,168
188,66,156
187,63,156
191,63,159
190,63,155
191,67,156
193,65,161
191,65,153
188,64,152
192,64,158
190,67,156
191,63,166
193,67,161
187,65,163
193,66,170
193,65,168
189,67,165
190,67,169
191,64,154
187,63,163
193,66,159
187,64,154
192,64,169
187,65,156
189,67,158
188,66,166
190,64,152
187,64,165
193,67,169
192,67,157
192,67,171
189,66,153
191,63,158
188,63,153
188,63,167
187,63,155
189,63,153
193,65,160
192,66,155
192,65,155
188,66,155
191,63,167
187,65,164
193,65,169
193,67,160
189,67,166
191,66,153
189,64,151
188,65,152
192,64,157
187,63,164
192,68,164
189,65,151
192,68,165
190,63,154
187,65,155
191,68,163
191,68,164
189,67,157
192,68,163
193,66,171
193,67,170
193,66,158
190,67,155
192,68,166
191,68,162
191,67,155
188,62,160
191,68,165
189,62,161
189,62,160
191,63,157
192,64,170
188,62,159
187,64,153
193,65,159
187,63,154
190,65,151
188,62,161
192,68,162
188,66,167
190,66,152
189,62,162
187,64,166
189,62,159
188,64,151
188,62,158
191,68,161
191,63,168
192,68,167
191,68,166
193,65,170
187,65,165
191,65,152
191,64,153
188,62,162
189,67,167
193,67,159
192,67,156
189,62,163
188,63,152
189,62,158
188,66,154
192,68,161
187,63,165
188,62,157
189,63,152
187,65,154
189,67,156
192,64,156
189,66,152
191,68,160
190,64,151
192,65,154
188,62,163
192,66,154
193,67,171
191,68,167
192,68,168
189,62,164
191,63,156
193,65,158
189,62,157
187,63,153
193,66,157
190,63,153
188,62,156
188,65,151
192,68,160
187,64,152
191,63,169
190,67,154
193,65,171
191,66,152
189,64,150
193,68,165
187,65,166
189,67,168
193,67,158
191,67,154
188,62,164
193,68,164
193,68,166
191,68,159
189,65,150
191,68,168
189,62,165
192,68,169
187,63,166
193,64,164
189,62,156
190,62,161
190,68,163
187,62,159
194,66,165
193,64,165
190,62,162
193,68,163
193,68,167
190,68,162
186,64,159
194,66,166
193,64,163
186,64,158
187,62,158
187,62,160
187,65,153
188,66,153
189,67,155
190,62,160
192,67,155
190,68,164
194,66,164
188,62,155
188,64,150
186,64,160
190,62,163
194,66,167
188,63,151
190,68,161
193,64,166
186,64,157
190,66,151
187,66,160
190,65,150
193,64,162
192,64,155
192,68,159
191,64,152
191,63,155
187,62,157
187,62,161
192,63,163
194,67,166
194,67,165
187,66,159
193,65,157
186,63,158
187,66,161
186,63,159
192,63,164
190,62,159
194,66,163
193,68,162
193,68,168
192,63,162
190,68,165
189,63,151
187,63,152
186,64,161
194,67,167
194,67,164
188,62,165
191,65,151
190,62,164
186,63,157
194,66,168
186,63,160
190,68,160
193,64,167
187,66,158
192,63,165
186,64,156
191,68,158
187,66,162
189,62,166
192,63,161
193,66,156
193,64,161
188,67,161
191,68,169
187,62,156
187,62,162
192,65,153
189,66,151
189,62,155
188,67,160
194,67,168
