183,178,92
183,177,92
183,179,92
183,176,92
183,180,92
184,179,93
182,177,91
184,179,92
182,177,92
184,178,92
184,178,93
184,180,93
182,178,92
182,176,91
182,178,91
184,180,92
182,176,92
183,178,91
183,178,93
183,175,92
183,181,92
183,177,91
183,179,93
183,179,91
183,177,93
184,177,92
182,179,92
184,177,93
184,181,93
182,175,91
182,179,91
184,181,92
182,175,92
183,176,91
183,180,93
183,180,91
183,176,93
184,176,92
182,180,92
184,176,93
184,182,93
182,174,91
182,180,91
184,182,92
183,174,92
183,182,92
182,174,92
183,175,91
183,181,93
183,181,91
185,180,93
181,176,91
183,175,93
185,179,93
181,177,91
185,181,93
181,175,91
184,175,92
185,178,93
181,178,91
185,182,93
181,174,91
184,175,93
184,183,93
182,181,92
182,173,91
182,181,91
184,183,92
182,173,92
183,174,91
184,179,94
184,179,91
182,177,90
183,182,93
182,177,93
183,182,91
183,173,92
183,183,92
184,178,91
184,180,94
184,178,94
182,176,90
184,180,91
183,174,93
182,178,93
182,178,90
182,176,93
185,177,93
185,180,94
185,180,92
181,179,91
181,176,90
185,183,93
181,176,92
181,173,91
184,177,91
185,179,92
185,179,94
185,181,94
184,181,94
185,181,92
181,175,90
181,177,90
181,177,92
182,175,90
184,177,94
182,179,93
184,181,91
181,175,92
182,179,90
182,175,93
185,178,92
184,174,92
185,178,94
185,182,94
181,178,92
181,174,90
181,178,90
185,182,92
184,174,93
184,184,93
182,172,91
182,182,91
184,184,92
182,182,92
181,174,92
184,176,91
183,173,91
182,172,92
184,182,94
182,174,90
185,176,93
182,180,93
184,182,91
184,176,94
182,180,90
183,183,93
183,183,91
181,180,91
185,184,93
182,174,93
183,173,93
185,177,92
181,172,91
183,178,90
183,178,94
185,177,94
185,183,94
183,172,92
182,183,92
181,179,92
181,173,90
181,179,90
183,177,90
185,183,92
183,179,94
183,179,90
183,177,94
181,173,92
184,175,91
183,176,90
183,180,94
183,180,90
182,173,90
184,183,94
183,176,94
184,183,91
182,181,93
182,181,90
184,175,94
184,173,92
185,176,92
185,175,93
182,173,93
183,184,92
184,173,93
183,184,93
181,182,91
182,171,91
185,176,94
185,184,94
181,182,92
185,184,92
185,185,93
181,181,91
181,172,90
181,180,90
186,181,94
181,180,92
183,172,91
180,175,90
186,181,93
183,175,90
180,175,91
186,180,94
186,180,93
183,181,94
182,171,92
180,176,90
186,182,94
181,171,91
180,176,91
180,174,90
186,182,93
182,183,91
183,181,90
180,174,91
182,183,93
181,172,92
183,175,94
183,172,93
186,179,93
186,179,94
180,177,90
184,174,91
180,177,91
186,183,94
186,183,93
180,173,90
180,173,91
182,172,90
181,183,92
183,171,92
184,184,94
184,184,91
182,182,90
182,182,93
185,175,92
183,174,90
184,174,94
183,182,94
186,178,93
183,182,90
186,178,94
185,175,94
185,185,94
185,185,92
182,172,93
181,171,90
181,181,90
180,178,90
180,178,91
186,184,94
181,181,92
186,184,93
185,174,93
185,180,95
180,172,90
183,174,94
185,180,91
180,172,91
185,181,95
184,172,92
185,179,91
185,179,95
184,185,93
180,181,91
181,176,89
185,181,91
181,171,92
181,176,93
181,175,89
182,184,92
181,177,89
181,177,93
184,172,93
182,184,93
180,182,91
182,170,91
181,170,91
183,171,91
180,182,92
181,175,93
185,178,91
185,182,95
185,178,95
181,183,91
184,173,91
185,182,91
186,177,93
181,183,93
181,174,89
183,173,90
181,178,93
186,177,94
181,178,89
182,171,90
180,179,90
186,185,94
180,179,91
184,179,95
186,185,93
184,179,90
181,174,93
183,184,91
180,171,90
184,180,95
185,174,92
184,178,90
186,181,95
183,184,94
183,183,90
183,183,94
181,182,90
182,177,89
184,178,95
186,181,92
185,177,91
182,177,94
184,180,90
181,182,93
180,171,91
186,180,95
186,182,95
182,176,89
186,180,92
182,178,94
180,175,89
184,173,94
185,183,95
182,178,89
186,182,92
180,175,92
182,176,94
185,177,95
180,174,89
180,176,89
185,183,91
184,185,92
184,177,90
183,173,94
180,176,92
185,174,94
184,185,94
181,173,89
184,181,95
180,181,90
181,170,90
181,179,93
180,174,92
181,179,89
180,181,92
182,171,93
180,183,92
186,179,92
184,181,90
182,175,89
184,177,95
186,179,95
186,183,95
182,179,94
182,179,89
186,183,92
185,173,93
181,173,93
180,173,89
180,177,89
180,177,92
182,175,94
186,176,93
181,170,92
183,185,93
185,176,91
180,173,92
186,176,94
184,176,90
179,181,91
184,182,95
186,186,94
186,178,92
180,180,90
186,186,93
180,180,91
182,174,89
183,172,90
185,184,95
184,182,90
186,178,95
186,184,95
182,180,94
184,176,95
180,170,90
185,184,91
181,172,89
185,176,95
184,172,91
182,180,89
186,184,92
181,184,92
181,180,89
181,180,93
180,172,89
180,178,89
181,184,93
180,178,92
179,182,91
180,170,91
182,183,90
179,182,92
182,174,94
182,183,94
182,170,90
180,183,91
185,173,92
182,184,91
180,172,92
187,182,94
179,174,90
180,183,93
180,182,90
181,172,93
184,175,90
182,184,94
187,181,94
179,175,90
187,183,94
180,182,93
183,172,94
179,173,90
186,177,92
182,173,89
184,172,94
185,175,91
184,183,95
183,185,92
185,173,94
183,185,94
184,183,90
181,169,90
179,181,90
186,177,95
186,185,95
182,181,94
186,175,93
187,180,94
182,181,89
179,176,90
186,185,92
184,175,95
179,181,92
187,184,94
180,179,89
180,171,89
180,179,92
186,175,94
185,185,95
179,172,90
185,185,91
181,171,89
185,175,95
185,186,94
185,186,93
182,173,94
181,181,89
179,180,90
179,180,91
181,181,93
183,178,89
183,178,95
180,171,92
183,177,89
183,179,95
180,169,90
179,183,92
183,171,90
187,179,94
183,179,89
183,177,95
184,174,90
187,182,95
182,185,93
179,177,90
187,182,93
179,174,89
187,181,95
187,185,94
180,169,91
187,181,93
186,176,92
187,183,95
178,181,91
179,174,91
183,176,89
187,183,93
179,175,89
181,171,93
179,171,90
179,173,89
182,172,89
179,175,91
183,180,95
181,183,90
179,173,91
184,184,95
183,180,89
184,184,90
183,176,95
187,180,93
181,183,94
185,174,91
187,180,95
186,176,95
186,186,95
182,182,89
187,184,95
186,186,92
182,182,94
179,176,89
187,184,93
179,176,91
180,170,89
180,180,89
179,172,89
184,174,95
180,184,92
180,180,92
181,184,91
183,175,89
180,184,93
178,182,91
187,178,94
179,172,91
179,182,90
178,182,92
183,181,95
181,184,94
186,174,93
184,185,91
181,170,89
179,183,91
184,185,95
179,178,90
182,172,94
183,181,89
187,186,94
187,179,93
179,182,93
182,185,92
187,179,95
180,181,89
185,174,95
186,174,94
179,183,93
180,170,92
187,185,95
183,175,95
182,185,94
179,170,90
179,177,89
178,181,90
180,181,93
187,185,93
179,177,91
184,173,90
184,186,93
179,171,89
184,186,94
178,181,92
186,175,92
178,180,90
178,180,91
179,171,91
183,174,89
182,171,89
186,181,96
183,184,90
186,181,91
181,170,93
186,182,96
183,184,95
183,182,95
187,178,93
186,180,96
186,180,91
187,177,94
183,182,89
186,175,95
185,186,95
181,182,89
185,180,96
185,186,92
186,182,91
187,178,95
185,180,90
185,173,91
185,181,96
181,182,94
185,179,90
185,179,96
180,169,89
179,180,89
187,186,95
187,186,93
187,187,94
179,179,90
179,178,89
186,179,91
185,181,90
180,175,88
184,173,95
