201,171,179
202,172,180
200,170,178
201,170,178
201,172,180
201,171,178
201,171,180
202,171,179
200,171,179
201,170,179
201,172,179
202,172,179
202,172,181
200,170,177
200,170,179
202,171,180
202,173,181
200,169,177
200,171,178
203,173,181
199,169,177
200,169,178
202,173,180
201,170,177
203,172,180
199,170,178
201,172,181
202,171,178
200,171,180
203,172,181
199,170,177
203,173,180
203,173,182
199,169,176
199,169,178
200,169,176
202,173,182
203,174,182
201,169,178
202,170,179
199,168,176
201,169,177
201,173,180
202,170,178
200,172,179
201,173,181
200,172,180
201,170,180
199,168,177
203,172,179
202,171,181
203,174,181
201,171,177
201,171,181
201,172,178
199,170,179
200,171,177
200,169,179
202,174,181
200,168,177
203,171,180
200,168,176
202,174,182
202,172,178
202,172,182
200,170,176
200,170,180
203,171,179
199,171,178
204,174,182
198,168,176
199,171,179
202,173,179
204,173,181
198,169,177
199,168,175
203,174,183
201,169,179
202,170,180
203,172,182
204,173,182
201,169,176
202,170,177
198,169,176
199,170,176
201,170,176
204,174,181
204,174,183
198,168,175
198,168,177
201,173,179
200,172,178
202,171,177
201,173,182
200,172,181
203,173,179
203,173,183
199,169,175
199,169,179
200,168,178
203,171,181
199,168,178
204,175,183
204,173,180
198,167,175
201,172,182
200,168,175
203,171,178
200,169,175
203,175,182
198,169,178
203,175,183
199,167,176
203,174,180
204,172,181
199,167,175
200,171,181
204,172,180
202,174,180
204,175,182
198,167,176
198,170,177
198,170,178
199,171,177
202,174,183
202,169,178
202,173,183
199,171,180
200,173,180
203,172,178
201,168,177
201,174,181
202,169,177
204,173,183
198,167,174
201,168,176
203,170,179
201,170,181
204,175,184
200,173,181
199,170,180
198,169,175
201,174,182
199,172,179
202,171,182
202,169,179
205,174,182
197,168,176
199,168,174
199,167,177
205,175,183
204,172,182
203,170,178
197,167,175
199,167,174
201,168,178
202,175,182
204,172,179
201,169,180
200,167,176
200,169,180
202,170,181
205,174,183
203,175,181
204,174,180
204,174,184
198,168,174
198,168,178
197,168,175
199,172,180
201,172,177
203,174,184
203,175,184
201,169,175
202,170,176
200,173,179
203,170,180
198,170,176
201,174,180
201,171,176
201,171,182
198,167,177
200,167,175
200,171,176
202,175,183
198,170,179
205,175,182
205,175,184
197,167,174
197,167,176
204,175,181
203,172,183
204,176,183
204,176,184
202,172,177
202,172,183
200,170,175
200,170,181
204,173,179
202,173,178
200,168,179
204,171,180
205,174,181
203,171,182
198,166,175
202,169,176
205,173,182
198,166,174
200,167,177
205,173,181
199,172,178
197,168,177
197,169,176
200,168,174
201,168,175
203,171,177
198,171,178
197,169,177
205,176,184
204,171,179
202,175,181
197,166,174
201,173,178
198,169,179
200,172,177
199,168,179
199,170,175
203,170,177
205,176,183
201,173,183
203,176,183
197,166,175
200,172,182
198,171,179
204,171,181
201,170,175
205,174,184
199,166,175
202,169,180
198,167,173
203,173,178
203,173,184
199,169,174
199,169,180
202,171,176
200,173,182
202,174,179
200,167,174
201,168,179
201,174,183
203,174,179
197,168,174
198,166,176
203,176,184
199,171,176
205,173,183
199,166,174
198,166,173
202,174,184
205,173,180
200,169,174
197,166,173
204,175,185
204,176,182
198,171,177
205,176,185
199,167,178
204,172,183
204,173,184
199,171,181
203,170,181
204,176,185
199,167,173
199,172,181
204,172,178
199,166,176
197,169,175
201,172,183
204,171,178
205,175,181
205,175,185
197,167,173
197,167,177
202,168,177
197,169,178
203,176,182
202,175,184
203,172,177
205,172,181
200,171,182
200,174,181
200,167,178
206,175,183
196,167,175
198,169,174
203,169,178
201,175,182
197,170,177
206,176,184
205,174,180
197,166,176
196,166,174
202,168,178
205,172,180
202,173,184
206,175,184
200,173,178
196,167,174
203,175,180
205,176,182
202,168,176
201,174,179
199,173,180
198,167,178
199,168,173
205,177,184
202,169,175
203,169,179
198,170,175
205,177,185
203,175,185
204,171,182
199,166,173
197,170,178
197,168,178
205,172,182
204,174,185
204,174,179
198,168,173
198,168,179
203,169,177
200,174,180
201,168,174
201,169,181
202,170,182
204,177,184
197,165,174
199,170,181
198,170,180
206,174,183
197,165,173
201,170,182
198,171,180
206,176,183
206,176,185
206,174,182
196,166,173
196,166,175
199,172,177
201,175,181
206,175,182
200,174,182
196,168,175
196,168,176
204,175,180
202,171,183
202,176,183
201,169,174
202,170,175
203,170,176
196,167,176
204,170,179
198,165,174
201,175,183
202,175,180
199,173,179
204,177,185
203,176,185
197,170,176
200,169,181
204,173,178
199,173,181
203,174,185
198,166,177
200,168,180
203,171,183
198,165,173
205,173,184
206,177,185
199,166,177
197,166,172
198,172,179
204,170,180
200,167,173
198,166,172
205,174,185
196,165,173
205,172,179
205,173,179
202,168,179
204,170,178
200,168,173
203,171,176
206,175,185
202,176,182
206,177,184
202,169,181
203,172,184
205,176,186
197,165,175
198,165,175
204,177,183
196,165,174
206,174,184
202,168,175
205,177,183
197,165,172
203,169,180
201,168,180
202,176,184
201,172,176
206,174,181
196,167,173
198,171,176
205,177,186
201,171,175
201,171,183
200,171,175
204,171,177
198,172,178
203,169,176
197,168,173
204,176,181
198,169,180
203,170,182
198,167,172
196,168,174
206,173,182
205,172,183
199,168,180
198,172,180
202,173,177
196,168,177
206,177,186
202,172,176
202,172,184
200,170,174
200,170,182
204,176,186
203,176,181
203,177,184
196,165,172
197,169,174
200,173,183
196,169,176
197,170,179
206,173,181
199,167,179
206,176,182
206,176,186
201,174,184
205,171,180
204,172,184
196,166,172
196,166,176
197,169,179
198,165,172
200,167,179
201,173,177
200,172,176
197,166,177
204,170,181
205,175,180
205,175,186
197,167,172
197,167,178
199,167,172
199,170,174
206,175,181
204,172,177
199,166,172
200,174,179
206,173,183
196,169,177
204,175,186
201,173,184
205,171,181
200,172,183
204,170,177
199,172,182
197,171,178
203,177,183
204,177,186
204,173,185
205,171,179
201,175,180
196,165,175
201,170,174
205,176,181
202,174,178
205,178,185
206,177,183
196,167,177
207,176,184
204,171,183
195,166,174
203,177,185
202,175,185
203,173,177
203,173,185
199,169,173
199,169,181
205,174,179
202,171,175
199,171,175
199,173,178
200,174,183
203,174,178
198,165,176
207,176,185
206,178,185
202,174,185
201,175,184
196,169,175
195,166,173
206,178,186
207,177,185
200,169,173
195,165,173
199,171,182
205,178,186
197,170,175
197,171,177
197,164,173
202,169,174
199,173,182
205,172,178
197,165,176
202,168,180
206,174,185
196,164,173
206,173,180
207,175,184
196,164,172
207,175,183
202,176,181
201,168,173
197,171,179
195,167,174
197,165,171
198,167,179
206,174,180
197,164,172
195,167,175
199,166,178
203,172,176
207,176,183
203,169,181
206,175,186
197,168,179
207,177,184
207,177,186
198,171,181
202,168,174
195,165,172
195,165,174
198,169,173
195,166,175
203,170,175
204,177,182
200,175,182
200,173,177
205,178,184
205,171,182
196,165,171
202,176,185
201,174,178
198,172,177
204,178,185
203,175,179
197,164,174
198,166,178
205,173,185
203,169,175
197,166,171
205,177,182
200,175,181
201,176,183
205,171,178
203,176,186
199,174,181
198,170,174
206,177,187
201,172,184
206,173,184
198,166,171
199,168,172
205,173,178
200,167,172
203,175,186
196,167,172
205,177,187
206,172,181
200,171,183
198,172,181
199,172,176
204,174,186
204,174,178
198,168,172
198,168,180
