193,163,39
193,162,39
193,164,39
193,161,39
193,165,39
193,160,39
193,166,39
194,164,39
192,162,39
194,163,39
192,163,39
194,165,39
192,161,39
193,159,39
193,167,39
194,162,39
192,164,39
194,166,39
192,160,39
194,161,39
192,165,39
193,163,38
193,163,40
193,162,38
193,164,40
194,167,39
193,164,38
193,162,40
192,159,39
193,158,39
193,168,39
193,161,38
193,165,40
194,164,40
193,165,38
193,161,40
192,162,38
194,160,39
194,163,40
194,165,40
192,166,39
192,161,38
192,163,38
193,160,38
193,166,40
194,168,39
194,162,40
194,166,40
192,160,38
192,164,38
192,158,39
193,166,38
193,160,40
193,157,39
193,169,39
194,161,40
194,167,40
194,159,39
192,159,38
192,165,38
193,159,38
192,167,39
193,167,40
193,167,38
194,169,39
193,159,40
192,157,39
194,160,40
194,168,40
192,158,38
192,166,38
193,158,38
194,164,38
194,163,38
193,168,40
192,162,40
192,163,40
194,158,39
194,165,38
192,168,39
194,162,38
192,161,40
193,156,39
193,170,39
192,164,40
193,168,38
193,158,40
194,166,38
194,170,39
192,160,40
194,161,38
194,159,40
194,169,40
192,157,38
192,167,38
192,156,39
192,165,40
193,157,38
195,165,39
191,161,39
195,164,39
191,162,39
193,169,40
194,167,38
195,166,39
191,160,39
192,159,40
194,160,38
195,163,39
191,163,39
194,157,39
192,166,40
195,165,40
193,169,38
191,161,38
192,169,39
195,164,40
191,162,38
195,167,39
193,157,40
195,166,40
191,159,39
191,160,38
195,162,39
191,164,39
194,158,40
194,170,40
195,163,40
192,156,38
192,168,38
193,155,39
193,171,39
191,163,38
194,168,38
194,171,39
195,167,40
191,159,38
192,158,40
192,155,39
194,159,38
195,168,39
191,158,39
195,162,40
192,167,40
193,156,38
191,164,38
195,161,39
191,165,39
193,170,40
195,168,40
191,158,38
193,170,38
194,156,39
194,169,38
195,161,40
195,169,39
193,156,40
191,165,38
192,170,39
191,157,39
192,157,40
194,157,40
194,171,40
194,158,38
192,155,38
192,169,38
195,160,39
195,169,40
191,166,39
191,157,38
192,168,40
194,172,39
193,154,39
193,172,39
192,154,39
193,155,38
195,160,40
191,166,38
195,170,39
193,171,40
194,170,38
191,156,39
194,164,41
195,159,39
194,165,41
195,170,40
194,163,41
192,162,37
191,156,38
194,157,38
192,156,40
192,161,37
191,167,39
193,171,38
192,163,37
194,166,41
194,155,39
193,155,40
192,160,37
194,162,41
192,169,40
194,156,40
194,172,40
193,163,37
193,163,41
192,154,38
192,170,38
193,162,37
193,164,41
192,171,39
192,164,37
193,164,37
193,162,41
195,159,40
193,161,37
193,165,41
194,167,41
191,167,38
192,159,37
195,171,39
194,161,41
195,164,38
195,165,38
193,165,37
194,173,39
193,161,41
192,165,37
191,155,39
193,160,37
195,171,40
193,166,41
195,163,38
195,158,39
191,162,40
191,161,40
194,171,38
195,166,38
193,154,38
191,155,38
192,153,39
193,153,39
191,163,40
194,168,41
191,168,39
191,160,40
193,172,40
192,158,37
194,156,38
195,162,38
192,155,40
193,166,37
195,167,38
193,160,41
194,160,41
193,159,37
191,164,40
193,167,41
192,166,37
191,159,40
192,170,40
195,158,40
193,172,38
191,168,38
195,161,38
194,155,40
194,173,40
193,154,40
192,153,38
192,171,38
194,154,39
195,168,38
195,172,39
195,165,41
194,169,41
193,167,37
195,164,41
195,166,41
192,157,37
191,165,40
193,159,41
195,172,40
191,158,40
191,161,37
191,154,39
193,158,37
195,157,39
191,160,37
191,162,37
191,154,38
193,168,41
195,163,41
195,167,41
194,159,41
194,172,38
192,167,37
195,160,38
191,169,39
191,159,37
191,163,37
195,169,38
193,153,38
194,155,38
195,162,41
195,168,41
192,154,40
191,166,40
192,152,39
193,168,37
191,157,40
194,170,41
195,157,40
193,152,39
191,158,37
191,164,37
192,156,37
193,158,41
196,166,40
196,165,40
190,160,38
190,161,38
193,157,37
191,169,38
192,171,40
194,163,37
194,164,37
196,167,40
190,159,38
193,169,41
196,164,40
190,162,38
195,173,39
195,159,38
194,162,37
194,158,41
194,165,37
192,163,41
195,161,41
195,169,41
192,162,41
192,168,37
196,165,39
196,166,39
195,173,40
195,170,38
190,161,39
196,168,40
190,160,39
192,164,41
194,154,40
190,158,38
192,152,38
192,161,41
191,157,37
191,165,37
193,153,40
196,163,40
196,164,39
195,156,39
191,153,39
194,161,37
196,167,39
190,163,38
191,153,38
190,162,39
191,167,40
194,153,39
190,159,39
194,166,37
191,156,40
193,169,37
192,165,41
194,173,38
196,163,39
192,160,41
191,170,39
196,168,39
196,169,40
190,163,39
194,171,41
193,157,41
190,157,38
192,155,37
190,158,39
193,156,37
196,162,40
194,160,37
195,160,41
195,170,41
190,164,38
194,167,37
194,154,38
195,158,38
193,170,41
195,156,40
192,153,40
191,156,37
191,166,37
196,162,39
192,166,41
193,152,38
195,171,38
196,169,39
192,159,41
194,157,41
190,164,39
192,169,37
191,170,38
190,157,39
196,170,40
192,151,39
191,168,40
190,156,38
194,159,37
195,174,39
196,161,40
194,168,37
190,165,38
191,155,40
195,174,40
193,151,39
193,170,37
196,161,39
195,159,41
195,171,41
192,167,41
195,155,39
191,152,38
196,170,39
191,152,39
190,165,39
192,158,41
193,156,41
191,155,37
191,167,37
193,155,37
192,154,37
194,172,41
194,153,40
190,156,39
192,151,38
195,157,38
193,152,40
196,171,40
193,171,41
194,158,37
194,152,39
190,155,38
195,172,38
196,160,40
194,169,37
190,166,38
192,170,37
194,156,41
196,160,39
195,155,40
194,153,38
191,169,40
192,168,41
196,171,39
190,166,39
192,152,40
192,157,41
191,154,40
195,158,41
195,172,41
190,155,39
193,171,37
193,151,38
191,154,37
191,168,37
196,166,41
196,172,40
196,165,41
194,157,37
196,167,41
190,154,38
193,155,41
193,154,37
190,160,37
196,159,40
192,153,37
196,164,41
192,150,39
190,161,37
194,170,37
195,156,38
194,173,41
190,159,37
195,154,39
196,159,39
196,168,41
191,151,38
190,167,38
191,151,39
190,162,37
195,173,38
193,172,41
196,172,39
192,169,41
190,158,37
193,150,39
196,163,41
190,167,39
192,156,41
196,169,41
192,171,37
194,152,40
192,150,38
190,154,39
190,163,37
194,155,41
191,170,40
193,151,40
195,157,41
195,173,41
190,157,37
196,173,40
191,153,40
196,165,38
196,162,41
195,154,40
194,151,39
194,156,37
196,166,38
191,153,37
191,169,37
196,164,38
194,152,38
193,172,37
190,153,38
196,158,40
194,171,37
196,167,38
196,170,41
190,164,37
190,161,40
196,158,39
192,151,40
190,160,40
196,163,38
190,162,40
190,168,38
196,173,39
193,153,37
190,156,37
195,155,38
193,154,41
195,164,37
190,159,40
192,170,41
196,168,38
195,165,37
192,152,37
195,163,37
190,168,39
196,161,41
190,163,40
193,150,38
195,174,38
192,155,41
195,166,37
196,162,38
190,153,39
195,162,37
190,158,40
190,165,37
195,153,39
191,150,38
191,162,41
196,171,41
191,161,41
196,169,38
191,163,41
191,150,39
195,167,37
190,164,40
196,174,40
192,149,39
195,156,41
195,174,41
194,164,42
194,165,42
191,160,41
194,155,37
190,155,37
194,154,41
195,161,37
196,161,38
194,163,42
191,164,41
191,152,37
191,170,37
194,166,42
196,157,40
194,172,37
190,152,38
191,152,40
190,157,40
196,157,39
192,162,36
