142,83,173
143,83,173
141,83,173
144,83,173
140,83,173
143,83,174
141,83,172
143,84,174
142,83,174
141,82,172
142,83,172
144,84,174
142,84,174
142,82,172
140,82,172
144,83,174
140,83,172
145,83,173
139,83,173
141,83,174
143,83,172
142,82,173
142,84,173
141,82,173
143,84,173
145,84,174
141,84,174
143,82,172
139,82,172
143,82,173
141,84,173
145,83,174
139,83,172
140,82,173
144,84,173
140,83,174
144,83,172
144,82,173
140,84,173
146,83,173
138,83,173
140,84,174
146,84,174
144,82,172
138,82,172
139,82,173
145,84,173
146,83,174
144,84,175
140,82,171
138,83,172
143,84,175
141,82,171
145,84,175
139,83,174
139,82,171
145,83,172
142,84,175
145,82,173
142,82,171
139,84,173
138,82,173
147,84,174
139,84,174
145,82,172
137,82,172
146,84,175
146,84,173
138,82,171
141,84,175
147,83,173
137,83,173
147,83,174
143,82,171
142,82,174
143,82,174
137,83,172
142,84,172
141,84,172
143,83,175
143,85,174
144,83,175
144,85,174
141,82,174
141,83,171
141,81,172
140,83,171
140,81,172
143,84,172
138,83,174
146,82,173
144,85,175
144,82,174
142,83,175
142,85,174
140,81,171
147,84,175
146,83,172
142,83,171
142,81,172
138,84,173
140,84,172
145,85,175
143,85,175
137,82,171
145,83,175
145,85,174
141,81,171
139,81,171
139,81,172
139,83,171
140,82,174
137,82,173
140,84,175
144,82,171
144,84,172
141,83,175
147,84,173
148,84,174
138,84,174
146,82,172
136,82,172
146,85,175
142,85,175
141,85,174
145,82,174
143,81,172
143,83,171
142,81,171
138,81,171
146,83,175
139,84,172
146,85,174
138,81,172
148,83,174
138,83,171
136,83,172
148,83,173
136,83,173
139,82,174
148,84,175
140,83,175
141,85,175
147,85,175
136,82,171
145,84,172
147,82,173
137,81,171
143,81,171
137,83,174
140,85,174
144,81,172
144,83,171
146,82,174
137,84,173
141,81,173
143,85,173
139,84,175
142,81,173
147,83,172
142,85,173
147,83,175
145,82,171
138,84,172
137,81,172
147,85,174
140,81,173
144,85,173
136,82,173
137,83,171
143,81,173
141,85,173
144,84,176
140,82,170
148,84,173
145,84,176
139,82,170
149,84,174
137,84,174
147,82,172
135,82,172
138,82,174
145,85,176
139,81,170
144,85,176
143,84,176
140,81,170
139,81,173
141,82,170
148,85,175
140,85,175
139,83,175
145,85,173
144,81,171
136,81,171
146,84,176
146,85,176
138,82,170
138,81,170
146,84,172
145,81,172
144,81,173
149,84,175
143,85,176
139,85,174
149,83,174
141,81,170
140,85,173
145,83,171
147,82,174
135,82,171
142,84,176
148,83,175
142,82,170
135,83,172
136,81,172
147,85,176
148,85,174
149,83,173
135,83,173
137,84,172
147,84,176
148,82,173
137,81,170
138,84,175
138,81,173
137,82,170
136,83,174
136,83,171
142,85,176
146,85,173
146,82,171
142,81,170
136,84,173
145,81,173
148,83,172
137,82,174
141,84,176
135,82,173
139,85,173
149,85,175
139,85,175
138,83,175
145,81,171
135,81,171
143,82,170
148,85,176
143,82,175
136,81,170
149,84,173
148,84,176
146,81,172
142,82,175
144,82,175
147,84,172
138,85,174
150,84,174
136,84,174
148,82,172
134,82,172
141,84,171
141,85,176
136,82,170
148,82,174
146,83,171
137,81,173
143,81,170
142,84,171
150,84,175
140,84,171
149,83,175
144,86,175
145,86,175
141,82,175
145,82,175
147,85,173
135,81,172
134,82,171
143,86,175
149,85,174
150,83,174
140,80,171
144,83,176
139,80,171
136,84,172
140,84,176
146,81,173
143,84,171
146,86,175
139,84,171
143,83,176
145,83,176
135,83,171
141,80,171
140,83,170
137,84,175
144,82,170
149,85,176
134,83,172
138,85,173
138,80,171
141,83,170
139,83,170
149,82,173
140,82,175
135,81,170
146,82,175
142,86,175
149,84,176
147,82,171
145,86,176
142,83,176
136,82,174
142,81,174
146,83,176
150,83,173
134,83,173
135,83,174
150,85,175
138,85,175
146,86,176
144,86,176
140,85,176
141,81,174
143,81,174
134,81,171
146,81,171
147,86,175
137,83,175
142,80,171
135,84,173
139,80,170
142,85,172
135,82,170
142,83,170
144,84,171
138,83,170
144,81,170
144,86,174
140,80,170
138,80,170
136,81,173
138,84,171
143,85,172
143,86,174
141,85,172
137,80,171
147,81,172
149,83,172
134,82,173
140,80,172
147,86,176
143,86,176
140,81,174
145,86,174
141,80,172
144,81,174
148,84,172
137,85,174
141,83,176
149,82,174
148,85,173
147,83,176
142,86,174
139,80,172
147,83,171
141,80,170
137,80,170
141,86,175
139,84,176
139,82,175
144,85,172
140,85,172
150,83,175
150,84,173
147,82,175
142,80,172
147,81,173
143,80,171
134,81,172
143,83,170
151,84,175
151,84,174
135,84,174
137,83,170
149,82,172
133,82,172
146,86,174
148,86,175
150,85,176
145,82,170
145,85,177
139,81,169
139,81,174
150,85,174
138,80,172
146,85,177
142,86,176
148,86,176
138,81,169
145,81,174
136,80,171
134,81,170
137,85,173
135,84,172
145,84,171
133,82,171
150,84,176
141,86,174
144,85,177
140,81,169
137,84,171
134,83,171
136,80,170
142,80,170
143,80,172
145,85,172
147,85,177
140,83,176
139,85,176
137,81,169
151,83,174
139,85,172
148,83,176
136,84,175
134,82,170
145,81,170
135,82,174
140,86,175
143,85,177
135,81,173
147,86,174
151,85,175
137,85,175
141,81,169
137,80,172
138,82,175
147,81,171
133,81,171
150,82,173
136,83,175
148,82,171
144,80,171
133,83,172
144,83,170
148,82,175
138,81,174
136,83,170
148,85,177
146,81,174
149,86,176
141,86,176
136,81,169
145,84,177
149,86,175
140,86,174
134,83,174
148,81,172
144,80,172
138,84,176
139,82,169
144,84,177
146,84,177
149,85,173
135,80,171
143,80,170
135,80,170
134,84,173
151,83,173
133,83,173
140,82,169
138,82,169
148,81,173
136,85,174
146,85,172
149,84,172
150,82,174
142,85,177
138,85,172
146,84,171
151,85,176
146,86,177
139,83,176
133,82,173
148,83,171
145,86,177
143,84,177
151,83,175
142,81,169
136,84,171
150,83,172
147,84,177
149,83,176
138,80,169
146,82,170
139,80,169
147,86,177
141,82,169
133,81,172
133,81,170
137,82,169
149,85,177
136,80,172
151,84,176
148,86,174
144,86,177
137,80,169
136,85,173
135,81,169
152,84,175
151,84,173
140,80,169
138,85,176
151,85,174
139,86,175
137,81,174
145,80,171
147,81,174
145,83,170
141,80,173
143,86,173
137,82,175
142,84,177
134,84,172
148,86,177
152,84,174
134,84,174
145,80,172
150,82,172
132,82,172
148,84,177
150,86,176
140,86,176
135,83,170
140,80,173
149,82,175
139,86,174
144,86,173
142,80,173
146,81,170
142,86,173
133,83,171
133,82,170
132,82,171
136,80,169
143,86,177
141,85,177
142,82,169
144,80,170
134,80,170
134,81,173
136,82,169
150,86,175
134,80,171
141,80,169
135,84,175
143,81,169
139,80,173
147,85,172
143,80,173
134,82,174
145,86,173
152,83,174
141,86,173
137,85,172
152,85,175
136,85,175
148,81,171
132,81,171
135,83,175
150,85,177
138,83,176
137,84,176
149,86,177
150,83,176
135,80,172
147,84,171
141,84,177
149,82,171
134,81,169
149,84,177
150,85,173
135,80,169
151,82,173
149,86,174
135,84,171
149,81,172
149,81,173
142,86,177
138,80,173
132,83,172
152,85,176
144,80,173
144,82,176
143,82,176
136,81,174
146,86,173
143,82,169
142,80,169
140,86,173
