203,172,50
203,173,50
203,171,50
203,174,50
203,170,50
203,175,50
203,169,50
204,173,50
202,171,50
204,172,50
202,172,50
204,174,50
202,170,50
203,176,50
203,168,50
204,171,50
202,173,50
204,175,50
202,169,50
203,172,49
203,172,51
203,171,49
203,173,51
203,173,49
204,170,50
203,171,51
202,174,50
203,170,49
203,174,51
204,176,50
204,173,51
202,168,50
202,171,49
203,177,50
203,167,50
203,174,49
203,170,51
204,174,51
204,172,51
202,172,49
202,170,49
203,169,49
203,175,51
204,169,50
204,175,51
204,171,51
202,173,49
202,169,49
202,175,50
203,175,49
203,169,51
204,177,50
202,167,50
204,176,51
204,170,51
202,174,49
202,168,49
203,168,49
203,176,51
203,178,50
203,166,50
204,168,50
202,176,50
203,176,49
203,168,51
204,177,51
204,169,51
202,175,49
202,167,49
204,178,50
202,166,50
203,167,49
203,177,51
204,173,49
204,172,49
202,171,51
202,172,51
204,174,49
204,171,49
202,170,51
203,177,49
204,167,50
202,173,51
203,167,51
202,177,50
203,179,50
203,165,50
204,178,51
204,168,51
202,176,49
202,166,49
204,175,49
204,170,49
202,169,51
202,174,51
204,179,50
202,165,50
203,166,49
203,178,51
204,176,49
205,174,50
202,168,51
204,169,49
205,174,51
205,173,50
201,170,50
201,170,49
201,171,50
205,173,51
201,171,49
202,175,51
203,178,49
205,175,51
205,175,50
201,169,49
201,169,50
205,172,50
203,166,51
201,172,50
204,166,50
205,172,51
204,179,51
204,167,51
201,172,49
202,177,49
202,165,49
202,178,50
205,176,51
201,168,49
205,176,50
201,168,50
205,171,50
204,177,49
201,173,50
203,180,50
203,164,50
205,171,51
202,167,51
204,168,49
201,173,49
204,180,50
203,165,49
202,176,51
202,164,50
205,177,51
203,179,51
201,167,49
205,177,50
201,167,50
205,170,50
201,174,50
205,170,51
203,179,49
201,174,49
204,178,49
203,165,51
204,180,51
204,166,51
202,178,49
202,164,49
204,165,50
205,178,51
204,167,49
202,166,51
201,166,49
204,173,52
205,178,50
202,179,50
204,174,52
202,171,48
204,172,52
201,166,50
202,170,48
202,177,51
205,169,50
202,172,48
204,175,52
201,175,50
202,169,48
205,169,51
204,171,52
203,164,49
201,175,49
204,181,50
203,181,50
203,163,50
202,173,48
203,172,48
203,172,52
203,180,51
203,171,48
203,173,52
202,163,50
204,176,52
205,179,51
203,173,48
203,171,52
202,168,48
203,170,48
204,179,49
203,174,52
201,165,49
205,179,50
204,170,52
202,174,48
204,166,49
203,180,49
201,165,50
202,165,51
205,168,50
203,174,48
203,170,52
203,169,48
204,181,51
204,165,51
203,164,51
202,179,49
202,163,49
203,175,52
201,176,50
202,178,51
204,177,52
205,168,51
204,164,50
202,167,48
201,176,49
202,180,50
203,175,48
204,169,52
203,169,52
202,175,48
203,168,48
205,180,51
203,176,52
201,164,49
205,173,49
205,180,50
203,163,49
205,174,49
205,174,52
204,182,50
204,180,49
205,172,49
205,175,52
205,173,52
201,171,51
204,178,52
201,170,51
203,181,51
205,175,49
201,164,50
205,167,50
202,166,48
201,170,48
203,182,50
203,162,50
202,162,50
201,171,48
201,169,48
201,172,51
204,165,49
203,176,48
201,169,51
202,164,51
205,176,52
205,172,52
201,177,50
203,168,52
205,171,49
203,167,48
205,167,51
204,168,52
205,176,49
202,176,48
201,172,48
201,168,48
203,177,52
201,177,49
203,181,49
202,179,51
201,173,51
201,168,51
204,182,51
204,164,51
202,180,49
202,162,49
203,163,51
205,177,52
205,171,52
205,170,49
205,181,51
201,173,48
201,167,48
204,163,50
205,177,49
204,179,52
202,165,48
201,163,49
205,181,50
203,177,48
201,174,51
202,181,50
203,167,52
201,167,51
203,166,48
205,166,50
201,163,50
204,181,49
205,178,52
205,170,52
203,178,52
204,167,52
202,177,48
205,169,49
203,162,49
201,174,48
201,166,48
204,172,48
204,173,48
201,178,50
204,164,49
204,183,50
205,178,49
204,171,48
205,166,51
202,172,52
202,171,52
202,163,51
204,174,48
203,182,51
206,175,51
200,169,49
206,174,51
201,175,51
200,170,49
201,178,49
202,173,52
202,161,50
202,170,52
206,176,51
200,168,49
201,166,51
206,173,51
204,170,48
200,171,49
202,180,51
203,161,50
204,175,48
203,178,48
204,180,52
202,164,48
205,179,52
205,169,52
202,174,52
203,182,49
205,182,51
206,177,51
203,166,52
200,167,49
203,165,48
201,175,48
201,165,48
202,169,52
204,183,51
204,163,51
205,168,49
206,172,51
202,181,49
202,161,49
200,172,49
201,162,49
205,182,50
203,162,51
204,169,48
203,179,52
205,179,49
206,174,50
204,176,48
202,178,48
204,166,52
206,175,50
200,170,50
200,169,50
201,176,51
205,165,50
202,175,52
204,162,50
206,178,51
206,173,50
201,162,50
206,176,50
200,166,49
200,171,50
206,171,51
204,182,49
202,168,52
200,168,50
201,165,51
200,173,49
201,179,50
206,172,50
205,165,51
205,180,52
205,168,52
204,168,48
206,177,50
200,172,50
204,163,49
200,167,50
203,179,48
201,176,48
201,164,48
203,161,49
204,177,48
201,179,49
205,167,49
202,162,51
202,163,48
204,181,52
206,179,51
202,176,52
200,165,49
203,164,48
203,165,52
205,180,49
206,171,50
206,170,51
202,167,52
202,181,51
200,174,49
206,178,50
200,173,50
205,183,51
201,177,51
203,180,52
202,160,50
200,166,50
202,179,48
205,183,50
201,161,49
204,167,48
204,165,52
201,164,51
203,160,50
204,178,48
204,162,51
202,160,49
206,170,50
205,181,52
205,167,52
205,164,50
206,180,51
202,177,52
203,161,51
201,161,50
206,179,50
200,164,49
200,174,50
201,177,48
201,163,48
206,175,52
206,169,51
206,174,52
205,166,49
206,176,52
202,166,52
204,183,49
200,169,48
200,175,49
200,165,50
203,180,48
200,170,48
206,173,52
201,180,50
204,161,50
200,168,48
205,164,51
205,181,49
202,162,48
206,177,52
200,171,48
204,182,52
203,163,48
204,162,49
203,164,52
204,166,48
201,180,49
200,167,48
201,178,51
206,169,50
206,172,52
202,161,51
204,179,48
203,181,52
206,180,50
203,160,49
206,181,51
200,172,48
206,178,52
200,175,50
201,163,51
202,178,52
205,184,51
202,180,48
200,163,49
206,168,51
200,166,48
200,164,50
204,164,52
205,182,52
205,166,52
205,184,50
206,171,52
202,165,52
201,160,49
200,176,49
201,178,48
201,162,48
205,165,49
200,173,48
202,159,50
206,179,52
205,163,50
204,173,53
206,168,50
204,174,53
204,165,48
205,182,49
203,181,48
200,165,48
201,160,50
204,161,51
204,172,53
202,159,49
203,159,50
204,175,53
206,181,50
202,171,47
202,170,47
200,176,50
204,180,48
206,170,52
202,161,48
203,160,51
206,182,51
202,172,47
203,162,48
201,179,51
202,169,47
205,163,51
204,171,53
204,183,52
203,163,52
204,176,53
200,174,48
200,163,50
202,179,52
206,167,51
200,162,49
206,180,52
202,173,47
201,162,51
204,161,49
204,160,50
202,168,47
203,182,52
205,173,48
206,174,49
205,174,48
200,177,49
206,175,49
202,164,52
200,164,48
205,172,48
205,174,53
206,173,49
205,183,52
205,165,52
204,170,53
205,175,53
202,160,51
202,181,48
205,173,53
205,175,48
204,177,53
206,176,49
206,167,50
201,179,48
201,161,48
200,170,51
204,163,52
202,174,47
205,171,48
200,169,51
205,176,53
206,172,49
205,164,49
206,169,52
201,171,52
200,171,51
