71,140,176
71,139,176
71,138,176
71,141,177
71,139,175
71,140,177
71,140,175
71,137,176
71,138,175
72,141,177
70,139,175
71,139,177
72,140,177
70,138,175
70,140,176
72,140,176
70,139,176
72,141,176
71,137,175
72,139,177
72,139,176
70,137,175
71,138,177
70,138,176
71,136,176
72,138,176
71,136,175
72,138,177
70,136,175
70,137,176
71,137,177
72,137,176
72,142,178
71,135,176
70,138,174
72,141,178
70,139,174
70,136,176
72,137,177
70,135,175
70,137,174
71,135,175
72,140,178
71,136,177
70,136,174
70,140,177
70,141,177
72,140,175
72,139,178
72,136,176
72,139,175
71,141,178
70,139,177
71,142,178
71,139,174
71,138,174
70,135,176
71,140,178
72,138,175
72,136,177
70,134,175
71,137,174
71,134,176
70,138,177
70,135,174
71,134,175
71,139,178
72,138,178
73,141,177
73,142,177
72,137,175
69,139,175
69,138,175
71,135,177
73,140,177
71,136,174
70,137,177
69,137,175
72,135,176
73,142,178
69,138,174
71,138,178
73,141,178
73,139,177
69,139,174
69,137,174
70,134,174
70,134,176
72,136,175
69,136,175
72,137,178
73,140,178
72,135,177
70,133,175
71,135,174
69,136,174
70,136,177
71,133,176
71,133,175
73,138,177
71,137,178
73,139,178
69,139,176
73,141,176
71,134,177
69,140,176
73,140,176
69,135,174
69,135,175
69,138,176
72,134,176
70,133,174
73,139,176
72,135,175
72,142,179
70,138,173
71,134,174
72,143,179
70,137,173
72,136,178
70,133,176
69,137,176
72,141,179
73,137,177
73,138,178
70,135,177
70,136,173
73,138,176
69,134,174
72,134,177
70,132,175
71,136,178
69,134,175
72,140,179
69,136,176
73,143,179
70,135,173
73,142,179
71,132,175
69,137,173
69,138,173
71,132,176
69,136,173
72,134,175
70,141,178
73,141,179
73,137,176
71,133,177
70,132,174
72,139,179
70,140,178
71,133,174
72,139,174
73,137,178
73,136,177
72,133,176
69,133,174
72,138,174
72,135,178
69,135,173
70,139,178
69,135,176
70,134,177
73,140,179
70,134,173
70,132,176
69,133,175
71,135,178
72,137,174
71,142,179
72,138,179
70,138,178
71,141,179
73,136,176
71,138,173
69,134,173
72,133,177
70,131,175
71,139,173
71,137,173
73,139,179
71,140,179
72,136,174
72,133,175
73,136,178
70,133,173
69,134,176
71,136,173
69,132,174
71,131,175
69,140,177
71,132,174
73,135,177
70,131,174
69,139,177
70,137,178
73,140,175
71,131,176
71,139,179
71,132,177
73,139,175
72,134,178
69,133,173
70,133,177
69,132,175
72,137,179
69,138,177
72,132,176
73,138,179
71,135,173
71,134,178
72,135,174
74,142,178
73,135,176
74,143,178
73,138,175
70,131,176
74,141,178
68,138,174
69,137,177
68,137,174
71,138,179
70,136,178
70,132,173
69,133,176
68,136,174
74,140,178
73,137,175
73,135,178
71,134,173
72,132,177
74,142,177
70,130,175
74,141,177
69,131,174
69,132,173
72,132,175
73,134,177
68,138,175
72,136,179
68,139,175
72,134,174
73,137,179
69,136,177
71,131,174
68,135,174
74,140,177
74,143,179
68,137,175
74,142,179
70,130,174
74,139,178
71,137,179
69,131,175
71,130,175
68,137,173
70,132,177
73,134,176
73,136,175
68,138,173
68,136,173
72,133,178
74,141,179
68,136,175
70,135,178
74,139,177
71,133,178
73,143,180
71,131,177
69,137,172
73,144,180
71,130,176
69,136,172
68,134,174
73,142,180
71,133,173
68,135,173
72,131,176
70,131,173
72,143,180
69,135,172
69,135,177
70,137,172
69,132,176
72,142,180
74,140,179
70,138,172
70,136,172
74,138,178
68,135,175
69,131,173
70,130,176
73,141,180
74,138,177
72,133,174
72,141,180
73,136,179
73,134,178
68,134,173
71,136,179
72,135,179
70,135,172
69,130,174
69,134,172
73,135,175
68,133,174
73,133,177
72,131,175
73,140,180
72,131,177
74,139,179
72,140,180
70,129,175
70,134,178
71,130,174
68,134,175
70,134,172
73,133,176
69,130,175
71,132,173
69,134,177
68,133,173
74,137,178
69,133,172
70,129,174
74,137,177
70,131,177
68,139,176
74,141,176
70,142,179
70,141,179
71,132,178
68,138,176
72,132,178
74,140,176
70,130,173
72,139,180
71,129,175
73,139,180
69,131,176
70,140,179
69,130,173
68,132,174
68,137,176
71,135,179
73,134,175
72,132,174
71,130,177
74,138,179
74,139,176
72,138,173
70,133,172
72,139,173
73,135,179
68,133,175
71,129,176
74,144,180
74,143,180
72,137,173
72,130,176
70,139,179
72,134,179
68,132,173
69,132,172
69,141,178
73,133,178
69,140,178
68,136,172
68,136,176
68,137,172
74,142,180
69,129,174
70,129,176
74,138,176
74,136,177
69,133,177
68,135,172
70,133,178
69,139,178
72,138,180
74,136,178
72,136,173
73,138,180
71,131,173
73,132,177
70,138,179
73,139,174
73,140,174
74,141,180
68,134,172
72,130,175
70,132,172
69,138,178
73,132,176
71,143,180
73,138,174
71,142,180
68,135,176
71,129,174
74,137,179
69,129,175
68,131,174
72,130,177
70,128,175
68,132,175
72,135,173
71,141,180
74,137,176
71,137,172
71,138,172
71,134,179
69,131,172
73,133,175
68,131,173
70,130,177
73,137,174
70,129,173
70,128,174
69,129,173
74,140,180
71,136,172
69,130,176
68,133,172
71,131,178
69,137,178
70,137,179
72,131,174
71,140,180
72,137,180
73,134,179
72,131,178
73,137,180
74,135,177
71,135,172
68,134,176
72,133,179
69,132,177
71,128,175
74,135,178
73,136,174
72,134,173
70,131,172
70,132,178
71,129,177
71,139,180
74,136,176
73,132,178
74,139,180
71,130,173
68,132,172
69,136,178
69,128,174
74,136,179
72,129,176
71,128,176
70,136,179
71,134,172
68,131,175
68,130,174
69,130,172
70,128,176
68,130,173
73,131,177
72,136,180
73,135,174
73,131,176
68,133,176
71,133,179
73,132,175
71,138,180
72,129,175
69,128,175
72,133,173
73,136,180
75,143,179
71,128,174
75,144,179
69,128,173
75,143,178
69,135,178
68,131,172
73,144,181
69,136,171
74,138,180
75,142,178
74,134,177
68,140,177
70,128,173
75,142,179
68,139,177
71,133,172
73,143,181
72,130,174
69,129,176
69,135,171
74,135,176
73,133,179
70,129,177
72,129,177
70,127,175
70,130,172
75,141,178
68,138,177
69,131,177
74,134,178
71,130,178
70,127,174
70,135,179
73,142,181
74,140,175
74,141,175
75,141,179
69,134,171
72,132,179
67,137,174
72,130,178
74,139,175
67,137,173
67,138,174
67,136,173
74,135,179
73,134,174
71,137,180
68,137,177
70,131,178
75,140,178
67,136,174
68,130,175
71,129,173
67,135,173
73,141,181
68,129,174
69,129,172
68,132,176
68,129,173
74,138,175
69,133,171
72,135,180
75,140,179
67,135,174
73,131,178
71,127,175
72,132,173
71,132,172
69,134,178
69,127,174
74,144,181
68,130,172
74,137,180
74,145,181
68,136,177
67,134,173
72,144,181
71,128,177
72,143,181
68,136,171
74,143,181
73,135,180
68,135,171
75,139,178
70,136,171
71,132,179
70,137,171
73,131,175
75,144,180
73,140,181
72,142,181
74,134,176
72,128,176
75,145,180
75,143,180
74,137,175
67,134,174
68,134,171
70,135,171
71,127,176
70,134,179
74,142,181
73,130,177
69,132,171
73,130,176
74,133,177
75,142,177
70,127,176
71,136,180
75,139,179
70,129,172
75,141,177
67,133,173
75,142,180
72,141,181
73,133,174
69,127,173
69,127,175
70,134,171
68,135,177
68,133,171
69,130,177
72,128,175
74,133,178
