163,199,197
164,200,198
162,198,196
163,199,196
163,199,198
162,199,197
164,199,197
163,200,198
163,198,196
164,200,197
164,200,199
162,198,197
162,198,195
162,199,196
164,199,198
162,199,198
163,200,197
165,200,198
164,199,196
161,198,196
163,198,197
163,200,199
163,198,195
165,201,199
161,197,195
161,198,195
165,200,199
164,201,199
162,197,195
161,198,197
165,200,197
163,199,199
163,199,195
165,201,198
165,201,200
161,197,196
161,197,194
164,201,198
162,197,196
164,201,200
162,197,194
162,200,198
164,198,196
161,199,197
165,199,197
164,200,196
164,200,200
162,198,198
162,198,194
162,199,195
166,201,199
163,200,196
160,197,195
162,199,199
164,199,199
162,200,197
161,199,196
163,200,200
163,198,198
164,198,197
165,199,198
164,199,195
162,200,199
161,199,198
160,197,194
166,201,200
161,198,194
163,201,199
163,198,194
164,198,195
165,199,196
163,197,195
160,197,196
166,201,198
166,200,198
165,200,200
161,198,198
160,198,196
163,201,198
165,202,200
161,196,194
166,202,200
165,200,196
160,196,194
164,201,197
163,197,196
165,201,197
165,201,201
161,197,197
161,197,193
163,201,200
160,198,195
166,200,199
164,201,201
162,197,197
163,197,194
160,198,197
165,202,199
166,200,197
161,196,195
165,202,201
162,200,196
166,202,199
166,202,201
160,196,195
160,196,193
162,197,193
161,196,193
161,199,195
162,200,200
164,198,198
160,197,193
161,199,199
165,199,199
164,202,200
163,198,199
163,199,194
166,201,201
162,196,194
160,197,197
163,201,197
167,202,200
167,201,199
159,196,194
162,199,194
166,201,197
160,198,194
159,197,195
164,202,199
164,198,194
163,200,195
165,199,195
164,199,200
164,200,195
162,197,198
162,198,193
162,196,195
163,201,201
164,202,201
161,200,198
162,198,199
163,197,197
167,202,201
159,196,193
167,201,200
165,198,196
166,200,200
165,202,198
159,197,194
163,199,200
164,198,199
167,202,199
160,198,198
159,196,195
162,196,193
161,200,197
161,198,193
160,199,197
166,199,197
159,197,196
163,197,198
167,201,198
165,202,202
161,196,196
166,202,198
166,202,202
160,196,196
160,196,192
162,201,199
165,198,197
164,199,194
163,197,193
161,200,199
161,196,192
160,199,196
161,197,198
166,200,196
164,197,195
163,198,193
166,199,198
162,201,198
165,199,200
164,201,196
166,203,201
160,195,193
160,199,198
165,198,195
165,201,196
165,200,201
161,196,197
161,197,192
164,197,196
162,201,200
162,200,195
167,203,201
164,202,198
159,195,193
164,200,201
161,199,194
165,200,195
166,199,196
166,203,200
160,195,194
162,196,197
167,200,198
166,203,202
160,195,192
159,197,193
159,198,196
161,200,196
164,197,194
164,202,202
159,196,192
162,196,196
167,203,200
167,203,202
159,195,192
159,195,194
167,202,202
162,197,192
162,199,200
160,197,192
167,201,201
165,203,201
167,200,199
159,196,196
159,198,195
163,202,200
161,198,199
163,201,196
160,199,195
161,195,193
159,197,197
167,202,198
162,201,197
163,196,194
168,202,200
160,198,193
159,198,197
160,196,197
163,202,199
161,200,200
164,197,198
162,196,192
165,203,200
165,198,199
167,200,197
165,198,198
166,200,201
167,201,197
158,196,194
161,195,194
165,203,202
163,202,201
160,199,199
166,199,199
163,196,195
163,200,201
168,202,201
168,203,201
161,195,192
166,201,196
165,202,197
162,201,201
158,196,193
160,197,198
158,195,193
166,203,199
168,202,199
164,197,197
163,196,193
158,196,195
163,196,197
164,198,193
165,201,202
165,199,194
166,203,203
160,195,195
166,199,200
159,198,194
165,198,194
168,203,202
166,202,197
166,201,202
160,196,191
160,195,196
161,195,196
162,199,193
168,201,199
158,195,192
163,197,199
163,199,193
168,203,200
160,195,191
167,203,199
167,203,203
159,195,191
159,195,195
158,195,194
166,199,195
163,202,198
163,200,194
164,202,197
158,197,195
167,200,200
165,203,199
161,196,191
168,201,200
162,197,199
164,198,200
164,200,194
162,196,198
162,198,192
159,198,198
164,197,193
161,200,195
163,197,192
158,197,194
159,197,192
163,198,200
161,198,192
166,200,195
165,203,203
163,202,202
164,203,201
160,199,194
161,195,195
158,196,192
168,201,198
159,196,191
164,201,202
158,197,196
164,197,199
162,201,196
160,200,198
163,196,196
168,202,202
162,195,193
164,203,200
161,196,198
167,204,202
159,194,192
163,196,198
164,201,195
167,200,196
166,198,196
162,200,194
159,195,196
161,201,199
160,200,197
159,196,197
161,199,193
158,196,196
167,201,202
162,195,196
161,195,191
164,203,202
161,199,200
164,199,193
161,201,198
162,195,194
167,200,201
158,195,191
167,204,201
165,198,200
166,198,197
168,203,203
165,197,195
168,202,198
168,204,202
159,199,197
159,194,193
164,199,201
167,199,197
163,198,192
160,200,199
158,194,192
167,204,203
165,199,201
165,201,195
161,197,191
161,195,197
167,202,197
158,195,195
159,194,191
160,198,199
166,204,202
168,203,199
158,197,193
159,199,196
161,201,200
163,196,192
160,194,192
162,200,201
162,195,192
163,201,195
165,197,196
159,198,193
167,199,198
165,197,198
165,200,194
162,198,200
166,203,198
162,195,197
160,197,191
168,204,203
168,204,201
161,197,199
162,196,191
169,203,201
168,201,201
160,198,192
158,194,191
158,194,193
166,198,195
166,204,201
159,199,198
166,198,199
167,201,196
162,202,200
163,202,197
164,203,199
160,200,196
160,194,193
166,204,203
166,202,203
158,197,197
157,195,193
162,202,199
160,195,197
165,197,194
161,201,197
167,199,196
160,194,195
162,197,191
169,203,202
164,196,197
160,194,191
165,203,198
169,202,200
164,196,194
167,203,198
167,202,203
159,195,190
159,194,195
163,199,201
168,200,198
169,203,200
157,195,192
159,197,198
162,202,201
164,203,203
159,199,195
165,202,196
160,195,190
166,199,201
168,201,197
167,204,200
160,196,198
158,198,196
164,196,198
169,202,201
165,197,199
157,195,194
157,196,194
160,200,200
164,196,195
158,196,191
162,195,195
168,200,199
163,201,202
167,204,204
159,194,194
169,204,202
158,198,195
165,202,203
167,199,200
166,198,198
165,198,193
161,201,201
165,200,202
157,196,193
166,201,195
159,194,190
169,202,199
157,194,192
164,202,196
166,204,200
161,200,194
166,199,194
162,202,198
158,198,197
165,197,197
166,200,202
166,202,196
160,196,190
160,194,196
161,194,195
159,199,199
167,199,199
168,204,204
168,204,200
157,196,195
164,196,193
165,204,202
169,204,203
158,194,190
158,194,194
158,195,196
168,200,197
163,195,197
160,199,193
159,197,191
164,197,192
161,194,196
169,204,201
168,201,202
166,198,200
157,194,191
166,204,204
158,197,192
158,195,190
163,195,196
161,194,192
162,195,191
160,194,194
162,201,195
165,204,201
157,194,193
164,198,192
165,199,193
163,203,201
157,195,191
169,203,203
158,194,195
160,200,195
168,202,203
165,204,203
164,200,202
159,196,190
158,198,194
161,196,190
163,203,200
162,202,202
164,203,198
161,194,193
162,199,192
166,198,194
161,195,190
161,201,196
160,194,190
167,200,195
157,196,192
157,195,195
163,200,193
168,202,197
163,195,193
168,203,198
159,195,197
161,198,200
169,202,202
163,203,202
169,203,199
169,201,199
159,194,196
164,196,196
163,196,199
163,199,192
161,194,191
158,196,197
165,197,193
163,197,191
159,199,194
167,199,195
168,200,200
166,200,194
159,198,192
162,196,199
160,197,199
163,195,194
168,200,201
158,198,198
161,198,191
169,201,200
167,200,202
163,197,200
157,196,196
162,199,201
165,204,200
163,196,191
164,197,200
164,200,193
162,195,198
162,198,191
157,197,195
168,205,203
158,193,191
163,202,196
164,202,203
162,194,196
