70,162,163
70,163,163
70,161,163
70,163,162
70,160,163
70,163,164
70,161,162
70,162,164
70,164,164
70,162,162
70,160,162
71,163,164
69,161,162
70,163,161
70,159,163
71,164,164
71,162,164
69,162,162
69,160,162
70,161,164
70,164,163
70,162,161
70,159,162
69,162,163
71,162,163
71,161,164
71,164,163
69,162,161
69,159,162
69,161,163
71,163,163
69,163,163
71,161,163
69,160,163
70,160,164
69,163,162
71,163,162
70,164,162
71,160,163
70,163,160
70,158,163
70,162,160
70,158,162
71,160,164
71,164,162
69,162,160
69,158,162
71,164,165
69,160,161
71,163,165
71,165,165
69,161,161
69,159,161
69,159,163
69,163,161
71,163,161
71,159,163
70,159,164
70,164,161
70,162,159
71,162,165
71,165,164
70,157,162
69,161,160
69,158,161
71,164,161
71,159,164
69,162,159
69,157,162
70,163,159
70,157,163
69,158,163
69,163,160
70,164,165
71,163,160
70,160,161
71,161,165
71,158,163
71,165,163
69,163,164
70,163,165
69,161,159
70,165,165
69,157,161
70,161,161
71,161,162
70,159,161
69,162,164
69,164,164
71,162,162
71,160,162
70,158,164
70,162,165
70,164,160
70,165,164
70,161,160
69,161,164
70,158,161
69,164,163
70,162,158
70,156,162
71,162,161
71,159,162
72,163,164
71,164,160
71,158,164
69,162,158
69,156,162
72,164,165
68,161,162
72,164,164
72,162,164
68,160,161
71,160,165
68,160,162
72,165,165
72,163,165
68,162,162
71,165,162
69,161,158
68,161,161
68,159,161
69,156,161
70,163,158
70,156,163
69,157,163
70,161,165
69,163,159
70,165,163
69,160,164
71,163,159
69,164,162
70,161,159
71,157,163
72,164,163
72,161,164
70,157,161
68,159,162
68,162,161
72,165,164
72,162,165
71,162,160
71,158,162
68,161,160
68,158,161
70,157,164
70,164,159
72,164,162
72,160,164
70,160,165
68,158,162
68,162,160
72,161,165
72,165,163
70,165,162
69,159,164
70,162,157
71,159,165
68,161,159
68,157,161
70,155,162
69,164,161
71,165,161
71,165,166
69,159,160
70,161,158
71,164,159
71,157,164
69,162,157
69,155,162
69,161,157
70,156,161
71,164,166
71,166,166
69,155,161
69,160,160
69,158,160
71,162,159
71,157,162
69,156,163
68,162,163
72,162,163
69,163,158
71,163,166
68,161,163
72,163,163
68,163,163
71,166,165
72,161,163
69,160,159
71,163,158
69,157,160
71,156,163
72,165,166
70,163,157
70,155,163
68,159,160
72,164,161
68,157,162
72,164,166
72,159,164
68,162,159
72,166,166
72,165,162
72,160,165
68,160,160
68,158,160
68,160,163
68,163,162
68,161,158
68,156,161
72,163,162
72,160,163
70,159,165
70,165,161
69,158,164
71,162,166
69,164,160
72,163,166
72,166,165
71,166,164
68,160,159
69,160,158
68,157,160
69,156,160
70,161,157
70,155,161
71,158,165
70,156,164
71,165,160
71,162,158
70,164,158
71,156,162
68,159,163
68,163,161
69,161,156
72,163,161
69,154,161
72,159,163
70,162,156
70,154,162
71,164,158
71,156,164
72,162,166
69,162,156
69,154,162
72,166,164
68,160,158
68,156,162
68,156,160
68,162,158
69,164,165
72,164,160
72,158,164
72,165,161
72,159,165
71,161,166
71,166,163
69,155,163
69,163,165
69,165,165
68,161,157
68,155,161
69,163,157
69,160,157
71,160,161
69,155,160
71,163,157
71,161,161
71,159,161
70,158,165
70,165,166
71,155,163
68,158,163
69,162,165
70,165,160
68,163,160
69,165,164
69,157,164
70,164,166
70,166,166
69,164,159
70,159,160
72,163,160
72,158,163
70,163,156
70,154,163
70,160,160
72,161,166
70,158,160
72,166,163
71,161,160
71,158,161
70,161,156
70,163,166
68,160,157
68,155,160
70,166,165
70,154,161
71,162,157
71,155,162
69,161,165
71,157,165
69,165,163
70,160,159
71,165,159
70,157,160
71,160,166
71,166,162
68,155,162
69,161,155
70,155,164
68,162,157
69,153,161
70,164,157
69,160,156
72,164,159
72,165,160
72,158,165
71,161,159
70,162,166
72,157,164
69,154,160
71,157,161
70,166,164
68,157,163
68,161,156
68,154,161
68,163,159
73,164,165
70,162,155
70,153,162
71,164,157
71,155,164
73,165,165
73,163,165
69,162,155
69,153,162
70,160,158
72,163,159
70,156,160
68,163,164
72,160,166
72,157,163
72,166,162
69,160,165
69,165,162
68,162,164
68,164,164
69,154,163
67,160,161
70,157,165
69,163,156
68,160,156
72,161,162
70,165,159
68,154,160
69,156,164
67,159,161
67,161,161
73,165,164
69,164,158
73,162,165
72,162,162
72,160,162
73,165,166
70,161,166
68,161,164
71,163,156
68,164,163
70,166,163
73,166,166
73,164,166
71,154,163
71,161,158
72,166,167
68,158,159
71,156,161
67,158,161
67,161,160
71,159,166
72,165,167
72,167,167
68,159,159
68,157,159
67,159,160
71,166,161
70,161,155
72,162,161
72,159,162
70,153,161
67,160,160
67,158,160
71,162,156
70,160,157
73,166,165
73,163,166
71,154,162
70,155,160
73,165,163
73,161,165
70,163,155
70,153,163
68,156,163
72,164,167
73,163,164
68,160,164
72,167,166
69,160,155
68,163,158
68,159,158
68,164,162
69,159,165
71,156,165
68,156,159
68,154,162
69,153,160
68,162,156
71,165,158
73,164,164
71,166,167
73,162,164
69,165,161
67,160,159
67,157,160
69,158,159
67,157,161
72,165,159
72,157,165
67,161,159
67,161,162
71,165,167
72,164,158
71,167,167
72,156,164
68,161,155
68,153,161
72,159,166
69,159,159
69,157,159
67,160,162
72,166,161
67,162,162
72,163,158
72,162,160
69,161,154
72,158,162
72,156,163
69,152,161
70,160,166
73,166,164
73,162,166
73,164,163
73,161,164
70,166,162
68,160,155
71,164,167
72,163,167
70,154,164
68,153,160
71,167,166
72,167,165
70,164,156
68,159,157
67,159,162
71,161,157
69,159,158
67,162,161
68,155,159
69,156,159
71,155,161
67,160,158
67,156,160
73,165,162
68,159,164
73,160,165
68,164,161
70,156,165
70,165,158
69,155,164
70,162,154
71,164,156
71,154,164
70,160,156
69,162,154
69,152,162
67,156,161
70,152,162
67,161,158
69,164,157
70,154,160
73,164,162
71,163,167
71,158,166
69,153,163
73,160,164
71,167,165
69,163,155
71,166,160
72,162,159
67,158,162
67,162,160
69,158,165
72,157,162
73,166,163
73,161,166
69,159,157
72,162,167
69,155,159
69,165,160
72,167,164
68,155,163
68,163,157
68,159,156
71,163,155
68,154,159
70,161,154
71,153,163
67,160,157
67,155,160
73,166,167
69,160,154
70,152,161
70,159,166
71,162,155
69,152,160
73,165,167
73,167,167
70,166,161
71,153,162
68,158,164
68,153,162
72,158,166
67,158,159
68,162,155
68,164,160
72,166,160
73,165,161
71,162,167
73,159,165
71,167,164
72,163,157
73,164,161
67,159,159
67,157,159
72,165,158
72,156,165
73,159,164
67,157,162
72,155,163
71,155,165
72,164,157
67,155,161
67,162,159
71,161,156
68,161,154
68,152,161
67,161,157
73,164,167
71,165,157
72,155,164
73,167,166
68,160,154
68,152,160
71,154,161
69,159,156
70,163,154
70,152,163
69,154,159
67,159,158
67,156,159
72,162,158
73,166,162
73,160,166
72,161,167
70,160,155
72,167,163
72,156,162
69,161,153
70,153,160
69,165,166
69,151,161
69,164,166
69,166,166
68,159,155
73,163,167
67,160,156
67,154,160
73,167,165
68,153,159
69,157,165
70,153,164
70,155,165
70,164,155
71,157,166
69,165,159
67,162,163
73,162,163
71,161,167
70,165,157
