100,50,155
95,50,155
105,50,155
90,50,155
110,50,155
100,50,160
105,50,160
95,50,160
110,50,160
85,50,155
115,50,155
90,50,160
115,50,160
95,50,150
100,50,150
105,55,160
100,55,160
90,50,150
110,55,160
105,50,150
95,45,155
100,45,155
85,50,160
95,45,150
80,50,155
95,55,160
90,45,150
90,45,155
100,45,150
115,55,160
120,50,160
120,50,155
105,45,155
85,50,150
110,50,150
85,45,150
100,55,155
105,55,155
105,45,150
85,45,155
90,55,160
110,45,155
95,55,155
110,55,155
120,55,160
80,50,160
105,55,165
110,55,165
80,45,150
100,55,165
75,50,155
125,50,160
80,50,150
105,50,165
115,55,165
110,45,150
80,45,155
100,50,165
115,50,150
90,55,155
110,50,165
115,55,155
125,50,155
115,45,155
95,50,165
95,55,165
85,55,160
100,45,160
115,50,165
120,55,165
95,45,160
125,55,160
105,45,160
75,45,150
90,45,160
75,50,160
90,45,145
90,50,165
95,45,145
85,55,155
75,45,155
115,45,150
110,45,160
90,55,165
120,50,165
120,55,155
75,50,150
85,45,145
130,50,160
100,45,145
120,45,155
125,55,165
120,50,150
85,45,160
70,50,155
80,55,160
115,45,160
85,50,165
130,50,155
80,45,145
130,55,160
105,45,145
95,50,145
125,50,165
70,45,150
85,55,165
90,50,145
100,50,145
80,55,155
80,45,160
70,45,155
120,45,150
130,55,165
125,55,155
70,50,160
100,55,150
120,45,160
125,45,155
85,50,145
95,55,150
105,55,150
70,50,150
105,50,145
75,45,145
80,50,165
135,50,160
110,45,145
125,50,150
130,50,165
90,55,150
75,55,160
110,55,150
75,45,160
65,50,155
110,55,170
105,55,170
80,55,165
115,55,170
110,60,165
135,55,160
80,50,145
105,60,165
110,50,145
65,45,150
115,60,165
125,45,160
135,50,155
100,55,170
135,55,165
105,60,160
110,60,160
75,55,155
65,45,155
120,55,170
125,45,150
70,45,145
100,60,165
130,55,155
75,50,165
100,60,160
85,55,150
120,60,165
115,60,160
115,55,150
115,45,145
65,50,160
130,45,155
95,55,170
90,40,150
95,40,150
100,45,165
135,50,165
125,55,170
105,45,165
85,40,150
70,45,160
65,50,150
100,40,150
95,45,165
95,60,160
95,60,165
140,50,160
75,50,145
110,45,165
120,60,160
115,50,145
125,60,165
130,50,150
105,50,170
110,50,170
75,55,165
130,45,160
80,40,150
90,45,165
70,55,160
100,50,170
90,55,170
115,50,170
105,40,150
90,40,145
115,45,165
80,55,150
85,40,145
95,40,155
140,55,165
130,55,170
95,40,145
90,45,140
120,55,150
90,40,155
140,55,160
95,50,170
60,45,150
100,40,155
85,45,140
70,50,165
65,45,145
95,45,140
90,60,160
60,45,155
120,50,170
85,45,165
90,60,165
70,55,155
110,60,170
80,40,145
115,60,170
85,40,155
125,60,160
75,40,150
120,45,145
100,40,145
130,45,150
140,50,155
105,40,155
130,60,165
105,60,170
120,45,165
135,55,155
110,40,150
120,60,170
80,45,140
140,50,165
90,50,170
65,45,160
100,45,140
85,55,170
135,45,155
80,40,155
70,50,145
125,50,170
75,40,145
100,60,170
120,50,145
135,55,170
80,45,165
110,40,155
105,60,155
105,40,145
125,60,170
135,45,160
100,60,155
110,60,155
70,55,165
70,40,150
145,50,160
75,55,150
85,60,160
125,45,165
85,50,170
75,45,140
85,60,165
125,55,150
105,45,140
130,60,160
115,40,150
75,40,155
135,50,150
95,60,170
135,60,165
145,55,165
95,60,155
130,50,170
115,60,155
70,40,145
130,60,170
80,55,170
115,40,155
60,45,145
75,45,165
110,40,145
145,55,160
125,45,145
140,55,170
145,50,165
80,50,170
130,45,165
135,45,150
65,40,150
90,60,155
70,45,140
70,40,155
120,60,155
85,40,140
90,60,170
140,55,155
90,40,140
65,50,145
110,45,140
140,45,155
95,40,160
145,50,155
100,40,160
125,50,145
80,60,160
135,50,170
120,40,150
140,45,160
80,40,140
135,60,170
90,50,140
95,50,140
80,60,165
90,40,160
120,40,155
95,40,140
95,55,145
100,55,145
105,40,160
135,60,160
65,40,145
70,55,150
140,60,165
70,45,165
85,50,140
100,50,140
85,40,160
75,55,170
130,55,150
115,40,145
90,55,145
105,55,145
75,40,140
110,40,160
110,55,175
100,40,140
115,55,175
150,50,160
75,50,170
85,60,155
105,55,175
150,55,165
135,45,165
125,60,155
145,55,170
65,40,155
85,60,170
120,55,175
80,40,160
60,40,150
80,50,140
140,50,150
105,50,140
65,45,140
85,55,145
100,55,175
110,55,145
140,50,170
115,40,160
140,60,170
115,45,140
125,40,155
125,55,175
130,45,145
150,50,165
70,40,140
125,40,150
150,55,160
105,40,140
60,40,145
115,60,175
110,60,175
75,60,160
75,60,165
65,45,165
75,40,160
120,60,175
95,55,175
105,45,170
100,45,170
140,45,150
145,45,160
110,45,170
120,40,145
140,60,160
105,60,175
145,45,155
130,55,175
130,50,145
95,45,170
120,40,160
145,60,165
145,55,155
125,60,175
70,50,170
75,50,140
110,50,140
80,60,155
115,45,170
80,55,145
140,45,165
115,55,145
60,40,155
80,60,170
130,60,155
150,50,155
90,45,170
100,60,175
90,55,175
135,55,150
150,55,170
65,40,140
145,50,170
130,60,175
55,40,150
145,60,170
70,40,160
120,45,170
110,40,140
130,40,155
135,55,175
110,65,165
115,65,165
60,45,140
155,55,165
120,45,140
110,50,175
85,45,170
125,40,160
105,65,165
155,50,160
130,40,150
105,50,175
120,65,165
115,50,175
95,60,175
115,65,170
55,40,145
110,65,170
100,60,150
105,60,150
100,50,175
120,65,170
125,45,170
135,60,175
85,55,175
155,50,165
85,45,135
90,45,135
120,50,175
70,50,140
115,50,140
125,40,145
75,55,145
100,65,165
135,45,145
120,55,145
95,60,150
105,65,170
110,60,150
145,50,150
125,65,165
95,50,175
125,65,170
80,45,135
95,45,135
65,40,160
140,55,175
80,45,170
145,45,165
75,60,155
75,60,170
145,60,160
150,45,160
60,40,140
155,55,160
125,50,175
150,60,165
135,60,155
90,60,175
115,40,140
130,45,170
150,50,170
100,40,165
85,40,135
130,40,160
100,65,170
95,40,165
145,45,150
150,60,170
90,50,175
150,45,155
90,60,150
135,40,155
105,40,165
115,60,150
155,55,170
135,50,145
80,40,135
130,65,170
140,60,175
90,40,135
95,65,165
75,45,135
100,45,135
90,40,165
80,55,175
130,65,165
150,55,155
130,50,175
110,40,165
110,65,160
75,45,170
140,55,150
75,40,135
105,65,160
115,65,160
95,40,135
85,40,165
135,40,150
145,55,175
125,45,140
155,50,155
85,50,175
95,65,170
115,40,165
60,40,160
135,45,170
85,60,175
65,50,140
120,50,140
160,55,165
100,65,160
135,65,170
70,55,145
85,60,150
120,65,160
125,55,145
120,60,150
135,50,175
130,40,145
80,40,165
70,45,135
105,45,135
90,65,165
55,40,140
145,60,175
70,40,135
150,45,165
135,40,160
160,50,160
100,40,135
160,50,165
135,65,165
120,40,165
85,35,145
120,40,140
90,35,145
115,65,175
90,35,150
120,65,175
75,55,175
70,45,170
85,35,150
95,35,150
155,50,170
80,35,145
110,65,175
80,50,175
140,60,155
95,65,160
95,35,145
125,65,175
125,65,160
150,60,160
140,40,155
155,60,165
155,45,160
140,45,145
155,60,170
80,35,150
90,65,170
75,40,165
100,35,150
160,55,170
150,55,175
140,45,170
75,35,145
105,65,175
150,50,150
