56,138,155
56,139,155
56,137,155
56,140,155
56,136,155
56,139,156
56,137,154
56,138,156
56,138,154
56,140,156
56,136,154
56,135,155
56,141,155
56,137,156
56,139,154
57,139,156
55,137,154
56,141,156
56,135,154
57,140,156
57,138,156
55,138,154
55,136,154
55,138,155
57,138,155
56,136,156
57,141,156
57,137,156
55,137,155
57,139,155
55,139,154
55,135,154
56,140,154
56,142,155
56,134,155
55,139,155
57,137,155
56,142,156
56,134,154
55,136,155
57,140,155
55,140,155
57,136,155
57,142,156
57,136,156
55,134,154
55,140,154
56,135,156
56,141,154
55,135,155
57,140,157
57,141,155
55,136,153
57,139,157
55,137,153
57,141,157
55,135,153
56,143,156
55,141,155
57,135,155
56,143,155
56,133,155
56,133,154
57,138,157
55,138,153
57,143,156
57,135,156
57,142,157
55,141,154
55,133,154
55,134,153
55,134,155
56,140,157
56,139,157
57,142,155
56,136,153
56,137,153
56,134,156
57,137,157
56,141,157
55,139,153
56,142,154
56,135,153
55,142,155
56,138,157
55,139,156
56,138,153
57,134,155
57,143,157
55,138,156
57,137,154
55,133,153
57,138,154
56,144,156
55,140,156
56,142,157
56,132,154
57,136,154
55,137,156
56,134,153
57,139,154
56,137,157
56,132,155
56,144,155
57,144,156
57,134,156
55,142,154
55,132,154
56,139,153
57,136,157
55,133,155
55,141,156
55,140,153
57,143,155
57,135,154
55,136,156
57,144,157
56,143,157
57,140,154
56,133,156
55,132,153
55,143,155
56,133,153
57,133,155
56,136,157
56,143,154
55,142,156
56,140,153
58,139,156
57,134,154
56,145,156
58,140,156
58,140,157
55,135,156
54,137,154
57,135,157
58,138,156
54,136,154
58,141,157
58,139,157
56,131,154
54,136,153
55,141,153
54,138,154
57,141,154
54,137,153
54,135,153
56,144,157
57,145,156
57,133,156
55,143,154
55,131,154
58,141,156
55,132,155
54,135,154
56,145,155
56,131,155
57,145,157
57,141,158
58,142,157
58,138,157
55,135,152
58,137,156
56,132,153
57,140,158
57,144,155
55,136,152
54,139,154
56,135,157
55,131,153
54,138,153
54,134,153
55,143,156
57,142,158
55,134,152
57,139,158
55,137,152
55,144,155
56,141,153
58,142,156
57,133,154
56,132,156
55,134,156
54,134,154
57,132,155
58,143,157
58,137,157
57,143,158
58,136,156
55,133,152
56,144,154
54,140,154
54,139,153
54,133,153
57,142,154
57,138,158
57,134,157
55,138,152
56,145,157
55,142,153
56,146,156
54,138,155
58,138,155
54,137,155
58,139,155
56,131,153
58,143,156
57,144,158
55,144,156
54,133,154
56,130,154
56,134,157
57,146,157
57,146,156
57,132,156
55,131,155
54,139,155
55,144,154
55,130,154
55,132,152
58,137,155
58,141,158
58,144,157
58,136,157
58,140,158
54,136,155
58,140,155
54,135,152
55,130,153
57,137,158
58,142,158
58,135,156
57,145,155
54,140,153
54,132,153
54,136,152
54,141,154
57,132,154
55,139,152
56,142,153
55,133,156
54,134,152
58,139,158
56,146,155
56,130,155
54,140,155
55,139,157
55,140,157
58,136,155
54,137,152
55,145,155
58,143,158
54,135,155
56,140,158
56,141,158
58,141,155
55,138,157
57,143,154
55,141,157
54,133,152
57,137,153
57,136,153
56,136,152
56,135,152
57,145,158
57,131,155
56,131,156
56,139,158
56,142,158
56,146,157
58,144,156
54,132,154
57,133,157
58,138,158
55,131,152
57,138,153
57,135,153
56,137,152
56,134,152
54,141,155
57,136,158
54,138,152
56,145,154
55,137,157
58,145,157
58,135,157
55,142,157
58,135,155
55,143,153
58,144,158
55,145,156
56,138,158
54,141,153
54,131,153
56,143,158
56,130,153
55,140,152
54,134,155
54,142,154
58,134,156
56,133,157
54,132,152
58,142,155
56,147,156
57,139,153
57,134,153
57,147,157
56,138,152
56,133,152
55,130,155
55,132,156
57,131,154
58,137,158
57,147,156
57,131,156
55,129,153
55,145,154
55,129,154
56,129,154
55,136,157
56,143,153
55,143,157
57,146,158
54,139,152
54,142,155
56,137,158
56,144,158
57,146,155
58,145,158
58,134,155
54,131,154
55,130,152
58,145,156
57,144,154
57,140,153
54,131,152
57,133,153
54,133,155
57,135,158
56,139,152
56,132,152
55,146,155
56,147,157
56,147,155
56,129,155
58,146,157
58,134,157
58,143,155
55,141,152
54,142,153
54,130,153
54,143,154
57,130,155
57,132,157
55,135,157
58,133,156
55,144,157
58,136,158
56,130,156
55,146,156
56,136,158
56,145,158
55,144,153
54,140,152
56,132,157
56,129,153
54,143,155
54,138,156
54,139,156
56,146,154
58,146,158
57,147,158
57,141,153
57,132,153
56,140,152
57,148,157
54,137,156
54,140,156
56,131,152
58,133,155
55,131,156
58,138,154
58,137,154
54,130,152
57,130,154
54,132,155
56,148,156
57,141,159
57,142,159
55,135,151
55,134,151
56,144,153
58,139,154
58,136,154
55,129,152
55,128,153
55,129,155
54,130,154
58,142,159
57,134,158
58,141,159
57,140,159
54,134,151
57,143,159
58,146,156
54,135,151
58,144,155
54,136,156
54,141,156
55,136,151
55,133,151
57,148,156
57,130,156
55,146,154
55,128,154
55,134,157
55,145,157
58,143,159
56,128,154
54,133,151
58,140,159
56,135,158
58,135,158
57,145,154
58,147,157
58,133,157
56,146,158
57,147,155
54,136,151
58,140,154
55,142,152
58,135,154
54,143,153
54,129,153
57,139,159
57,144,159
54,144,154
59,140,157
56,148,157
54,141,152
58,144,159
55,137,151
55,132,151
59,141,157
58,132,156
55,147,155
54,132,151
59,139,157
54,144,155
54,135,156
58,139,159
54,142,156
58,147,158
57,142,153
56,141,152
57,131,153
54,137,151
56,130,152
55,147,156
57,131,157
59,142,157
53,136,153
56,128,155
56,148,155
54,129,152
57,129,155
53,135,153
58,132,155
59,141,158
57,148,158
59,138,157
57,138,159
56,131,157
57,145,159
53,137,153
58,141,154
54,131,155
58,134,154
59,142,158
59,140,158
58,145,159
56,129,156
56,128,153
55,145,153
55,138,151
55,131,151
53,134,153
54,131,151
55,133,157
58,138,159
59,143,157
55,146,157
55,130,156
53,138,153
59,143,158
59,139,158
58,145,155
53,135,152
56,134,158
55,128,152
54,134,156
57,149,157
57,133,158
56,147,158
54,129,154
54,143,156
57,129,154
54,138,151
53,136,152
53,134,152
56,147,154
59,137,157
58,134,158
59,139,156
59,140,156
58,147,156
56,145,153
53,133,153
59,138,156
57,137,159
55,127,153
56,149,156
57,146,159
53,137,152
53,133,152
58,148,157
58,132,157
53,137,154
54,142,152
59,141,156
58,146,159
55,128,155
53,136,154
59,144,158
59,138,158
53,139,153
58,142,154
55,143,152
58,133,154
54,144,153
54,128,153
55,140,158
54,145,155
55,141,158
53,138,154
54,145,154
59,144,157
57,146,154
58,148,158
57,143,153
54,130,151
55,139,151
57,149,156
57,129,156
55,147,154
55,127,154
56,142,152
55,130,151
57,130,153
53,135,154
55,139,158
56,129,152
58,137,159
59,137,156
58,131,156
55,142,158
56,127,154
56,149,157
57,148,155
59,136,157
59,142,156
53,138,152
53,132,152
54,128,152
54,139,151
53,132,153
53,139,154
54,133,156
58,131,155
54,144,156
54,130,155
55,138,158
57,136,152
57,135,152
53,134,154
57,149,158
56,141,159
55,148,155
55,148,156
56,142,159
59,145,158
59,137,158
55,143,158
53,140,153
55,132,157
57,137,152
55,147,157
57,130,157
56,140,159
57,136,159
