173,83,153
173,83,154
173,83,152
173,83,155
173,83,151
174,83,154
172,83,152
174,84,154
172,82,152
174,83,153
172,83,153
174,84,155
174,84,153
172,82,153
172,82,151
174,83,155
172,83,151
173,83,150
173,83,156
173,82,153
174,83,152
173,84,153
172,83,154
173,82,152
173,84,154
174,84,156
174,84,152
172,82,154
172,82,150
173,82,154
173,84,152
174,83,156
172,83,150
173,82,151
173,84,155
174,83,151
173,82,155
172,83,155
173,84,151
173,83,149
173,83,157
174,84,151
174,84,157
172,82,149
172,82,155
174,83,157
173,82,150
172,83,149
173,84,156
175,84,155
171,82,151
175,84,154
171,82,152
175,84,156
171,82,150
173,82,156
173,84,150
174,83,150
175,84,153
171,82,153
172,83,156
175,84,157
171,82,149
174,84,150
174,84,158
172,82,148
172,82,156
173,82,149
174,83,158
173,84,157
172,83,148
173,83,148
175,84,152
174,82,154
171,82,154
174,82,153
172,84,152
172,84,153
174,85,154
175,83,155
175,83,154
173,82,157
172,81,152
171,83,151
174,85,155
171,83,152
174,82,155
172,81,151
174,82,152
173,84,149
175,84,158
175,85,155
172,84,151
174,85,153
171,82,148
172,84,154
175,83,156
172,81,153
171,81,151
175,83,153
174,83,149
175,85,154
175,85,156
171,83,150
171,83,153
171,81,150
171,81,152
174,85,156
172,83,157
172,81,150
174,82,156
174,85,152
174,82,151
175,84,151
173,82,148
174,84,149
172,81,154
172,82,147
175,85,157
175,85,153
172,84,150
175,83,157
171,82,155
171,81,149
171,81,153
172,84,155
175,83,152
173,84,158
171,83,149
171,83,154
174,85,157
172,83,147
172,81,149
175,84,159
173,83,147
171,82,147
174,82,157
175,85,152
175,85,158
174,85,151
172,81,155
173,84,148
174,82,150
171,81,148
171,81,154
175,83,158
172,84,149
175,83,151
173,81,153
173,85,153
173,81,152
172,84,156
173,85,154
174,83,148
171,83,148
175,84,150
171,83,155
173,81,154
173,85,152
172,81,148
173,81,151
171,82,156
174,85,158
173,85,155
176,84,156
173,82,147
176,84,155
170,82,150
170,82,151
174,84,148
172,82,146
176,85,156
170,81,150
176,85,155
170,81,151
176,84,157
175,85,151
175,85,159
174,82,158
170,82,149
176,84,154
173,81,155
172,81,156
171,81,147
171,81,155
176,85,157
170,82,152
174,85,150
170,81,149
173,85,151
173,81,150
174,82,149
175,83,159
173,85,156
171,82,146
172,83,146
176,85,154
175,83,150
172,84,148
170,81,152
172,84,157
171,83,147
176,84,158
176,85,158
176,84,153
170,82,148
170,81,148
171,83,156
173,83,146
170,82,153
173,84,147
172,81,147
174,85,159
173,81,156
175,84,149
176,85,153
173,81,149
173,85,150
170,81,153
174,83,147
173,85,157
175,85,150
176,85,159
176,84,159
171,81,146
170,81,147
176,84,152
175,82,154
174,85,149
173,82,146
170,82,147
175,82,155
174,82,148
170,82,154
174,84,147
172,82,145
175,82,153
175,83,149
171,84,152
171,84,151
172,84,147
175,82,156
176,85,152
171,82,145
175,86,155
173,81,157
171,83,146
170,81,154
171,84,153
175,86,156
173,81,148
175,86,154
171,84,150
171,80,151
175,82,152
173,85,149
172,81,146
176,83,155
171,80,150
172,83,145
176,83,156
173,85,158
176,85,160
175,86,157
171,80,152
176,84,160
175,82,157
170,83,151
176,83,154
170,83,150
170,81,146
176,84,151
171,84,154
176,83,157
171,80,149
175,86,153
175,84,148
170,82,146
173,84,146
170,83,152
176,86,156
174,81,153
171,84,149
173,83,145
170,82,155
174,81,154
170,83,149
175,85,149
171,80,153
176,86,155
176,86,157
171,81,145
175,82,151
170,80,150
176,83,153
172,85,153
174,81,152
175,86,158
172,85,152
176,85,151
174,86,154
174,83,146
170,80,149
170,80,151
174,86,155
174,81,155
174,85,148
176,83,158
174,82,147
170,81,155
172,85,154
171,80,148
170,83,153
175,82,158
172,80,152
176,86,158
176,86,154
172,80,151
175,83,148
174,86,153
172,85,151
171,84,155
174,86,156
175,86,152
173,81,147
174,81,151
170,83,148
173,82,145
170,80,148
170,80,152
172,80,153
172,80,150
172,84,146
171,80,154
173,85,148
176,83,152
174,81,156
171,83,145
171,84,148
172,85,155
174,84,146
172,82,144
171,82,144
170,81,145
176,84,150
174,86,152
177,85,157
169,81,149
175,82,150
177,85,156
169,81,150
175,86,159
172,81,145
176,86,153
176,86,159
176,83,159
174,86,157
172,85,150
172,80,154
170,83,154
170,82,145
172,80,149
171,80,147
177,85,158
170,80,147
170,80,153
169,81,148
174,81,150
177,85,155
169,81,151
175,82,159
170,83,147
175,86,151
172,83,144
176,85,150
174,81,157
171,84,156
171,80,155
172,85,156
175,84,147
175,85,148
176,83,151
177,85,159
171,81,144
177,85,154
169,81,147
174,86,151
172,80,155
169,81,152
173,84,145
174,86,158
172,80,148
176,86,152
176,86,160
172,85,149
171,84,147
177,84,156
177,84,157
174,85,147
173,81,146
174,82,146
176,83,160
169,82,150
169,82,149
175,86,160
170,80,146
170,80,154
173,83,144
175,82,149
177,84,155
174,81,149
175,83,147
170,83,155
171,80,146
174,83,145
177,84,158
169,82,151
173,85,147
177,86,157
170,81,144
177,85,160
177,86,156
176,84,149
169,82,148
169,80,149
177,85,153
172,84,145
177,86,158
174,81,158
169,81,146
169,80,150
170,83,146
177,84,154
169,81,153
171,83,144
173,82,144
172,85,157
169,80,148
175,86,150
177,86,155
170,82,144
172,80,156
169,82,152
177,84,159
174,86,150
172,81,144
176,83,150
169,80,151
172,80,147
171,82,143
174,86,159
177,86,159
173,80,152
173,86,154
169,82,147
174,84,145
173,80,153
172,82,143
173,86,153
176,85,149
176,86,151
172,85,148
169,80,147
173,80,151
173,86,155
170,80,145
177,84,153
177,86,154
173,80,154
174,81,148
171,84,146
173,86,152
177,85,161
169,80,152
177,85,152
175,82,148
171,80,145
177,84,160
175,85,147
169,82,153
169,81,145
171,81,143
177,86,160
173,80,150
175,84,146
173,86,156
169,81,154
173,81,145
172,83,143
169,80,146
173,80,155
169,82,146
173,86,151
174,82,145
170,83,145
174,85,146
176,82,155
177,86,153
172,80,146
174,86,149
173,84,144
175,83,146
176,84,148
170,81,143
173,85,146
176,82,156
175,86,149
177,84,152
176,83,149
176,82,154
173,80,149
169,80,153
176,86,150
172,85,147
173,86,157
176,82,157
173,83,143
177,84,161
177,86,161
174,83,144
170,82,143
173,80,156
170,84,151
176,82,153
169,82,154
172,84,144
170,80,144
170,84,150
174,81,147
175,81,154
177,85,151
171,83,143
170,84,152
169,80,145
175,81,155
173,86,150
176,87,156
175,81,153
176,85,148
172,81,143
176,87,157
169,81,144
173,82,143
176,87,155
169,82,145
171,84,145
176,82,158
170,84,149
171,80,144
175,81,156
175,82,147
171,82,142
177,86,152
176,82,152
173,80,148
170,84,153
171,85,152
176,87,158
175,81,152
177,83,156
171,85,151
175,87,155
177,84,151
175,87,156
170,79,150
171,85,153
177,83,157
169,80,154
174,84,144
170,79,149
176,87,154
172,82,142
177,83,155
173,86,158
170,79,151
173,80,157
175,87,154
172,80,145
175,87,157
170,83,144
175,81,157
173,81,144
174,86,148
171,85,150
175,85,146
177,83,158
169,83,150
170,84,148
170,79,148
171,81,142
176,87,159
177,83,154
171,85,154
175,81,151
169,83,149
176,83,148
176,82,159
171,79,151
171,79,150
169,83,151
