152,48,209
153,48,209
151,48,209
154,48,209
150,48,209
155,48,209
149,48,209
153,48,210
151,48,208
152,48,210
152,48,208
156,48,209
148,48,209
154,48,210
150,48,208
151,48,210
153,48,208
155,48,210
149,48,208
152,47,209
152,49,209
151,47,209
153,49,209
150,48,210
154,48,208
153,47,209
151,49,209
150,47,209
154,49,209
157,48,209
147,48,209
156,48,210
154,47,209
148,48,208
153,49,210
150,49,209
151,47,208
154,49,210
152,49,210
152,47,208
150,47,208
149,47,209
155,49,209
149,48,210
155,48,208
155,49,210
151,49,210
153,47,208
149,47,208
155,47,209
149,49,209
157,48,210
148,47,209
147,48,208
156,49,209
156,49,210
150,49,210
158,48,209
146,48,209
154,47,208
148,47,208
148,48,210
156,48,208
156,47,209
148,49,209
147,47,209
157,49,210
149,49,210
155,47,208
147,47,208
157,49,209
158,48,210
146,48,208
152,47,210
153,47,210
147,48,210
152,49,208
151,49,208
157,48,208
151,47,210
153,49,208
159,48,209
145,48,209
154,47,210
157,47,209
150,49,208
147,49,209
150,47,210
158,49,210
148,49,210
156,47,208
146,47,208
154,49,208
146,47,209
155,47,210
158,49,209
149,49,208
159,48,210
145,48,208
149,47,210
155,49,208
146,48,210
156,47,210
158,48,208
148,49,208
158,47,209
153,48,211
151,48,207
146,49,209
154,48,211
150,48,207
159,49,210
147,49,210
157,47,208
145,47,208
152,48,211
154,49,211
152,48,207
150,47,207
153,49,211
160,48,209
144,48,209
151,47,207
148,47,210
155,48,211
145,47,209
149,48,207
155,49,211
149,47,207
156,49,208
159,49,209
152,49,211
152,47,207
151,48,211
153,48,207
157,47,210
160,48,210
156,48,211
156,49,211
148,47,207
148,48,207
147,49,208
144,48,208
151,49,211
153,47,207
150,48,211
154,48,207
145,48,210
147,47,210
157,49,211
159,48,208
159,47,209
147,47,207
157,48,211
157,49,208
160,49,210
146,49,210
147,48,207
145,49,209
158,47,208
144,47,208
150,49,211
154,47,207
158,47,210
144,47,209
149,48,211
146,49,208
160,49,209
153,50,210
155,48,207
161,48,209
143,48,209
154,50,210
151,46,208
158,49,211
150,46,208
152,50,210
146,47,207
155,50,210
158,48,211
152,46,208
161,48,210
149,46,208
146,48,207
149,49,211
146,47,210
151,46,209
153,50,209
155,47,207
152,46,209
152,50,209
143,48,208
151,50,210
150,46,209
154,50,209
153,46,208
158,49,208
156,50,210
153,46,209
151,50,209
148,46,208
148,48,211
144,48,210
159,47,210
160,47,209
149,46,209
156,48,207
155,50,209
161,49,210
145,49,210
159,47,208
143,47,208
160,48,208
159,49,211
144,49,209
150,50,210
154,46,209
145,47,207
150,50,209
154,46,208
145,49,208
159,48,211
157,50,210
148,49,211
147,46,208
143,47,209
145,48,207
148,46,209
156,47,207
156,50,209
161,49,209
145,47,210
155,46,209
149,50,209
149,50,210
142,48,209
162,48,209
147,48,211
155,46,208
159,49,208
162,48,210
153,47,211
158,50,210
157,48,207
152,47,211
154,47,211
146,46,208
160,49,211
147,46,209
151,49,207
142,48,208
160,47,210
157,50,209
144,47,207
152,49,207
150,49,207
151,47,211
160,48,211
155,47,211
156,46,209
154,50,211
147,49,211
143,48,210
153,49,207
161,47,209
144,49,208
162,49,210
144,49,210
144,48,207
160,47,208
142,47,208
155,50,211
153,50,211
148,50,209
149,49,207
157,47,207
150,46,207
148,50,210
161,48,208
143,49,209
151,46,207
149,46,207
156,46,208
150,47,211
156,47,211
156,50,211
152,50,211
154,49,207
146,46,209
159,50,210
152,46,207
148,46,207
142,47,209
144,47,210
145,46,208
148,49,207
146,48,211
158,50,209
162,49,209
157,50,211
151,50,211
158,48,207
161,49,211
149,47,211
157,46,209
160,49,208
157,47,211
153,46,207
147,46,207
143,47,207
147,50,209
152,46,210
161,48,211
155,49,207
161,47,210
151,46,210
153,46,210
147,49,207
163,48,209
141,48,209
146,49,211
163,48,210
147,50,210
152,50,208
157,46,208
153,50,208
151,50,208
143,48,207
158,47,207
158,50,211
150,50,211
150,46,210
154,46,210
141,48,208
145,46,209
143,49,208
154,46,207
146,46,207
160,50,210
154,50,208
148,47,211
144,46,208
150,50,208
159,50,209
158,47,211
143,49,210
163,49,210
141,47,208
161,47,208
162,47,209
142,48,210
149,46,210
155,46,210
145,48,211
156,49,207
158,46,209
142,49,209
162,48,208
146,49,207
155,50,208
143,47,210
154,49,212
149,50,208
150,47,206
146,50,209
155,49,212
149,47,206
159,50,211
149,50,211
162,49,211
159,48,207
153,49,212
151,47,206
141,47,209
156,49,212
155,46,207
145,46,207
148,47,206
142,47,207
148,46,210
158,46,208
146,50,210
156,46,210
161,49,208
162,48,211
147,47,211
163,49,209
152,49,212
152,47,206
144,46,209
145,49,211
159,47,211
156,50,208
162,47,210
157,49,212
148,50,208
147,47,206
154,48,212
159,47,207
150,48,206
143,46,208
142,48,207
153,48,212
161,50,210
160,50,209
155,48,212
157,49,207
151,48,206
149,48,206
151,49,212
145,49,207
153,47,206
152,48,212
164,48,210
147,46,210
156,48,212
160,50,211
148,50,211
159,46,209
152,48,206
142,49,208
164,48,209
140,48,209
148,48,206
157,46,210
158,49,212
156,46,207
144,46,207
146,47,206
140,48,208
144,48,211
145,50,209
157,50,208
151,48,212
164,49,210
142,49,210
157,48,212
162,47,208
140,47,208
147,50,208
146,47,211
153,48,206
163,47,209
150,49,212
147,48,206
141,48,210
142,47,210
163,49,211
160,47,211
154,47,206
160,48,207
159,46,208
145,50,210
141,49,209
141,47,207
143,46,209
159,49,212
163,48,208
146,46,210
158,49,207
163,48,211
150,48,212
145,47,206
158,48,212
158,46,210
140,47,209
144,49,211
144,49,207
162,49,208
154,48,206
142,46,208
161,50,209
161,50,211
147,50,211
162,50,210
146,48,206
160,47,207
157,46,207
143,46,207
158,50,208
163,47,210
149,49,212
141,48,207
164,49,209
160,46,209
146,50,208
155,47,206
149,48,212
145,47,211
160,49,212
144,50,209
159,48,212
141,49,208
161,47,211
144,47,206
155,48,206
155,50,212
143,48,211
154,50,212
145,46,210
145,48,206
165,48,210
156,50,212
149,46,206
150,46,206
153,50,212
159,46,210
160,46,208
148,46,206
165,48,209
139,48,209
159,49,207
144,50,210
164,49,211
142,46,209
151,46,206
148,49,212
139,48,208
157,50,212
161,48,207
141,47,210
165,49,210
141,49,210
163,47,208
139,47,208
162,50,211
146,50,211
143,49,207
159,50,208
152,50,212
156,47,206
164,47,209
140,47,207
147,46,206
148,48,212
158,46,207
142,46,207
145,50,208
140,48,210
164,48,211
141,46,208
162,50,209
152,46,206
160,48,212
163,50,210
161,49,212
143,49,211
140,49,209
158,50,212
156,48,206
154,51,210
153,51,210
161,46,209
164,48,208
143,47,206
163,49,208
144,48,206
151,50,212
146,46,206
155,51,210
161,47,207
144,47,211
139,47,209
140,48,207
152,51,210
150,45,208
164,47,210
144,46,210
151,45,208
153,46,206
162,47,211
149,45,208
143,50,209
156,51,210
160,46,210
152,45,208
147,49,212
165,49,209
159,50,212
151,51,210
153,46,211
152,46,211
148,45,208
147,48,212
157,47,206
154,46,211
145,46,206
150,50,212
142,48,211
151,46,211
160,49,207
160,50,208
153,45,208
161,48,212
140,49,208
161,46,208
157,51,210
163,50,211
145,50,211
154,47,212
