183,123,91
183,124,91
183,122,91
183,125,91
184,124,92
182,122,90
184,123,91
182,123,91
184,124,91
182,122,91
184,125,92
184,123,92
182,123,90
182,121,90
184,122,91
182,124,91
183,126,91
183,122,90
183,124,92
183,123,90
183,123,92
184,125,91
183,125,92
184,126,92
182,124,90
183,124,90
182,125,91
184,126,91
183,126,92
184,127,92
183,125,90
183,127,91
182,125,90
182,126,91
185,124,92
181,122,90
185,125,92
181,121,90
184,127,91
185,123,92
183,127,92
181,123,90
185,126,92
183,126,90
184,128,92
182,126,90
181,124,90
184,123,90
183,128,91
184,125,93
184,122,90
182,123,92
184,124,93
182,121,89
185,127,92
182,124,92
182,122,89
182,127,91
184,124,90
184,126,93
182,122,92
182,120,89
185,124,91
185,125,93
185,123,91
181,122,91
184,128,91
182,123,89
181,121,89
182,125,92
183,128,92
181,123,91
185,124,93
185,126,93
181,120,89
181,122,89
185,125,91
184,125,90
181,125,90
183,127,90
184,127,93
181,124,91
185,127,93
185,128,92
184,129,92
182,127,90
181,123,89
182,124,89
185,126,91
182,126,92
184,126,90
181,125,91
183,129,91
182,128,91
184,128,93
183,122,89
183,124,93
185,128,93
183,121,89
183,125,93
181,124,89
185,127,91
183,123,89
181,126,90
183,123,93
184,129,91
183,129,92
182,125,89
183,126,93
182,127,92
185,129,92
183,128,90
183,124,89
181,126,91
184,127,90
184,130,92
182,128,90
185,129,93
183,127,93
181,125,89
184,129,93
186,125,92
180,121,90
186,125,93
180,121,89
186,124,92
186,126,93
180,122,90
180,120,89
185,128,91
186,126,92
186,124,93
180,122,89
182,126,89
183,125,89
186,127,93
180,123,90
181,127,90
182,129,91
182,128,92
183,130,91
186,127,92
185,130,92
184,130,91
180,123,89
183,130,92
183,128,93
181,127,91
186,128,93
184,128,90
180,124,90
183,129,90
185,130,93
181,126,89
183,126,89
185,123,90
184,130,93
185,129,91
185,126,94
186,128,92
185,125,94
185,124,90
185,122,90
181,123,92
184,131,92
182,129,90
180,124,89
181,120,88
185,127,94
181,121,88
181,122,92
182,127,89
181,124,92
186,129,93
185,125,90
181,119,88
180,125,90
181,122,88
182,129,92
183,129,93
181,128,90
185,128,94
181,125,92
184,122,89
184,125,94
184,126,94
184,123,89
186,124,91
184,121,89
181,128,91
185,131,92
186,129,92
182,124,93
182,130,91
186,126,94
185,126,90
182,121,88
186,125,91
182,120,88
186,123,91
184,129,90
182,123,93
181,123,88
180,122,91
186,125,94
186,127,94
182,125,93
183,127,89
180,120,88
185,131,93
180,125,89
182,122,88
183,131,91
184,127,94
180,121,91
181,127,89
184,131,91
180,123,91
183,131,92
184,124,89
180,121,88
180,119,88
186,126,91
185,130,91
186,130,93
181,126,92
185,129,94
184,131,93
186,128,94
183,130,90
182,126,93
182,123,88
180,126,90
180,124,91
180,122,88
184,128,94
182,128,89
185,127,90
184,125,89
181,124,88
186,127,91
183,130,93
184,132,92
182,130,90
186,129,94
186,130,92
182,127,93
182,130,92
180,123,88
182,124,88
180,125,91
181,127,92
180,126,89
185,130,94
181,129,90
183,128,89
181,129,91
187,126,93
179,120,89
184,129,94
187,125,93
179,121,89
184,126,89
186,131,93
184,130,90
185,132,92
186,128,91
187,127,93
185,132,93
179,119,89
181,128,89
185,128,90
181,125,88
179,122,89
182,131,91
186,130,94
180,127,90
185,131,91
182,128,93
180,124,88
182,125,88
187,128,93
184,132,91
184,132,93
183,132,92
180,126,91
183,132,91
183,121,88
183,125,94
183,131,90
186,131,92
179,123,89
183,122,88
182,129,89
183,124,94
183,120,88
181,128,92
183,126,94
183,131,93
187,125,92
185,131,94
184,127,89
187,126,94
184,130,94
179,121,90
187,127,94
187,126,92
187,124,92
186,129,91
179,120,88
179,119,88
179,120,90
187,129,93
179,122,90
183,123,88
180,127,89
183,127,94
179,121,88
187,128,94
187,127,92
182,131,92
186,131,94
181,126,88
185,129,90
183,129,89
186,132,93
184,133,92
182,131,90
180,125,88
179,123,90
182,129,93
179,124,89
182,126,88
181,130,91
181,130,90
183,124,88
180,127,91
179,122,88
187,129,94
184,131,90
180,128,90
187,128,92
185,133,93
183,128,94
185,133,92
181,129,89
187,130,93
185,132,91
184,128,89
179,124,90
181,129,92
184,131,94
186,130,91
186,132,92
185,132,94
179,123,88
184,133,93
182,132,91
183,125,88
187,130,94
186,123,90
186,124,90
186,127,95
179,125,89
186,126,95
184,133,91
187,129,92
186,132,94
183,132,93
183,133,92
186,122,90
182,130,89
185,122,89
185,123,89
186,125,90
185,126,95
183,129,94
186,128,95
181,127,88
185,130,90
180,126,88
185,127,95
180,128,89
183,133,91
183,132,90
185,121,89
182,127,88
180,123,92
185,124,89
180,122,92
182,130,93
180,119,87
179,125,90
186,133,93
180,120,87
187,131,93
180,128,91
185,128,95
181,124,93
183,130,89
181,123,93
180,124,92
181,120,87
186,126,90
180,118,87
186,129,95
181,119,87
180,121,87
179,124,88
181,125,93
182,132,92
181,121,87
185,125,89
183,126,88
187,131,94
184,129,89
180,129,90
187,130,92
185,129,95
180,125,92
181,131,91
184,134,92
182,132,90
186,131,91
184,132,90
181,122,87
184,132,94
181,131,90
180,122,87
181,126,93
185,134,93
181,130,92
186,127,90
179,126,89
186,130,95
183,130,94
181,130,89
187,124,91
185,133,94
187,125,91
185,134,92
187,127,95
186,133,92
185,133,91
185,126,89
186,133,94
187,126,95
187,128,95
187,123,91
179,126,90
187,126,91
180,127,88
179,122,91
179,121,91
187,132,93
180,126,92
181,123,87
182,128,88
179,119,87
185,130,95
181,128,88
185,131,90
179,125,88
187,129,95
184,134,93
180,123,87
179,118,87
179,120,87
179,123,91
181,127,93
184,121,88
182,131,93
184,122,88
184,126,95
187,132,94
183,127,88
183,133,93
187,127,91
180,129,89
184,125,95
180,129,91
184,127,95
186,128,90
182,133,91
184,120,88
182,131,89
187,131,92
186,131,95
184,123,88
182,125,94
179,121,87
182,120,87
182,124,94
186,134,93
184,134,91
185,127,89
182,121,87
183,134,92
182,119,87
179,124,91
188,126,93
187,130,95
182,126,94
183,131,89
178,120,89
188,127,94
184,128,95
178,119,88
188,126,94
188,127,93
183,133,90
184,130,89
178,120,88
188,125,93
178,119,89
181,124,87
178,121,89
183,131,94
183,134,91
184,124,88
188,128,94
182,122,87
186,132,91
187,128,91
178,118,88
180,127,92
179,127,89
185,131,95
179,122,87
180,124,87
178,121,88
188,128,93
184,133,94
181,128,93
179,127,90
182,127,94
180,130,90
182,133,92
178,122,89
188,129,94
181,131,92
184,129,95
179,125,91
182,123,87
186,129,90
185,134,94
179,126,88
187,133,93
181,132,91
186,134,94
187,131,95
184,133,90
184,125,88
186,132,95
187,133,94
186,134,92
183,128,88
178,122,88
188,129,93
185,128,89
180,128,88
185,135,93
184,135,92
182,133,90
181,131,89
181,132,90
182,129,88
187,132,92
187,129,91
185,134,91
178,123,89
185,132,90
181,129,88
179,123,87
181,125,87
182,128,94
185,135,92
188,130,94
182,132,93
182,124,87
180,130,91
180,128,92
184,130,95
180,125,87
185,132,95
179,126,91
188,130,93
181,129,93
180,130,89
178,123,88
184,126,88
184,135,93
183,134,93
183,132,94
187,132,95
186,135,93
184,131,89
188,125,92
182,132,89
188,126,92
