194,91,39
194,92,39
194,93,39
194,94,39
195,91,39
193,91,39
195,92,39
194,95,39
193,92,39
195,93,39
193,93,39
195,94,39
194,90,38
194,92,40
194,91,38
194,93,40
194,96,39
193,94,39
194,92,38
195,95,39
195,92,40
193,90,38
194,94,40
195,93,40
193,91,38
194,93,38
195,94,40
193,92,38
193,95,39
194,95,40
195,96,39
194,97,39
194,94,38
195,95,40
193,93,38
194,96,40
193,96,39
195,96,40
193,94,38
194,95,38
195,97,39
195,91,38
193,91,40
193,92,40
195,92,38
194,98,39
193,93,40
195,93,38
194,97,40
195,97,40
193,95,38
193,94,40
194,96,38
193,97,39
195,94,38
196,92,39
192,90,39
192,91,39
195,98,39
196,93,39
192,92,39
193,95,40
196,93,40
192,90,38
196,94,39
192,91,38
194,98,40
195,98,40
196,94,40
194,99,39
193,96,38
192,93,39
195,95,38
194,97,38
192,92,38
196,95,39
196,95,40
193,98,39
193,96,40
192,94,39
195,99,39
192,93,38
195,96,38
196,96,40
196,96,39
195,99,40
193,97,38
194,99,40
192,95,39
193,97,40
192,94,38
194,98,38
194,100,39
196,97,40
196,97,39
193,99,39
195,97,38
195,93,41
195,100,39
195,94,41
193,90,37
192,96,39
192,95,38
193,91,37
195,100,40
194,90,37
194,92,41
193,98,38
194,93,41
195,95,41
193,98,40
196,98,40
194,100,40
194,91,37
194,94,41
193,92,37
196,98,39
194,99,38
194,92,37
196,91,38
195,96,41
196,92,38
195,98,38
194,95,41
192,91,40
194,101,39
192,92,40
196,93,38
193,93,37
192,96,38
193,100,39
192,97,39
194,93,37
192,93,40
196,99,40
194,96,41
195,97,41
196,94,38
195,101,39
193,99,40
192,94,40
195,101,40
193,99,38
196,99,39
193,94,37
194,94,37
196,93,41
194,101,40
196,94,41
196,95,38
192,89,37
195,99,38
192,90,37
194,97,41
196,95,41
194,100,38
195,98,41
192,95,40
192,97,38
192,91,37
192,98,39
196,100,40
194,95,37
196,96,41
193,95,37
194,102,39
196,96,38
192,92,37
193,101,39
197,93,40
195,90,37
191,90,38
193,100,40
195,91,37
196,100,39
194,98,41
197,94,40
192,96,40
193,92,41
191,91,38
195,102,39
196,97,41
193,93,41
195,92,37
195,99,41
197,92,39
195,102,40
193,100,38
191,90,39
197,95,40
197,93,39
192,93,37
191,91,39
193,94,41
191,92,38
195,100,38
194,96,37
194,102,40
197,94,39
192,98,38
196,97,38
195,93,37
193,96,37
191,92,39
197,96,40
192,99,39
193,95,41
194,101,38
196,101,40
196,98,41
197,95,39
192,97,40
191,93,38
194,99,41
191,93,39
192,94,37
195,94,37
195,100,41
197,97,40
196,101,39
193,96,41
193,101,40
197,96,39
194,103,39
194,97,37
193,102,39
196,98,38
191,94,39
191,94,38
193,97,37
196,99,41
195,95,37
195,103,39
195,103,40
192,95,37
193,101,38
192,99,38
195,101,38
192,98,40
197,98,40
197,97,39
193,97,41
194,100,41
192,100,39
194,103,40
196,102,40
191,95,39
191,95,38
195,101,41
194,102,38
195,96,37
196,99,38
194,98,37
196,100,41
196,102,39
192,96,37
197,99,40
197,98,39
193,98,37
193,98,41
197,94,41
193,102,40
191,96,39
197,95,41
192,99,40
191,89,37
191,90,37
193,103,39
194,104,39
194,101,41
191,96,38
192,100,38
197,96,41
195,97,37
195,102,38
191,91,37
195,104,40
193,102,38
195,104,39
196,103,40
192,101,39
196,101,41
197,99,39
195,102,41
196,100,38
197,100,40
197,97,41
194,99,37
193,99,41
192,97,37
194,104,40
191,92,37
197,92,38
191,97,39
197,93,38
193,99,37
191,91,40
194,103,38
196,103,39
191,92,40
196,91,37
192,100,40
197,94,38
191,97,38
197,98,41
195,98,37
191,93,37
196,92,37
191,93,40
193,103,40
194,102,41
192,92,41
197,100,39
197,95,38
196,93,37
192,93,41
197,101,40
195,93,42
196,102,41
192,101,38
195,94,42
191,94,40
193,100,41
196,101,38
192,98,37
195,103,38
192,94,41
195,95,42
193,104,39
191,94,37
197,99,41
191,98,39
195,103,41
193,89,36
196,104,40
196,94,37
194,100,37
194,105,39
192,102,39
195,105,40
193,90,36
193,103,38
197,96,38
195,105,39
195,96,42
192,95,41
193,91,36
191,95,40
191,98,38
193,100,37
195,99,37
194,105,40
192,101,40
196,95,37
196,104,39
196,94,42
195,97,42
197,101,39
193,92,36
191,95,37
194,89,36
194,93,42
196,95,42
197,100,41
194,104,38
197,97,38
194,90,36
194,94,42
197,102,40
192,96,41
194,103,41
193,101,41
194,91,36
196,96,42
196,103,41
191,96,40
194,95,42
193,104,40
192,88,36
192,89,36
191,99,39
192,99,37
193,93,36
196,96,37
198,93,40
190,89,38
196,102,38
195,98,42
192,90,36
198,94,40
190,90,38
194,92,36
192,102,38
194,96,42
196,97,42
194,101,37
195,104,41
198,95,40
190,91,38
192,91,36
192,97,41
197,98,38
195,104,38
191,99,38
196,105,40
195,100,37
191,96,37
197,101,41
192,103,39
194,93,36
198,96,40
193,105,39
193,101,37
193,94,36
191,97,40
190,92,38
194,97,42
195,106,40
197,102,39
193,104,38
196,98,42
195,99,42
192,92,36
194,106,39
196,97,37
192,102,40
195,106,39
197,103,40
198,93,39
190,90,39
198,97,40
198,94,39
193,102,41
196,105,39
190,91,39
190,93,38
194,94,36
192,98,41
194,106,40
196,104,41
194,104,41
191,100,39
197,99,38
194,98,42
192,93,36
198,95,39
196,99,42
190,92,39
192,100,37
193,95,36
194,105,38
196,103,38
191,97,37
195,100,42
197,102,41
191,98,40
198,98,40
193,105,40
196,98,37
198,96,39
190,94,38
195,101,37
190,93,39
194,102,37
191,100,38
195,105,41
194,95,36
192,103,38
192,94,36
197,103,39
194,99,42
198,94,41
192,99,41
196,106,40
196,100,42
198,95,41
195,105,38
195,89,36
195,90,36
193,102,37
190,89,37
193,96,36
198,97,39
197,94,42
190,94,39
197,100,38
198,99,40
197,104,40
197,95,42
192,104,39
195,91,36
192,103,40
198,96,41
190,90,37
190,95,38
193,93,42
197,96,42
193,103,41
195,101,42
193,106,39
195,107,40
195,92,36
193,94,42
193,105,38
194,96,36
191,99,40
191,98,37
191,101,39
196,99,37
190,91,37
196,105,41
198,97,41
192,95,36
197,103,41
191,88,36
194,107,39
195,107,39
194,105,41
197,97,42
191,89,36
196,106,39
193,95,42
192,101,37
198,98,39
194,100,42
190,95,39
195,93,36
196,101,42
191,90,36
196,104,38
198,100,40
190,92,37
194,107,40
192,100,41
195,102,37
198,98,41
193,97,36
193,96,42
191,101,38
197,98,42
190,96,38
191,91,36
194,103,37
194,106,38
197,101,38
197,104,39
195,94,36
195,106,41
193,106,40
194,97,36
195,102,42
198,99,39
190,93,37
192,96,36
192,104,38
190,96,39
197,91,37
193,97,42
197,105,40
196,100,37
191,92,36
198,99,41
197,92,37
191,100,40
197,99,42
193,103,37
194,101,42
196,107,40
191,99,37
195,106,38
198,101,40
192,104,40
197,104,41
196,102,42
193,104,41
197,93,37
195,95,36
192,105,39
191,102,39
196,106,41
193,98,36
190,94,37
190,97,38
191,91,41
192,101,41
191,92,41
191,93,36
197,94,37
193,98,42
192,102,37
198,100,39
191,93,41
198,100,41
194,106,41
197,100,42
195,108,40
193,106,38
193,107,39
194,98,36
198,92,38
