199,72,104
199,72,103
199,72,105
199,72,102
199,72,106
199,72,101
199,72,107
200,72,104
198,72,104
200,72,105
198,72,103
200,72,103
198,72,105
200,72,106
198,72,102
199,71,103
199,73,105
200,73,105
198,71,103
199,71,104
199,73,104
200,72,102
200,73,104
200,73,106
198,71,102
198,71,104
199,72,100
199,72,108
198,72,106
199,71,102
199,73,106
199,71,105
199,73,103
200,72,107
198,72,101
200,73,103
200,73,107
198,71,105
198,71,101
199,71,101
199,73,107
200,72,101
198,72,107
199,71,106
199,73,102
200,73,102
200,73,108
198,71,100
198,71,106
200,72,108
199,72,99
199,72,109
199,71,100
198,72,100
199,73,108
199,71,107
200,72,100
199,73,101
198,72,108
200,73,101
200,73,109
198,71,99
198,71,107
199,71,99
200,72,109
199,73,109
198,72,99
199,72,98
199,72,110
200,71,104
200,71,103
198,73,104
198,73,105
199,71,108
201,73,105
197,71,103
201,73,106
197,71,102
199,73,100
200,72,99
200,71,105
200,71,102
201,73,104
197,71,104
198,73,103
198,73,106
198,72,109
201,73,107
200,73,100
200,73,110
198,71,98
198,71,108
197,71,101
201,73,103
199,71,98
200,71,106
200,71,101
197,71,105
199,73,110
198,73,102
198,73,107
200,72,110
201,72,105
201,72,104
197,72,103
197,72,104
201,73,108
198,72,98
197,71,100
201,72,106
201,72,103
197,72,102
197,72,105
199,71,109
201,73,102
197,71,106
200,71,107
200,71,100
200,74,106
199,73,99
200,74,105
198,70,102
199,72,97
199,72,111
198,73,101
198,73,108
198,70,103
201,72,107
200,72,98
201,72,102
200,74,107
197,72,101
197,72,106
198,70,101
198,72,110
201,73,109
200,73,99
200,73,111
198,71,97
198,71,109
200,74,104
197,71,99
198,70,104
200,74,108
199,71,97
198,70,100
199,73,111
201,73,101
201,72,108
201,72,101
197,71,107
200,71,108
200,71,99
200,74,103
200,72,111
198,70,105
197,72,100
197,72,107
198,72,97
198,73,100
198,73,109
200,74,109
199,70,103
199,70,102
199,74,105
199,74,106
201,73,110
198,70,99
201,74,106
199,71,110
197,71,98
197,70,102
201,74,105
201,74,107
199,70,104
199,70,101
199,73,98
199,74,104
199,74,107
197,70,101
197,70,103
200,74,102
198,70,106
200,72,97
201,72,109
201,72,100
201,74,108
201,74,104
200,73,98
200,73,112
198,71,96
198,71,110
201,73,100
199,72,96
199,72,112
197,70,104
197,70,100
198,72,111
197,72,99
197,72,108
199,70,105
199,70,100
197,71,108
199,74,103
199,74,108
200,71,109
200,71,98
200,74,110
199,71,96
198,70,98
198,73,99
198,73,110
199,73,112
201,74,103
201,74,109
197,70,99
197,70,105
201,73,111
200,72,112
197,71,97
199,70,106
199,70,99
200,74,101
198,70,107
199,74,102
199,74,109
198,72,96
201,72,110
201,72,99
199,71,111
197,72,98
197,72,109
201,74,102
201,74,110
201,73,99
199,73,97
198,70,97
200,74,111
197,70,98
197,70,106
197,71,109
200,71,110
200,71,97
200,72,96
199,70,107
199,70,98
201,71,104
200,73,97
200,73,113
201,71,103
198,71,95
198,71,111
199,74,101
199,74,110
201,71,105
198,73,98
198,72,112
198,73,111
197,73,104
202,73,106
202,73,105
196,71,102
196,71,103
197,73,105
199,72,95
199,72,113
198,70,108
201,71,102
200,74,100
201,73,112
199,71,95
197,73,103
202,73,107
202,73,104
196,71,101
196,71,104
197,71,96
201,71,106
197,73,106
199,73,113
201,74,101
201,74,111
201,72,111
201,72,98
197,70,107
197,70,97
197,73,102
201,71,101
200,72,113
202,73,108
202,73,103
196,71,100
196,71,105
197,72,97
198,70,96
197,72,110
200,74,112
199,70,108
199,70,97
197,73,107
201,71,107
201,73,98
198,72,95
199,74,100
199,74,111
200,70,103
199,71,112
197,71,110
200,71,111
200,71,96
200,70,102
197,73,101
200,70,104
198,74,105
201,71,100
198,74,106
202,73,109
202,74,106
202,73,102
199,73,96
202,74,107
200,70,101
196,70,102
196,71,99
196,71,106
198,74,104
198,70,109
196,70,101
202,74,105
200,74,99
198,73,97
198,73,112
196,70,103
200,70,105
198,74,107
197,73,108
200,72,95
201,74,100
201,74,112
202,74,108
201,71,108
200,73,96
200,73,114
201,73,113
198,71,94
198,71,112
197,70,96
197,70,108
196,70,100
198,74,103
200,70,100
202,72,105
202,74,104
202,72,104
201,72,112
201,72,97
198,72,113
197,71,95
196,70,104
196,72,103
202,72,106
196,72,104
199,71,94
197,73,100
198,74,108
199,70,109
199,70,96
202,74,109
196,72,102
200,70,106
199,72,94
199,72,114
201,71,99
202,73,110
202,72,103
202,73,101
198,70,95
196,70,99
200,74,113
196,71,98
196,72,105
196,71,107
197,72,96
199,73,114
197,72,111
202,72,107
199,74,99
199,74,112
198,74,102
202,74,103
200,70,99
196,72,101
196,70,105
201,73,97
197,73,109
200,72,114
202,72,102
201,71,109
200,71,112
200,71,95
197,71,111
202,74,110
196,72,106
198,74,109
200,70,107
202,72,108
196,70,98
198,72,94
198,70,110
201,74,99
201,74,113
199,71,113
200,74,98
197,73,99
197,70,95
197,70,109
196,72,100
202,73,111
202,73,100
201,71,98
202,74,102
200,75,106
200,75,107
201,75,107
198,74,101
202,72,101
201,75,106
198,73,96
198,73,113
199,73,95
196,70,106
200,70,98
196,71,97
196,71,108
201,75,108
201,73,114
198,69,102
198,69,101
200,75,105
200,75,108
196,72,107
199,70,110
201,72,113
199,70,95
201,75,105
197,69,101
201,72,96
197,69,102
198,69,103
198,69,100
200,72,94
202,72,109
202,74,111
197,71,94
197,69,100
200,73,95
200,73,115
197,73,110
198,71,93
198,71,113
198,74,110
201,75,109
201,71,110
198,70,94
196,70,97
200,70,108
197,69,103
200,75,104
200,75,109
199,74,98
199,74,113
200,74,114
196,72,99
198,72,114
201,75,104
198,69,104
197,72,95
198,69,99
199,71,93
197,72,112
197,69,99
202,72,100
202,74,101
198,74,100
197,69,104
201,75,110
199,72,93
199,72,115
196,70,107
197,73,98
201,73,96
202,73,112
199,73,115
202,73,99
200,70,97
196,72,108
201,71,97
200,75,103
200,75,110
201,74,98
201,74,114
200,71,113
202,72,110
200,71,94
197,69,98
197,71,112
198,69,105
198,69,98
198,70,111
196,71,96
197,70,94
197,70,110
196,71,109
201,75,103
200,72,115
202,74,112
200,74,97
198,74,111
196,70,96
196,72,98
197,69,105
200,70,109
197,73,111
198,72,93
199,71,114
201,71,111
201,75,111
199,70,111
199,70,94
202,72,99
198,73,95
198,73,114
201,73,115
201,72,114
202,74,100
201,72,95
200,75,102
200,75,111
197,69,97
198,69,106
198,69,97
199,69,102
199,73,94
199,75,106
198,74,99
199,69,101
202,75,107
199,75,107
196,70,108
196,72,109
198,70,93
201,75,102
199,74,97
199,74,114
197,71,93
199,69,103
200,70,96
202,75,106
202,75,108
199,75,105
202,72,111
200,74,115
199,69,100
202,73,113
202,73,98
199,75,108
197,73,97
197,69,106
200,72,93
196,69,101
201,71,96
200,73,94
200,73,116
198,71,92
198,71,114
202,75,109
202,75,105
197,72,94
199,69,104
196,69,100
196,69,102
197,72,113
202,74,113
199,75,104
201,75,112
196,71,95
196,71,110
196,72,97
199,69,99
196,70,95
199,71,92
198,74,112
198,72,115
196,69,99
196,69,103
199,75,109
200,70,110
201,74,97
201,74,115
201,73,95
