147,189,168
147,189,167
147,189,169
148,190,169
146,188,167
146,189,167
146,189,168
148,189,169
148,189,168
148,190,170
148,190,168
146,188,166
146,188,168
147,190,168
147,190,169
147,188,168
147,188,167
149,190,170
149,190,169
145,188,166
145,188,167
146,189,166
146,189,169
147,189,166
147,189,170
148,189,170
148,189,167
147,190,167
147,190,170
149,191,170
145,187,166
147,188,166
147,188,169
148,191,170
148,191,169
146,187,166
146,187,167
148,190,171
148,190,167
146,188,165
146,188,169
149,191,171
149,191,169
145,187,165
145,187,167
145,188,165
145,188,168
149,190,171
149,190,168
146,190,168
148,191,171
148,191,168
148,188,168
146,187,165
146,187,168
145,189,167
149,189,169
146,190,169
146,190,167
146,189,170
146,189,165
148,188,169
148,188,167
150,191,171
150,191,170
144,187,165
144,187,166
147,190,171
147,190,166
145,189,168
145,189,166
147,191,169
149,189,170
149,189,168
149,191,172
149,191,168
145,187,164
145,187,168
147,187,167
148,189,171
148,189,166
147,188,170
147,188,165
147,189,165
147,189,171
147,191,170
147,191,168
149,192,171
149,192,170
145,186,165
145,186,166
147,187,166
147,187,168
150,192,171
144,186,165
145,188,169
145,188,164
150,190,170
144,187,164
144,187,167
144,188,166
150,191,172
150,191,169
148,190,172
148,190,166
146,188,164
146,188,170
149,190,172
149,190,167
146,190,166
146,190,170
148,191,167
148,191,172
150,192,172
150,192,170
144,186,164
144,186,166
145,189,165
145,189,169
144,188,167
144,188,165
150,190,171
150,190,169
146,187,164
146,187,169
148,188,170
148,188,166
149,192,169
149,192,172
145,186,164
145,186,167
149,189,171
149,189,167
147,191,167
147,191,171
148,192,170
146,186,166
147,187,165
147,187,169
148,192,171
148,192,169
146,186,165
146,186,167
149,191,173
149,191,167
145,187,169
145,187,163
146,189,171
146,189,164
144,188,164
144,188,168
150,192,173
150,192,169
144,186,167
144,186,163
144,187,163
144,187,168
147,190,165
147,190,172
151,192,172
151,192,171
150,190,172
150,190,168
150,191,173
150,191,168
143,186,164
143,186,165
151,191,171
148,189,172
148,189,165
146,190,171
146,190,165
143,187,165
145,190,168
145,190,167
147,188,164
147,188,171
149,192,168
149,192,173
149,188,169
149,188,168
145,189,170
145,189,164
145,188,170
145,188,163
151,191,172
151,191,170
146,191,169
146,191,168
148,192,172
148,192,168
145,186,168
145,186,163
143,187,164
143,187,166
150,193,171
150,193,172
144,185,164
144,185,165
151,192,173
151,192,170
147,189,164
147,189,172
143,186,163
143,186,166
148,187,167
148,187,168
148,191,166
148,191,173
144,189,167
144,189,166
150,189,170
150,189,169
147,191,166
147,191,172
149,190,173
149,190,166
146,186,164
146,186,168
145,190,166
145,190,169
148,188,171
148,188,165
151,193,172
149,189,172
149,189,166
148,190,173
148,190,165
146,188,171
146,188,163
143,185,164
146,191,167
146,191,170
146,187,170
146,187,163
149,188,170
149,188,167
149,193,171
150,193,170
150,193,173
145,185,165
144,189,165
144,189,168
151,193,173
151,193,171
144,185,166
144,185,163
144,188,169
144,188,163
143,185,165
143,185,163
147,187,164
147,187,170
148,187,166
148,187,169
147,192,170
147,192,169
143,187,167
143,187,163
150,192,174
150,192,168
144,186,168
144,186,162
150,189,171
150,189,168
149,193,172
149,193,170
151,191,173
151,191,169
145,185,164
145,185,166
147,186,166
147,186,167
144,187,162
144,187,169
151,190,171
151,190,170
150,190,173
150,190,167
143,188,166
143,188,165
143,186,162
143,186,167
145,190,170
145,190,165
148,192,173
148,192,167
147,192,168
147,192,171
151,192,174
151,192,169
149,191,174
149,191,166
145,187,170
145,187,162
150,191,174
150,191,167
149,192,167
149,192,174
146,191,171
146,191,166
151,193,174
151,193,170
152,192,172
143,185,166
143,185,162
146,189,163
146,189,172
146,190,164
146,190,172
147,190,164
147,190,173
149,193,173
149,193,169
147,186,165
147,186,168
144,189,169
144,189,164
143,188,164
143,188,167
150,193,169
150,193,174
145,189,171
145,189,163
142,186,164
145,186,169
145,186,162
151,190,172
151,190,169
152,193,172
152,193,173
146,186,169
146,186,163
149,188,171
149,188,166
152,192,173
152,192,171
144,185,167
144,185,162
145,185,167
145,185,163
142,185,163
142,185,164
147,191,165
147,191,173
142,186,165
142,186,163
143,187,168
143,187,162
145,188,171
145,188,162
148,187,165
148,187,170
148,189,164
148,189,173
150,189,172
150,189,167
147,188,163
147,188,172
148,193,171
148,193,170
147,192,167
147,192,172
148,191,165
148,191,174
152,193,174
152,193,171
146,185,165
146,185,166
151,191,174
151,191,168
148,188,172
148,188,164
142,185,162
142,185,165
144,188,170
144,188,162
151,194,172
151,194,173
143,184,164
143,184,163
149,189,173
149,189,165
152,191,172
152,191,171
149,190,165
149,190,174
147,189,173
147,189,163
143,188,168
143,188,163
148,193,172
148,193,169
145,190,171
145,190,164
152,192,174
152,192,170
142,186,166
142,186,162
150,192,175
150,192,167
143,186,161
143,186,168
144,186,169
144,186,161
142,187,164
142,187,165
146,187,162
146,187,171
150,194,172
144,184,164
145,191,168
149,193,174
149,193,168
147,187,171
147,187,163
146,191,165
146,191,172
151,193,175
151,193,169
147,186,164
147,186,169
148,190,174
148,190,164
146,188,172
146,188,162
144,190,167
143,185,167
143,185,161
151,192,175
151,192,168
148,192,166
148,192,174
151,190,173
151,190,168
152,194,173
146,185,164
146,185,167
151,194,171
151,194,174
150,188,169
150,194,173
150,194,171
144,189,170
144,189,163
142,184,163
145,191,167
145,191,169
143,184,165
143,184,162
149,187,168
144,190,166
144,190,168
144,184,165
144,184,163
144,187,161
144,187,170
152,191,173
152,191,170
150,190,174
150,190,166
150,193,168
150,193,175
142,187,166
142,187,163
152,194,172
152,194,174
142,184,164
142,184,162
145,185,168
145,185,162
150,188,170
150,188,168
146,192,169
149,187,169
149,187,167
142,185,161
142,185,166
152,193,175
152,193,170
149,192,166
149,192,175
143,189,166
151,189,170
144,185,168
144,185,161
148,193,168
148,193,173
146,192,168
146,192,170
150,191,166
150,191,175
147,192,166
147,192,173
149,188,172
149,188,165
148,186,167
145,191,170
145,191,166
149,191,175
149,191,165
145,187,171
145,187,161
143,189,165
143,189,167
146,190,173
146,190,163
143,187,161
143,187,169
150,194,174
150,194,170
144,190,169
144,190,165
151,189,171
151,189,169
146,186,170
146,186,162
153,193,173
145,189,172
145,189,162
148,187,164
148,187,171
142,186,167
142,186,161
150,189,173
150,189,166
145,186,161
145,186,170
143,188,169
143,188,162
144,184,166
144,184,162
151,194,170
151,194,175
148,186,168
148,186,166
152,194,175
152,194,171
146,189,162
146,189,173
149,194,172
149,194,171
142,184,165
142,184,161
142,187,162
142,187,167
147,191,164
147,191,174
147,190,163
147,190,174
153,193,172
153,193,174
152,192,175
152,192,169
143,184,166
143,184,161
141,185,163
146,185,168
146,185,163
146,192,171
146,192,167
145,184,164
145,184,165
150,188,171
150,188,167
149,187,170
149,187,166
143,189,168
143,189,164
152,191,174
152,191,169
151,191,175
151,191,167
141,185,164
141,185,162
147,193,170
145,190,172
145,190,163
153,194,173
153,194,174
153,192,172
153,192,173
149,193,167
149,193,175
152,190,171
149,194,173
149,194,170
145,188,161
145,188,172
144,188,171
144,188,161
146,191,164
146,191,173
147,193,169
147,193,171
151,193,176
151,193,168
147,186,170
147,186,163
142,188,165
