142,80,148
141,80,148
143,80,148
140,80,148
144,80,148
143,81,149
141,79,147
143,80,149
141,80,147
142,81,149
144,81,149
140,79,147
142,79,147
142,80,149
142,80,147
144,80,149
140,80,147
142,79,148
142,81,148
141,81,149
145,81,149
139,79,147
143,79,147
141,80,149
141,79,148
143,81,148
143,80,147
143,79,148
141,81,148
145,80,149
145,80,148
139,80,148
139,80,147
144,81,150
140,79,146
143,81,150
141,79,146
140,79,148
144,81,148
145,81,150
139,79,146
144,79,148
140,81,148
140,80,149
140,81,149
146,81,149
144,79,147
138,79,147
144,80,147
142,81,150
146,80,149
142,79,146
146,81,150
138,80,147
138,79,146
139,79,148
146,80,148
138,80,148
145,81,148
144,82,150
140,78,146
145,79,148
139,81,148
143,82,150
145,82,150
141,78,146
139,78,146
141,81,150
143,82,149
144,80,150
141,78,147
143,79,146
144,82,149
140,80,146
143,80,150
147,81,150
139,80,149
142,82,149
140,78,147
141,80,146
137,79,146
142,78,147
147,81,149
139,81,149
137,79,147
145,79,147
145,80,150
143,79,149
142,82,150
146,82,150
145,80,147
138,78,146
142,78,146
139,80,146
141,81,147
147,80,149
142,79,149
142,81,147
144,79,149
142,80,150
137,80,147
145,82,149
140,81,147
138,79,148
139,78,147
142,80,146
141,82,149
143,78,147
146,80,150
146,81,148
141,79,149
146,79,148
145,82,151
139,78,145
143,81,147
138,80,146
138,81,148
145,79,149
144,82,151
147,80,148
137,80,148
140,78,145
140,81,150
146,82,151
138,78,145
141,82,150
147,82,150
143,78,146
137,78,146
139,81,147
145,81,151
144,79,146
139,79,145
141,80,150
144,81,151
148,81,150
140,79,145
146,81,151
138,78,147
146,82,149
136,79,146
138,79,145
143,82,151
143,80,146
140,79,149
141,78,145
138,80,149
144,78,147
147,82,151
140,82,149
147,80,150
137,78,145
143,81,151
148,81,149
138,81,149
146,79,147
136,79,147
144,81,147
141,79,145
146,80,147
146,79,149
148,80,149
137,80,146
147,81,151
142,78,148
142,82,148
137,79,148
141,78,148
143,82,148
137,79,145
136,80,147
138,81,147
143,78,148
141,82,148
142,82,151
147,81,148
140,82,150
148,82,150
140,80,150
147,79,148
136,78,146
144,78,146
142,78,145
148,82,151
142,81,151
140,78,148
139,81,150
137,78,147
144,82,148
136,78,145
139,79,149
137,81,148
147,82,149
142,79,145
144,78,148
144,80,146
145,79,146
145,78,147
148,80,150
148,81,151
140,82,148
149,81,150
139,82,149
148,80,148
136,80,148
145,81,147
136,79,145
147,79,149
145,83,151
135,79,146
144,83,150
136,80,146
144,83,151
146,83,151
139,78,148
139,77,145
145,83,150
137,80,149
143,83,150
145,82,148
141,82,151
140,77,146
138,77,145
140,77,145
137,81,147
141,81,151
139,77,146
145,78,148
143,78,145
149,81,149
137,81,149
141,77,146
135,79,147
147,79,147
149,82,151
149,80,149
147,80,147
139,80,150
143,83,151
147,83,151
139,82,148
146,82,152
138,78,144
146,83,150
135,78,145
149,82,150
139,82,150
136,79,148
143,79,145
145,82,152
145,78,146
135,78,146
139,78,144
142,83,150
137,77,145
141,77,145
145,80,151
138,79,149
149,81,151
144,79,150
136,78,147
147,82,152
138,77,146
137,78,144
144,80,151
143,79,150
135,80,147
142,77,146
148,82,149
148,81,148
148,79,148
146,80,151
145,79,150
139,80,145
145,80,146
146,78,147
140,81,146
149,80,150
138,78,148
138,81,150
144,82,152
140,80,145
135,79,145
141,81,146
140,78,144
143,80,151
142,79,150
138,82,149
146,81,147
138,80,145
148,82,152
148,79,149
136,81,148
139,81,146
142,83,151
148,83,151
146,82,148
146,83,152
136,78,144
147,83,150
150,81,150
146,79,146
138,77,144
145,83,152
146,78,148
147,80,151
146,79,150
136,77,145
142,77,145
141,80,145
147,83,152
137,77,146
141,83,150
142,81,146
139,77,144
140,82,151
135,80,146
137,77,144
140,81,151
143,83,149
143,77,146
134,79,146
144,83,149
143,82,152
138,82,148
148,80,147
135,80,148
144,78,145
142,80,151
141,79,150
141,77,147
150,82,151
136,81,147
142,83,149
137,80,145
144,83,152
141,78,144
138,81,146
140,77,147
148,83,152
140,77,144
142,77,147
149,82,152
146,81,152
144,79,145
134,78,145
138,80,150
143,78,149
136,77,144
150,81,151
136,80,149
145,81,152
145,83,149
142,78,149
138,79,144
135,78,144
148,80,151
142,80,145
147,79,150
147,81,152
143,81,146
139,77,147
137,78,148
141,82,147
137,79,149
139,79,144
144,78,149
150,82,150
138,82,150
134,78,146
146,78,146
142,82,147
141,83,151
149,83,151
135,78,147
141,83,149
149,81,148
136,81,149
147,79,146
134,79,147
148,83,150
144,81,152
149,80,148
137,79,144
143,77,147
141,78,149
136,77,146
135,79,148
147,80,146
140,82,147
135,77,145
143,77,145
143,83,152
149,82,149
134,79,145
140,83,150
150,80,150
142,82,152
147,78,147
141,80,151
140,79,150
147,82,148
140,79,144
144,77,146
149,83,152
141,77,144
146,80,146
148,81,152
136,80,145
143,82,147
145,78,149
147,78,148
137,81,146
149,79,149
146,83,149
148,79,147
135,77,144
134,80,147
138,77,147
137,81,150
142,78,144
137,82,149
148,81,147
147,81,147
136,79,144
143,81,152
150,82,152
140,78,149
139,81,151
139,82,147
139,82,151
140,83,149
144,77,147
137,82,148
149,80,151
148,79,150
150,81,149
143,80,145
144,81,146
135,81,148
146,79,145
134,78,144
134,80,146
141,79,144
151,82,151
145,78,145
149,81,152
144,82,147
146,78,149
142,83,152
135,81,147
151,81,151
140,83,151
150,83,151
133,79,146
145,79,145
150,83,152
149,83,150
133,78,145
142,77,144
136,78,148
135,77,146
140,80,151
137,80,150
139,79,150
137,77,147
134,77,145
144,77,145
141,82,152
147,83,149
135,79,144
142,81,152
139,78,149
135,80,145
134,77,144
138,82,147
136,81,146
148,80,146
134,80,148
145,77,146
139,83,150
136,79,149
145,84,151
147,83,153
137,77,143
146,84,151
146,83,153
146,84,152
134,78,147
138,77,143
150,82,149
137,82,150
135,80,149
144,84,151
145,77,147
146,78,145
133,78,146
143,78,144
148,83,153
136,77,143
145,84,152
147,84,152
148,78,148
148,82,148
139,83,149
151,82,152
133,79,145
142,79,144
150,81,152
150,80,149
145,82,147
147,82,153
147,78,149
150,80,151
149,79,150
149,82,148
147,78,146
145,83,153
139,76,145
146,82,153
138,76,144
137,78,143
147,84,151
149,81,147
135,81,149
147,79,145
133,79,147
139,77,143
149,80,147
134,79,148
144,80,145
142,77,148
142,83,148
145,81,146
138,78,143
138,76,145
146,80,145
143,84,151
141,77,148
149,79,148
140,76,145
148,82,153
143,83,148
137,76,144
139,76,144
149,83,153
147,80,145
144,84,152
148,84,152
141,83,152
133,78,144
135,77,143
136,78,143
138,81,151
143,77,148
141,83,148
147,81,146
145,82,153
136,82,149
138,82,151
136,82,148
136,81,150
136,77,147
148,79,146
140,77,148
151,83,152
141,81,152
139,78,143
137,76,145
143,77,144
138,78,149
144,83,148
134,79,144
141,76,145
136,76,144
140,76,144
148,81,146
144,83,153
137,82,147
133,80,147
149,82,153
139,80,151
138,79,150
148,83,149
151,82,150
151,83,151
139,83,151
134,77,146
148,84,151
144,77,148
140,82,152
140,77,143
133,77,144
144,84,150
145,79,151
145,78,144
150,83,150
144,79,151
135,78,143
150,81,148
