189,165,71
189,164,71
189,166,71
189,167,71
189,163,71
189,168,71
189,162,71
190,166,71
188,164,71
190,165,71
188,165,71
190,167,71
188,163,71
190,164,71
188,166,71
190,166,72
188,164,70
189,165,70
189,165,72
190,165,72
190,167,72
188,165,70
188,163,70
190,168,71
188,162,71
189,164,70
189,166,72
189,166,70
189,164,72
189,169,71
189,161,71
190,164,72
190,168,72
189,163,70
188,166,70
188,162,70
189,167,72
190,163,71
188,167,71
189,167,70
189,163,72
190,169,71
188,161,71
189,162,70
189,168,72
190,169,72
190,163,72
188,167,70
188,161,70
190,162,71
189,168,70
188,168,71
189,162,72
189,160,71
189,170,71
190,170,71
188,160,71
189,161,70
189,169,72
190,170,72
190,162,72
188,168,70
188,160,70
189,169,70
191,167,72
187,163,70
189,161,72
190,161,71
191,166,72
187,164,70
191,168,72
188,169,71
187,162,70
190,166,70
190,165,70
188,164,72
191,165,72
188,165,72
187,165,70
190,167,70
189,171,71
189,159,71
190,171,71
190,164,70
191,169,72
188,163,72
189,160,70
187,161,70
188,166,72
188,159,71
189,170,72
190,161,72
190,171,72
188,159,70
188,169,70
191,167,71
191,166,71
187,163,71
187,164,71
191,164,72
190,168,70
187,166,70
190,163,70
191,168,71
188,162,72
189,170,70
187,162,71
191,165,71
188,167,72
187,165,71
189,160,72
191,170,72
187,160,70
190,160,71
188,170,71
191,169,71
190,166,73
187,161,71
190,167,73
191,164,71
188,164,69
190,169,70
188,163,69
190,165,73
191,163,72
187,166,71
187,167,70
190,162,70
188,165,69
188,161,72
189,159,70
190,172,71
190,168,73
188,168,72
189,171,72
188,162,69
188,158,71
189,158,71
189,172,71
191,171,72
190,160,72
190,172,72
188,170,70
188,158,70
190,164,73
187,159,70
191,170,71
188,166,69
187,160,71
191,163,71
189,171,70
191,167,73
187,167,71
190,169,73
190,170,70
188,161,69
189,159,72
187,163,69
191,166,73
191,168,73
187,162,69
187,164,69
191,162,72
190,161,70
188,160,72
190,163,73
190,159,71
187,168,70
188,167,69
191,165,73
191,169,73
189,165,69
189,165,73
188,169,72
189,164,69
189,166,73
188,171,71
187,161,69
187,165,69
191,171,71
189,166,69
189,164,73
191,172,72
189,163,69
189,167,73
191,162,71
190,170,73
187,159,71
187,158,70
188,160,69
189,158,70
190,173,71
187,168,71
189,172,72
191,164,73
191,170,73
189,167,69
190,159,72
190,173,72
189,163,73
187,160,69
187,166,69
188,171,70
188,157,70
190,171,70
190,162,73
188,157,71
188,168,69
189,162,69
189,168,73
189,157,71
189,173,71
190,160,70
191,161,72
188,159,72
189,172,70
187,169,70
189,158,72
191,172,71
188,170,72
189,168,69
190,171,73
188,159,69
189,162,73
191,171,73
191,163,73
189,161,69
191,161,71
187,158,71
187,159,69
187,167,69
190,158,71
189,169,73
191,173,72
192,168,72
186,162,70
192,167,72
186,163,70
187,157,70
187,169,71
192,169,72
188,172,71
186,161,70
188,169,69
190,161,73
192,166,72
186,164,70
191,166,70
191,167,70
190,172,70
189,157,70
191,165,70
189,169,69
187,164,72
187,163,72
192,170,72
191,168,70
186,160,70
190,174,71
189,173,72
190,159,70
192,165,72
189,161,73
189,160,69
186,165,70
187,165,72
188,158,72
191,160,72
190,158,72
190,174,72
188,156,70
188,172,70
191,162,73
191,172,73
187,162,72
189,170,73
188,156,71
188,158,69
187,158,69
187,168,69
191,173,71
191,164,70
190,172,73
187,170,70
191,169,70
188,171,72
192,168,73
189,173,70
192,167,73
186,162,69
191,160,71
187,166,72
192,171,72
189,156,71
186,163,69
192,169,73
187,157,71
186,159,70
186,161,69
187,161,72
192,164,72
189,157,72
191,174,72
192,166,73
188,170,69
186,166,70
190,160,73
186,164,69
191,163,70
187,170,71
189,170,69
187,156,70
192,170,73
186,160,69
191,170,70
190,157,71
190,165,69
189,160,73
189,159,69
190,166,69
192,167,71
187,167,72
192,168,71
190,173,70
192,165,73
188,165,73
190,164,69
186,163,71
188,164,73
186,162,71
191,161,73
191,173,73
192,172,72
186,165,69
192,166,71
189,171,73
187,160,72
190,167,69
192,169,71
187,157,69
187,169,69
186,158,70
190,158,70
188,166,73
186,164,71
192,171,73
192,163,72
189,156,70
188,163,73
186,161,71
188,157,69
186,159,69
191,162,70
188,157,72
190,173,73
186,167,70
191,159,72
190,163,69
191,174,71
192,165,71
190,168,69
192,170,71
191,171,70
187,171,70
188,167,73
186,165,71
192,164,73
190,157,72
188,172,72
188,155,70
191,159,71
188,162,73
186,160,71
186,166,69
187,168,72
187,156,71
189,171,69
188,155,71
188,171,69
190,162,69
192,172,73
190,159,73
187,159,72
192,164,71
191,175,72
192,173,72
189,158,69
186,158,69
190,169,69
187,171,71
189,159,73
192,171,71
192,162,72
188,168,73
186,157,70
186,166,71
189,155,71
187,155,70
189,156,72
191,167,74
191,161,70
191,168,74
189,172,73
191,160,73
191,174,73
188,161,73
186,159,71
191,166,74
186,168,70
187,156,69
187,170,69
192,163,73
191,172,70
187,163,68
190,166,74
191,169,74
190,167,74
186,167,69
187,162,68
190,156,71
190,161,69
187,164,68
188,156,69
192,163,71
191,165,74
187,169,72
190,165,74
190,157,70
188,164,68
188,163,68
190,168,74
190,174,73
190,170,69
192,173,73
187,161,68
192,172,71
188,165,68
188,156,72
191,158,72
188,162,68
187,158,72
186,157,69
188,169,73
186,167,71
187,165,68
191,170,74
189,155,70
189,172,69
192,174,72
190,164,74
191,158,71
188,160,73
186,158,71
190,169,74
191,164,74
188,166,68
187,160,68
188,172,69
192,161,72
191,160,70
189,157,69
188,161,68
187,155,71
186,156,70
192,162,73
190,158,73
189,158,73
190,156,72
188,154,70
187,166,68
190,160,69
192,162,71
191,173,70
186,169,70
186,168,69
191,171,74
190,163,74
188,154,71
189,173,73
190,171,69
191,159,73
191,175,73
192,173,71
188,167,68
190,170,74
192,168,74
187,155,69
187,171,69
187,159,68
192,174,73
187,170,72
188,160,68
187,154,70
192,167,74
192,169,74
191,163,74
188,170,73
186,168,71
186,156,69
189,155,72
186,162,68
187,167,68
187,157,72
188,159,73
186,157,71
189,154,71
192,166,74
192,170,74
186,161,68
186,163,68
188,155,69
192,175,72
190,156,70
190,162,74
191,172,74
188,168,68
186,160,68
186,164,68
190,155,71
190,159,69
191,159,70
192,161,73
190,171,74
192,160,72
192,161,71
188,159,68
187,158,68
191,157,72
192,165,74
192,171,74
188,155,72
186,155,70
189,164,68
189,166,74
189,165,68
189,165,74
193,169,73
193,168,72
193,168,73
193,169,72
185,161,69
185,162,70
185,162,69
186,169,69
185,161,70
189,156,69
191,157,71
190,172,69
191,162,74
191,174,70
189,163,68
192,174,71
189,167,74
193,167,72
193,170,73
189,154,70
189,166,68
185,160,69
189,164,74
185,163,70
193,167,73
193,170,72
186,159,68
186,165,68
189,157,73
186,170,70
185,163,69
185,160,70
187,168,68
187,154,71
190,157,73
188,171,73
192,175,73
186,169,71
192,167,70
192,168,70
189,162,68
193,166,72
192,166,70
193,171,73
187,171,72
189,168,74
189,167,68
185,159,69
185,164,70
192,164,74
192,172,74
193,166,73
186,155,69
193,171,72
191,158,73
189,163,74
190,161,74
188,169,68
188,158,73
186,156,71
185,164,69
192,169,70
190,155,72
187,154,69
