192,63,97
192,63,96
192,63,98
192,63,95
192,63,99
192,63,94
192,63,100
193,63,97
191,63,97
193,63,98
191,63,96
193,63,96
191,63,98
193,63,99
191,63,95
193,63,95
192,63,101
192,63,93
191,63,99
192,62,96
192,64,98
193,64,98
191,62,96
192,62,97
192,64,97
193,64,97
193,64,99
191,62,97
191,62,95
192,62,95
192,64,99
193,63,100
191,63,94
192,62,98
192,64,96
193,64,96
193,64,100
191,62,94
191,62,98
192,62,94
193,63,94
192,64,100
191,63,100
192,62,99
192,64,95
193,63,101
192,63,92
192,63,102
191,63,93
193,64,95
193,64,101
191,62,93
191,62,99
192,62,93
192,64,101
193,63,93
191,63,101
192,62,100
192,64,94
193,64,94
193,64,102
191,62,100
191,62,92
193,63,102
191,63,92
192,62,92
192,64,102
192,63,91
192,63,103
193,62,97
193,62,96
193,63,92
192,62,101
191,64,97
191,64,98
194,64,98
190,62,96
192,64,93
191,63,102
194,64,99
190,62,95
193,62,98
193,62,95
194,64,97
191,64,96
190,62,97
191,64,99
193,64,93
193,64,103
191,62,91
191,62,101
194,64,100
190,62,94
193,63,103
193,62,99
192,62,91
193,62,94
194,64,96
194,63,98
194,63,97
190,62,98
190,63,96
190,63,97
192,64,103
191,63,91
191,64,95
191,64,100
194,63,99
194,63,96
194,64,101
190,63,95
190,63,98
190,62,93
192,62,102
192,63,90
192,63,104
194,64,95
193,62,100
193,63,91
190,62,99
194,63,100
193,62,93
192,64,92
194,63,95
190,63,94
190,63,99
191,64,94
191,63,103
191,64,101
193,64,92
193,64,104
194,64,102
191,62,90
191,62,102
190,62,92
193,65,99
193,65,98
192,62,90
191,61,95
194,63,101
193,63,104
191,61,96
194,63,94
193,65,100
192,64,104
190,63,93
194,64,94
191,61,94
190,63,100
193,62,101
191,63,90
193,65,97
190,62,100
193,62,92
191,61,97
191,64,93
191,64,102
193,65,101
191,61,93
194,64,103
192,62,103
190,62,91
193,65,96
192,64,91
191,61,98
193,63,90
194,63,102
194,63,93
192,63,89
192,63,105
191,63,104
190,63,92
193,65,102
190,63,101
192,61,96
192,65,98
192,61,95
192,65,99
193,64,91
193,64,105
194,65,99
191,61,92
191,62,103
191,62,89
194,64,93
194,65,98
194,65,100
193,62,102
190,61,95
190,62,101
192,61,97
193,62,91
192,65,97
192,61,94
192,65,100
190,61,96
190,61,94
192,62,89
193,65,95
191,61,99
191,64,92
194,65,97
194,65,101
191,64,103
192,64,105
193,63,105
190,61,97
190,61,93
192,61,98
194,64,104
192,61,93
192,65,96
192,65,101
191,63,89
190,62,90
193,65,103
194,63,103
191,61,91
194,63,92
194,65,96
194,65,102
190,63,91
192,62,104
190,63,102
190,61,92
190,61,98
192,61,99
193,65,94
192,64,90
192,61,92
191,61,100
194,64,92
192,65,95
192,65,102
193,63,89
193,62,103
190,62,102
193,62,90
191,63,105
193,64,90
193,64,106
194,62,97
191,62,88
191,62,104
192,63,88
192,63,106
194,62,96
191,64,91
194,65,95
194,65,103
194,62,98
191,64,104
193,65,104
191,61,90
190,64,97
190,61,99
190,61,91
190,64,98
195,64,99
189,62,95
195,64,98
189,62,96
194,64,105
192,62,88
194,62,95
190,64,96
194,63,104
192,61,100
192,61,91
190,62,89
194,63,91
195,64,100
189,62,94
194,62,99
195,64,97
189,62,97
192,64,106
192,65,94
190,64,99
193,63,106
192,65,103
190,63,90
190,64,95
191,61,101
193,65,93
190,63,103
194,62,94
191,63,88
195,64,101
195,64,96
189,62,93
189,62,98
194,62,100
190,64,100
194,65,94
194,65,104
194,64,91
192,62,105
193,62,104
190,61,90
190,61,100
190,62,103
193,62,89
190,64,94
191,61,89
192,64,89
193,65,105
192,61,101
194,62,93
195,64,102
192,61,90
195,64,95
189,62,92
193,63,88
189,62,99
191,64,90
192,65,93
193,61,96
192,65,104
191,64,105
193,61,95
190,64,101
194,62,101
193,64,89
193,64,107
191,62,87
191,62,105
194,64,106
193,61,97
194,63,105
191,63,106
195,63,98
191,65,98
194,63,90
195,63,97
191,65,99
189,63,96
195,65,99
193,61,94
195,63,99
190,62,88
195,65,100
191,65,97
191,61,102
189,63,97
192,63,87
192,63,107
193,65,92
189,61,95
189,63,95
195,65,98
192,62,87
189,61,94
190,64,93
193,61,98
195,63,96
191,65,100
194,65,93
194,65,105
190,63,89
189,61,96
195,65,101
195,64,103
194,62,92
190,63,104
189,63,98
195,64,94
190,61,89
190,61,101
195,63,100
189,61,93
191,65,96
192,64,107
189,62,91
193,61,93
189,62,100
195,65,97
189,63,94
193,63,107
189,61,97
195,63,95
192,61,102
194,64,90
193,61,99
192,61,89
191,65,101
190,64,102
194,62,102
195,65,102
191,61,88
193,62,105
191,63,87
189,63,99
193,65,106
189,61,92
195,63,101
193,62,88
190,62,104
192,65,92
192,65,105
191,65,95
192,62,106
195,65,96
189,63,93
193,61,92
190,64,92
189,61,98
195,63,94
195,64,104
191,64,89
192,64,88
194,62,91
195,64,93
195,65,103
191,64,106
191,65,102
193,61,100
194,63,106
189,62,90
194,64,107
191,61,103
194,63,89
189,63,100
189,61,91
189,62,101
194,65,92
194,65,106
193,63,87
193,65,91
195,63,102
190,61,102
190,61,88
190,62,87
193,64,88
193,64,108
191,62,86
191,62,106
191,65,94
195,65,95
194,62,103
190,64,103
189,63,92
191,63,107
190,63,88
193,61,91
189,61,99
190,63,105
192,61,103
192,61,88
192,62,86
195,63,93
192,63,86
192,63,108
195,65,104
191,65,103
193,61,101
191,61,87
192,65,91
190,64,91
189,61,90
189,63,101
194,64,89
192,64,108
192,65,106
193,65,107
195,64,105
195,63,103
195,64,92
193,66,99
193,66,100
194,66,100
193,63,108
194,62,90
193,62,106
194,66,99
193,62,87
194,66,101
190,62,105
189,62,89
193,66,98
193,66,101
195,65,94
191,60,95
191,65,93
191,60,94
189,62,102
194,66,98
189,63,91
191,63,86
190,60,94
189,61,100
193,61,90
190,60,95
191,60,96
191,60,93
194,66,102
190,60,93
194,65,91
194,65,107
192,62,107
194,62,104
195,63,92
191,61,104
193,66,97
193,66,102
190,64,104
194,63,107
191,64,88
190,61,87
190,61,103
190,60,96
195,65,105
193,65,90
194,63,88
191,64,107
194,66,97
194,64,108
191,60,97
191,60,92
190,60,92
193,61,102
192,64,87
191,65,104
189,61,89
189,63,102
192,61,104
195,63,104
190,62,86
194,66,103
190,60,97
192,61,87
193,63,86
193,66,96
190,63,87
190,64,90
193,66,103
195,64,106
193,64,87
193,64,109
191,62,85
191,62,107
190,63,106
195,65,93
195,64,91
191,60,98
194,66,96
194,62,89
190,60,91
191,60,91
191,65,92
192,65,90
189,63,90
191,61,86
191,63,108
192,65,107
189,61,101
193,61,89
189,62,88
192,62,85
193,65,108
189,62,103
190,60,98
195,63,91
194,64,88
194,66,104
195,65,106
193,62,107
192,63,85
192,63,109
193,66,95
194,62,105
195,62,97
193,62,86
192,64,109
193,66,104
195,62,98
190,62,106
191,60,99
190,60,90
190,64,105
195,62,96
193,61,103
192,60,95
192,66,99
189,61,88
191,60,90
191,65,105
193,63,109
194,65,90
194,65,108
192,60,94
192,66,100
195,66,100
194,66,95
189,63,103
192,60,96
192,66,98
190,61,86
190,61,104
195,63,105
