135,90,165
130,90,165
140,90,165
125,90,165
140,95,170
130,85,160
135,95,170
125,85,160
135,90,170
130,90,160
145,90,165
140,90,170
130,90,170
145,95,170
135,90,160
125,90,160
135,85,160
120,90,165
130,95,170
120,85,160
135,95,165
130,85,165
135,85,165
145,90,170
140,95,165
130,95,165
125,85,165
125,90,170
140,90,160
120,90,160
150,95,170
140,85,165
140,85,160
125,95,170
115,85,160
150,90,165
120,85,165
145,95,165
125,95,165
150,90,170
125,85,155
140,95,175
115,90,165
145,95,175
130,85,155
135,95,175
120,85,155
120,90,170
145,85,165
150,95,175
145,90,160
115,90,160
155,95,170
115,85,165
145,85,160
130,95,175
135,85,155
115,85,155
120,95,170
150,95,165
110,85,160
140,100,170
120,95,165
155,90,170
145,100,175
140,100,175
145,100,170
135,100,170
155,90,165
155,95,175
125,80,155
120,80,155
125,80,160
150,100,175
135,85,170
130,85,170
150,85,165
140,90,175
130,80,160
135,100,175
115,90,170
135,90,175
120,80,160
140,85,170
110,90,165
125,95,175
130,80,155
145,90,175
115,80,155
125,85,170
130,95,160
135,95,160
150,100,170
130,100,170
140,85,155
130,90,175
110,85,165
125,90,155
135,80,160
130,90,155
110,85,155
150,90,160
155,100,175
145,85,170
160,95,170
115,80,160
110,90,160
150,85,160
150,90,175
130,100,175
125,95,160
135,80,155
140,95,160
120,90,155
160,95,175
155,95,165
135,90,155
160,90,170
115,95,170
120,85,170
105,85,160
115,95,165
110,80,155
125,90,175
140,80,160
120,95,175
155,85,165
155,100,170
150,85,170
125,100,170
155,90,175
110,80,160
110,90,170
145,100,180
160,90,165
120,80,150
150,100,180
160,100,175
130,80,165
120,95,160
135,100,165
140,100,180
140,100,165
125,80,165
125,80,150
115,80,150
115,90,155
145,95,180
145,95,160
145,85,155
115,85,170
125,100,175
105,85,165
135,80,165
140,80,155
140,95,180
140,90,155
105,85,155
120,90,175
105,90,165
150,95,180
155,100,180
120,85,150
125,85,150
120,80,165
105,80,155
130,100,165
145,80,160
135,95,180
145,100,165
165,95,175
135,100,180
130,80,150
140,80,165
165,95,170
155,90,160
155,85,160
110,80,150
155,85,170
160,90,175
105,90,160
115,85,150
155,95,180
130,85,150
165,90,170
105,80,160
115,80,165
160,95,165
160,100,180
110,95,170
115,95,175
160,100,170
100,85,160
130,95,180
110,95,165
120,100,170
145,105,175
160,85,165
165,100,175
110,85,170
150,105,175
130,100,180
125,100,165
140,105,175
115,90,175
115,95,160
145,80,165
110,90,155
150,100,165
105,90,170
150,95,160
145,80,155
160,95,180
120,100,175
145,90,155
135,80,150
110,85,150
105,80,150
150,105,180
145,105,180
135,85,150
150,80,160
100,80,155
110,80,165
150,85,155
100,85,165
165,90,165
155,105,175
135,105,175
160,85,170
135,85,175
125,95,180
100,85,155
155,105,180
140,85,175
165,100,180
165,90,175
140,105,180
170,95,175
130,85,175
120,75,155
145,85,175
100,80,160
125,75,155
150,80,165
125,100,180
115,75,155
165,95,180
140,90,180
120,75,150
145,90,180
125,85,175
115,75,150
160,105,180
170,95,170
105,85,170
140,105,170
120,100,165
160,85,160
145,105,170
135,90,180
110,95,175
110,90,175
130,75,155
170,90,170
165,100,170
150,85,175
135,105,180
160,90,160
155,100,165
160,105,175
125,75,150
150,90,180
115,100,170
130,105,175
170,100,175
100,90,160
105,80,165
110,75,150
110,75,155
140,80,150
105,85,150
100,80,150
120,95,180
135,105,170
95,85,160
165,95,165
165,85,165
110,95,160
140,85,150
130,90,180
150,105,170
150,80,155
130,80,170
135,80,170
105,90,155
120,85,175
105,95,165
115,100,175
130,95,155
170,100,180
155,95,160
155,80,160
125,80,170
155,90,180
150,90,155
150,100,185
135,75,155
165,85,170
115,80,145
145,100,185
140,80,170
125,95,155
130,75,150
120,80,145
155,85,175
170,90,175
95,80,155
125,75,160
120,75,160
165,105,180
155,80,165
155,100,185
135,95,155
105,75,150
130,75,160
105,75,155
170,95,180
125,90,150
120,80,170
120,100,180
140,100,185
125,90,180
130,105,180
110,80,145
115,75,160
125,80,145
120,90,150
130,105,170
95,80,160
175,95,175
155,85,155
145,80,170
150,105,185
155,105,170
160,100,185
130,90,150
160,90,180
95,85,155
115,85,175
155,105,185
135,100,160
165,105,175
135,75,160
165,90,160
120,95,155
145,105,185
125,105,175
100,85,170
100,80,165
130,100,160
105,90,175
135,100,185
140,75,155
115,100,165
115,80,170
115,95,180
115,75,145
135,75,150
140,100,160
140,95,155
160,85,175
110,75,160
160,105,185
160,100,165
120,75,145
110,75,145
145,80,150
115,90,150
100,75,150
120,90,180
150,80,170
140,105,185
100,85,150
105,80,145
145,95,185
95,80,150
165,100,185
150,95,185
100,75,155
175,100,180
130,80,145
175,100,175
170,100,170
170,105,180
140,75,160
170,90,165
135,90,150
145,85,150
140,95,185
170,95,165
160,85,155
110,100,170
125,100,160
165,90,180
155,95,185
160,80,165
155,80,155
125,75,145
125,105,180
170,85,170
160,80,160
165,105,185
130,100,185
105,75,145
175,95,180
110,85,175
125,105,170
165,85,160
175,90,175
160,90,155
145,100,160
110,80,170
110,100,175
105,95,160
105,75,160
135,95,185
160,105,170
100,90,155
115,95,155
115,100,180
135,105,185
150,110,180
160,95,160
90,80,155
160,95,185
165,95,160
120,85,145
155,90,155
145,75,155
155,80,170
165,85,175
155,110,180
170,100,185
140,75,150
145,110,180
115,90,180
115,85,145
145,95,155
145,75,160
170,105,175
110,90,150
95,80,165
125,85,145
120,105,175
130,95,185
95,75,150
110,95,180
100,80,145
175,95,170
130,75,145
170,105,185
95,75,155
100,75,145
135,80,145
140,105,165
125,75,165
170,90,180
130,75,165
120,100,160
140,90,150
160,110,180
165,95,185
125,100,185
140,110,180
135,105,165
120,75,165
105,80,170
100,75,160
155,85,150
145,110,175
110,85,145
175,105,180
150,110,175
145,105,165
135,75,165
130,105,185
105,85,175
110,100,165
155,110,185
150,100,160
150,110,185
180,100,180
150,80,150
130,85,145
165,90,155
115,75,165
165,100,165
165,80,165
90,80,150
160,80,170
120,105,180
125,95,185
140,110,175
95,85,150
160,110,185
140,85,180
175,100,185
180,95,180
155,110,175
120,105,170
140,75,165
145,110,185
135,85,180
145,85,180
150,75,160
170,85,175
130,105,165
110,90,180
150,85,150
175,100,170
110,95,155
165,105,170
170,85,165
150,75,155
165,110,180
170,95,185
175,90,170
135,110,180
170,90,160
160,80,155
130,85,180
170,100,165
145,75,150
150,105,165
155,80,150
150,85,180
175,105,185
135,75,145
110,75,165
95,75,145
170,95,160
165,110,185
160,85,150
135,80,175
105,90,150
120,100,185
175,90,180
150,95,155
165,85,155
90,75,150
130,80,175
140,110,185
105,85,145
100,80,170
145,75,165
140,80,175
135,110,175
95,75,160
95,80,145
90,75,155
125,85,180
160,110,175
125,105,185
155,85,180
175,105,175
140,80,145
120,95,185
125,80,175
115,100,160
145,90,185
115,105,175
155,105,190
115,70,150
145,80,175
160,90,150
135,85,145
140,90,185
100,85,175
145,90,150
150,105,190
150,90,185
110,75,140
120,70,150
115,75,140
160,95,155
160,105,190
165,80,170
110,70,150
155,90,150
125,105,165
105,75,165
135,90,185
165,95,155
180,100,185
175,95,185
180,105,180
145,105,190
155,90,185
120,80,175
