241,183,145
241,182,145
241,184,145
241,181,145
241,185,145
241,182,144
241,184,146
242,184,146
240,182,144
241,183,144
241,183,146
242,183,146
242,185,146
240,181,144
240,183,144
242,183,145
240,183,145
242,184,145
240,182,145
241,181,144
241,185,146
241,184,144
241,182,146
241,180,145
241,186,145
242,182,145
240,184,145
242,185,145
240,181,145
242,182,146
242,186,146
240,180,144
240,184,144
241,180,144
241,186,146
241,185,144
241,181,146
242,181,145
240,185,145
242,186,145
240,180,145
242,181,146
242,187,146
240,185,144
240,179,144
241,187,145
241,179,145
242,185,147
240,181,143
242,184,147
240,182,143
241,179,144
241,187,146
242,186,147
240,180,143
241,186,144
242,180,145
242,183,147
240,183,143
240,186,145
241,180,146
242,183,144
242,187,145
240,183,146
242,182,144
240,179,145
240,184,146
243,184,146
239,182,144
243,185,146
239,181,144
242,184,144
240,182,146
240,179,143
242,180,146
242,188,146
240,186,144
240,178,144
242,187,147
243,183,146
239,183,144
242,181,144
241,182,143
241,184,147
240,184,143
242,182,147
243,186,146
240,185,146
239,180,144
241,181,143
241,185,147
243,185,147
239,181,143
241,183,143
242,185,144
241,183,147
241,178,144
240,181,146
243,184,147
243,186,147
241,178,145
241,188,145
239,180,143
239,182,143
241,188,146
241,180,143
242,179,145
241,186,147
243,182,146
241,187,144
239,184,144
240,187,145
242,180,144
243,187,146
241,179,146
241,184,143
239,179,144
240,178,143
242,188,145
241,182,147
242,188,147
243,183,147
243,187,147
240,186,146
239,183,143
239,179,143
243,184,145
240,178,145
239,182,145
240,185,143
243,183,145
242,181,147
239,183,145
242,186,144
243,185,145
241,179,143
239,181,145
240,180,146
241,187,147
242,179,146
242,189,146
240,187,144
240,177,144
243,182,145
243,181,146
239,184,145
239,185,144
241,185,143
243,182,147
243,188,147
239,184,143
239,178,143
243,186,145
243,188,146
242,179,144
241,181,147
239,180,145
239,178,144
241,177,144
240,187,146
240,177,143
241,189,146
242,178,145
242,189,147
241,177,145
241,189,145
243,181,145
241,188,144
242,187,144
241,178,143
240,188,145
239,185,145
240,186,143
242,185,148
241,178,146
242,180,147
241,188,147
242,189,145
240,181,142
242,186,148
240,179,146
243,187,145
243,186,148
240,180,142
243,185,148
242,184,148
240,177,145
239,180,142
239,181,142
239,179,145
243,180,146
240,182,142
241,186,143
243,181,147
243,189,147
239,185,143
239,177,143
239,186,144
243,187,148
242,187,148
239,179,142
243,184,148
240,179,142
241,180,147
243,189,146
242,178,144
239,182,142
242,178,146
242,190,146
240,176,144
240,188,144
239,177,144
243,180,145
242,183,148
240,183,142
242,182,143
239,186,145
240,188,146
242,183,143
240,184,147
243,188,148
242,181,143
239,178,142
240,183,147
241,177,143
240,176,143
243,183,148
243,188,145
240,185,147
242,188,144
240,178,142
239,183,142
242,188,148
242,190,147
244,185,147
238,181,143
244,186,147
238,180,143
242,184,143
241,189,147
240,187,143
239,178,145
241,190,146
240,182,147
243,183,144
242,180,143
244,184,147
240,184,142
238,182,143
240,178,146
242,179,147
243,184,144
242,182,148
241,189,144
239,183,146
244,187,147
238,179,143
241,187,143
240,189,145
243,180,147
243,190,147
241,190,145
243,182,144
239,186,143
239,176,143
243,179,146
240,186,147
239,182,146
244,185,146
238,181,144
242,190,145
239,184,146
244,184,146
243,189,148
238,182,144
239,187,144
239,177,142
243,179,145
243,185,144
242,185,143
244,186,146
241,179,147
238,180,144
243,190,146
241,181,142
241,185,148
244,183,147
243,182,148
242,177,144
239,184,142
238,183,143
240,177,142
241,182,142
239,181,146
241,184,148
243,181,144
240,181,147
244,183,146
242,189,148
239,176,144
241,180,142
239,187,145
244,188,147
241,186,148
242,179,143
238,183,144
238,178,143
239,185,146
244,186,148
244,187,146
238,180,142
241,183,142
243,189,145
238,179,144
240,189,146
244,187,148
244,185,148
241,183,148
240,187,147
242,191,146
240,189,144
241,176,143
243,186,144
240,185,142
238,181,142
238,179,142
241,179,142
242,181,148
241,187,148
242,189,144
244,182,146
239,180,146
239,177,145
242,186,143
243,180,144
244,182,147
241,190,147
238,184,144
244,188,148
244,184,148
238,184,143
242,191,147
239,176,142
243,190,148
238,182,142
238,178,142
241,184,142
244,189,147
240,188,143
238,177,143
244,188,146
239,186,146
240,180,147
241,188,143
241,182,148
239,185,142
242,178,143
243,179,147
243,191,147
239,187,143
239,175,143
243,181,148
240,176,142
238,178,144
243,178,145
241,178,142
243,187,144
241,191,146
242,190,148
241,188,148
241,190,144
239,188,144
240,188,147
244,189,148
244,183,148
240,190,145
238,183,142
238,177,142
244,181,146
243,191,146
242,191,145
239,188,145
241,191,145
239,179,146
244,184,145
243,179,144
240,186,142
243,186,149
244,185,145
238,185,144
243,187,149
238,182,145
244,181,147
241,185,142
242,187,143
244,183,145
243,190,145
238,181,145
238,185,143
243,185,149
239,180,141
242,180,148
239,179,141
238,183,145
244,189,146
244,190,147
241,181,148
244,186,145
239,181,141
239,187,146
239,175,142
243,188,149
238,176,143
241,177,142
240,190,146
238,177,144
243,191,148
238,180,145
244,182,145
242,177,143
240,179,147
239,178,141
243,184,149
243,188,144
242,190,144
244,190,148
244,182,148
239,186,142
242,192,146
240,190,144
241,189,148
238,184,145
238,184,142
238,176,142
240,175,142
239,182,141
242,186,149
243,180,148
241,191,147
242,185,149
244,187,145
244,180,146
240,180,141
242,187,149
242,192,147
240,181,141
243,189,149
242,191,148
241,189,143
240,189,147
244,187,149
240,179,141
243,192,147
243,178,144
240,189,143
239,188,143
244,186,149
241,186,142
239,178,146
239,177,141
238,179,145
244,181,145
238,186,144
242,184,149
238,179,141
238,180,141
244,180,147
240,182,141
244,188,149
243,183,149
242,188,143
240,187,142
244,185,149
244,190,146
242,188,149
239,183,141
238,185,145
238,186,143
238,178,141
241,180,148
240,178,141
239,189,144
238,181,141
241,176,142
244,191,147
239,189,145
243,192,146
239,188,146
241,192,146
244,188,145
238,176,144
238,175,143
243,183,143
241,191,144
243,182,143
243,191,145
244,189,149
242,182,142
244,191,148
244,181,148
242,181,142
242,183,149
240,183,141
240,191,145
238,185,142
238,175,142
243,190,149
242,176,143
243,189,144
239,176,141
242,192,145
244,184,149
238,177,141
243,184,143
240,184,148
241,190,148
240,178,147
240,185,148
239,183,147
243,192,148
243,181,143
239,184,147
242,183,142
238,178,145
244,180,145
238,182,141
242,180,142
241,192,145
240,177,141
242,189,149
244,179,146
239,187,142
240,183,148
239,182,147
240,186,148
245,186,147
237,180,143
239,185,147
243,182,149
239,184,141
245,185,147
241,187,142
240,191,146
237,181,143
243,185,143
243,177,144
238,186,145
245,186,148
237,180,142
245,187,148
245,187,147
242,184,142
237,179,142
237,179,143
243,180,143
242,191,144
244,190,149
239,177,146
238,187,144
242,179,142
240,190,147
240,184,141
238,176,141
245,185,148
245,184,147
237,181,142
242,192,148
244,189,145
237,182,143
242,182,149
244,183,149
245,188,148
241,192,147
240,182,148
237,178,142
239,181,147
244,191,146
238,183,141
242,193,146
240,191,144
240,187,148
242,189,143
245,188,147
239,186,147
241,175,142
241,190,143
237,178,143
239,175,141
238,187,143
243,193,147
240,188,142
239,189,143
240,176,141
242,193,147
243,191,149
243,186,143
244,192,147
240,190,143
245,184,148
242,190,149
