255,240,0
255,239,0
255,241,0
255,238,0
255,242,0
255,237,0
255,243,0
255,236,0
255,244,0
255,235,0
255,245,0
255,234,0
255,246,0
254,239,0
255,240,1
254,240,0
255,241,1
254,238,0
255,239,1
254,241,0
255,242,1
254,237,0
255,238,1
254,242,0
255,243,1
254,236,0
255,237,1
255,233,0
255,247,0
254,243,0
255,244,1
254,235,0
255,236,1
254,244,0
255,245,1
254,234,0
255,235,1
255,232,0
255,248,0
254,245,0
255,246,1
254,239,1
254,233,0
255,234,1
254,240,1
254,238,1
254,241,1
254,237,1
254,242,1
255,231,0
255,249,0
254,236,1
254,246,0
255,247,1
254,232,0
255,233,1
254,243,1
254,235,1
254,244,1
254,234,1
254,247,0
255,248,1
255,230,0
255,250,0
254,231,0
255,232,1
254,245,1
254,233,1
254,248,0
255,249,1
254,230,0
255,231,1
254,246,1
255,229,0
255,251,0
254,232,1
254,247,1
254,249,0
255,250,1
254,229,0
255,230,1
254,231,1
255,228,0
255,252,0
253,238,0
255,240,2
253,239,0
255,241,2
253,237,0
255,239,2
253,240,0
255,242,2
253,236,0
255,238,2
254,248,1
253,241,0
255,243,2
253,235,0
255,237,2
254,250,0
255,251,1
254,230,1
254,228,0
255,229,1
253,242,0
255,244,2
253,234,0
255,236,2
253,243,0
255,245,2
255,227,0
255,253,0
253,233,0
255,235,2
254,249,1
254,229,1
253,244,0
255,246,2
254,251,0
255,252,1
253,238,1
254,239,2
253,239,1
254,240,2
253,237,1
253,232,0
255,234,2
254,238,2
255,228,1
254,227,0
253,240,1
254,241,2
253,236,1
254,237,2
253,241,1
254,242,2
253,235,1
254,236,2
253,245,0
255,247,2
254,250,1
253,231,0
255,233,2
253,242,1
255,226,0
255,254,0
254,243,2
254,228,1
253,234,1
254,235,2
253,243,1
254,252,0
255,253,1
254,244,2
253,246,0
255,248,2
254,226,0
255,227,1
253,233,1
254,234,2
253,230,0
255,232,2
253,244,1
254,251,1
254,245,2
253,232,1
254,233,2
254,227,1
253,247,0
255,249,2
255,225,0
255,255,0
253,245,1
253,229,0
255,231,2
254,246,2
254,253,0
255,254,1
253,231,1
254,232,2
254,225,0
255,226,1
254,252,1
253,248,0
255,250,2
253,246,1
254,247,2
254,226,1
253,228,0
255,230,2
253,230,1
254,231,2
254,255,0
255,224,0
253,247,1
254,248,2
254,254,0
255,255,1
253,249,0
255,251,2
254,224,0
255,225,1
253,229,1
254,230,2
254,253,1
255,229,2
253,227,0
254,225,1
253,248,1
254,249,2
253,228,1
254,229,2
253,250,0
255,252,2
253,255,0
255,223,0
253,238,2
253,239,2
253,237,2
253,254,0
254,255,1
255,228,2
253,226,0
253,240,2
253,236,2
254,223,0
255,224,1
254,254,1
253,241,2
253,249,1
253,235,2
254,250,2
254,224,1
253,242,2
253,227,1
253,234,2
254,228,2
253,251,0
255,253,2
253,243,2
253,233,2
253,225,0
255,227,2
253,250,1
252,255,0
255,222,0
252,237,0
255,240,3
254,251,2
253,244,2
252,238,0
255,241,3
252,254,0
253,255,1
252,236,0
255,239,3
252,239,0
255,242,3
253,254,1
255,238,3
252,235,0
254,222,0
255,223,1
253,232,2
252,240,0
255,243,3
253,226,1
254,227,2
255,237,3
252,234,0
254,223,1
253,245,2
252,241,0
255,244,3
253,252,0
255,254,2
252,233,0
255,236,3
253,231,2
253,224,0
255,226,2
252,242,0
255,245,3
253,251,1
254,252,2
252,232,0
255,235,3
253,246,2
253,225,1
252,243,0
255,246,3
254,226,2
253,230,2
251,254,0
252,255,1
252,237,1
251,255,0
255,221,0
252,238,1
252,254,1
252,236,1
254,239,3
252,231,0
255,234,3
254,240,3
252,239,1
254,238,3
254,221,0
255,222,1
254,241,3
252,235,1
254,237,3
252,240,1
253,253,0
255,255,2
253,247,2
254,222,1
254,242,3
252,234,1
252,244,0
255,247,3
254,236,3
252,241,1
253,223,0
255,225,2
253,252,1
252,230,0
255,233,3
254,253,2
254,243,3
253,229,2
252,233,1
254,235,3
252,242,1
254,244,3
253,224,1
252,245,0
255,248,3
254,225,2
253,248,2
252,232,1
254,234,3
252,229,0
255,232,3
252,243,1
254,245,3
251,254,1
250,254,0
251,255,1
253,228,2
250,255,0
252,253,0
254,255,2
252,231,1
254,233,3
252,246,0
255,249,3
253,253,1
254,221,1
254,254,2
253,222,0
255,224,2
252,244,1
254,246,3
253,249,2
252,228,0
255,231,3
252,230,1
253,223,1
254,232,3
254,224,2
253,227,2
252,247,0
255,250,3
252,245,1
254,247,3
255,230,3
252,227,0
252,229,1
254,231,3
253,250,2
251,253,0
253,255,2
250,254,1
249,254,0
250,255,1
252,253,1
253,254,2
252,246,1
249,255,0
253,221,0
255,223,2
254,248,3
252,248,0
255,251,3
253,226,2
253,222,1
252,228,1
254,223,2
254,230,3
255,229,3
252,226,0
253,251,2
252,247,1
254,249,3
252,249,0
255,252,3
250,253,0
252,255,2
252,227,1
251,253,1
254,229,3
252,254,2
253,225,2
252,237,2
252,238,2
252,236,2
253,238,3
253,239,3
249,254,1
252,239,2
253,237,3
252,225,0
255,228,3
253,240,3
252,235,2
253,220,0
255,222,2
248,254,0
249,255,1
253,236,3
252,240,2
252,248,1
253,241,3
254,250,3
253,221,1
252,234,2
254,222,2
248,255,0
253,235,3
252,241,2
253,252,2
253,242,3
252,233,2
252,226,1
253,234,3
252,250,0
255,253,3
254,228,3
252,242,2
253,243,3
253,224,2
252,232,2
252,224,0
255,227,3
253,233,3
252,249,1
252,243,2
254,251,3
250,253,1
249,253,0
251,255,2
251,254,2
253,244,3
252,231,2
253,232,3
248,254,1
253,253,2
252,225,1
254,227,3
252,244,2
253,220,1
254,221,2
252,251,0
255,254,3
253,245,3
247,254,0
248,255,1
252,230,2
253,231,3
247,255,0
252,250,1
252,223,0
255,226,3
253,223,2
254,252,3
252,245,2
253,246,3
252,224,1
252,229,2
254,226,3
249,253,1
250,254,2
253,230,3
248,253,0
250,255,2
252,253,2
252,252,0
255,255,3
252,246,2
253,247,3
252,251,1
254,253,3
247,254,1
252,222,0
255,225,3
252,228,2
253,222,2
253,229,3
246,254,0
247,255,1
252,247,2
252,223,1
253,248,3
254,225,3
246,255,0
255,240,4
251,236,0
255,241,4
251,237,0
255,239,4
251,235,0
255,242,4
251,238,0
251,253,2
251,252,0
254,255,3
255,238,4
251,234,0
252,227,2
248,253,1
253,228,3
249,254,2
255,243,4
251,239,0
252,252,1
255,237,4
251,233,0
247,253,0
249,255,2
254,254,3
255,244,4
251,240,0
252,248,2
252,221,0
255,224,3
253,249,3
255,236,4
251,232,0
253,221,2
255,245,4
251,241,0
252,222,1
254,224,3
252,226,2
246,254,1
255,235,4
251,231,0
253,227,3
255,246,4
251,242,0
251,236,1
251,237,1
245,254,0
246,255,1
250,252,0
253,255,3
252,249,2
251,235,1
253,250,3
250,253,2
255,234,4
251,230,0
251,238,1
254,239,4
254,240,4
251,252,1
254,238,4
251,234,1
253,254,3
254,241,4
251,239,1
254,237,4
255,247,4
251,243,0
254,242,4
251,233,1
247,253,1
245,255,0
248,254,2
252,220,0
255,223,3
251,240,1
254,236,4
252,225,2
255,233,4
251,229,0
253,226,3
246,253,0
248,255,2
