88,162,178
88,161,178
88,163,178
88,160,178
88,164,178
88,163,179
88,161,177
89,163,179
87,161,177
88,162,179
88,162,177
89,162,179
89,164,179
87,160,177
87,162,177
88,164,179
88,160,177
88,159,178
88,165,178
87,162,178
89,162,178
87,161,178
89,163,178
88,161,179
88,163,177
87,163,178
89,161,178
89,161,179
89,165,179
87,159,177
87,163,177
88,165,179
88,159,177
87,160,178
89,164,178
87,164,178
89,160,178
88,160,179
88,164,177
89,160,179
89,166,179
87,158,177
87,164,177
88,158,178
88,166,178
88,166,179
87,159,178
88,158,177
89,165,178
89,164,180
87,160,176
89,163,180
87,161,176
87,165,178
89,165,180
87,159,176
89,159,178
88,159,179
89,162,180
87,162,176
88,165,177
89,166,180
87,158,176
89,159,179
89,167,179
87,157,177
87,165,177
87,158,178
88,167,179
89,166,178
88,157,177
87,163,179
88,157,178
88,167,178
90,163,179
87,162,179
89,161,177
86,161,177
89,162,177
89,161,180
90,164,179
87,163,176
86,160,177
87,166,178
90,162,179
87,164,179
88,164,180
86,162,177
89,158,178
88,163,180
90,164,180
89,160,177
88,160,176
87,161,179
86,160,176
88,161,176
89,167,180
89,163,177
90,163,180
90,165,180
87,157,176
88,165,180
90,165,179
86,159,176
86,161,176
86,159,177
88,159,176
88,162,180
88,158,179
90,161,179
88,162,176
87,165,179
86,163,177
88,166,177
89,159,177
90,162,180
90,166,180
87,160,179
86,158,176
86,162,176
89,158,179
89,168,179
87,156,177
87,166,177
87,157,178
88,166,180
89,160,180
89,164,177
87,164,176
88,168,179
88,158,176
89,167,178
90,166,179
86,158,177
88,161,180
88,156,177
88,163,176
89,168,180
87,167,178
90,160,179
86,164,177
87,166,179
87,156,176
88,156,178
88,168,178
90,161,180
90,167,180
86,157,176
86,163,176
89,157,178
86,162,178
90,162,178
89,158,177
86,161,178
90,163,178
88,167,180
87,159,179
86,163,178
90,161,178
88,157,176
89,165,177
86,160,178
88,160,180
90,164,178
88,157,179
86,157,177
90,167,179
89,159,180
88,164,176
88,167,177
87,165,176
86,164,178
87,156,178
89,165,181
90,160,178
86,165,177
87,159,175
90,165,181
89,157,179
89,169,179
89,164,181
87,155,177
87,167,177
86,159,175
87,167,179
90,159,179
87,160,175
90,160,180
90,168,180
90,164,181
86,159,178
86,156,176
86,164,176
86,160,175
89,168,178
88,169,179
90,166,181
90,165,178
89,169,180
89,166,181
86,158,175
87,158,175
88,168,180
89,163,181
89,157,177
87,155,176
87,161,175
87,158,179
88,155,177
90,163,181
86,161,175
87,168,178
88,156,176
90,167,181
88,159,180
86,165,178
89,167,181
86,157,175
89,166,177
89,156,178
86,156,177
87,157,175
90,159,178
90,168,179
88,155,178
88,169,178
89,162,181
86,158,178
88,165,176
87,162,175
90,162,181
90,166,178
86,162,175
89,158,180
86,166,177
90,159,180
90,169,180
88,156,179
87,168,179
90,158,179
86,155,176
86,165,176
87,166,176
90,168,181
89,168,181
86,156,175
87,163,180
87,164,180
88,169,180
88,168,177
87,156,175
91,164,180
87,155,178
86,166,178
91,165,180
89,161,181
89,170,180
89,156,177
87,157,179
89,161,176
89,160,176
87,162,180
87,165,180
91,163,180
89,156,179
89,170,179
87,154,177
87,168,177
85,160,176
87,163,175
90,158,178
85,159,176
89,169,178
87,154,176
90,161,181
88,170,179
88,155,176
88,158,180
85,161,176
86,157,178
89,162,176
89,159,176
91,166,180
86,163,175
89,167,177
86,155,177
91,162,180
87,161,180
85,158,176
90,167,178
88,154,177
87,166,180
87,169,178
90,169,179
90,169,181
88,164,181
88,165,181
88,166,176
89,169,181
85,162,176
86,155,175
91,165,181
86,162,179
86,163,179
88,160,175
88,159,175
89,163,176
91,163,179
91,164,181
91,166,181
89,155,178
88,163,181
89,158,176
91,164,179
88,166,181
85,159,175
87,155,175
91,167,180
90,162,177
90,161,177
86,167,177
85,161,177
89,160,181
86,161,179
90,158,180
90,170,180
85,158,175
85,160,175
86,164,179
85,160,177
87,169,179
89,157,180
91,162,179
86,154,176
86,166,176
88,161,175
85,157,176
88,158,175
88,154,178
88,170,178
90,157,179
86,167,178
91,165,179
91,161,180
85,162,177
90,163,177
87,160,180
91,163,181
91,167,181
90,160,177
87,164,175
87,167,180
88,170,180
90,160,181
85,159,177
87,167,176
88,162,181
85,163,176
88,167,181
85,157,175
85,161,175
88,155,179
86,164,175
86,160,179
90,157,178
87,156,179
86,165,179
86,156,178
91,161,179
89,155,177
88,162,175
89,164,176
88,157,175
85,163,177
89,171,180
89,157,176
90,164,177
91,166,179
90,170,181
88,157,180
87,154,178
90,159,177
91,168,180
88,169,177
88,154,176
85,158,177
91,162,181
91,168,181
89,170,181
90,168,178
85,156,176
86,154,175
87,153,176
89,155,179
89,171,179
87,153,177
87,169,177
86,154,177
88,161,181
85,156,175
85,162,175
89,168,177
88,168,181
89,170,178
90,166,182
86,158,174
88,171,179
90,165,182
86,159,174
91,160,180
87,159,180
86,159,179
87,154,175
90,170,179
87,168,180
86,166,179
89,159,181
85,164,176
88,167,176
91,160,179
90,167,182
86,157,174
85,164,177
88,163,175
90,164,182
86,160,174
87,170,178
88,156,175
88,153,177
90,165,177
86,168,178
91,167,179
85,157,177
90,158,177
90,159,181
87,165,175
86,168,177
90,157,180
90,171,180
89,165,176
86,153,176
86,167,176
87,170,179
91,161,181
91,169,181
90,168,182
89,156,176
86,156,174
86,165,175
89,154,178
89,156,180
90,156,179
91,169,180
85,155,175
85,163,175
90,163,182
88,171,180
88,160,181
85,155,176
86,155,178
90,156,178
86,161,174
88,169,181
86,158,179
90,171,181
86,167,179
89,165,182
89,166,182
87,168,176
87,155,179
91,166,182
88,153,178
88,171,178
85,165,177
89,171,181
87,159,174
87,158,174
91,159,179
87,158,180
91,165,182
91,159,180
85,158,174
89,154,177
86,153,175
89,164,182
87,169,180
85,165,176
91,167,182
89,167,182
85,159,174
90,169,182
88,164,175
88,156,180
88,154,179
90,169,178
85,161,178
91,163,178
85,162,178
91,162,178
85,157,174
87,160,174
88,155,175
89,172,180
87,157,174
86,155,174
85,156,177
88,153,176
90,166,177
91,168,179
91,164,182
90,157,177
90,162,182
89,158,181
87,153,175
85,160,178
85,163,178
91,164,178
85,160,174
87,153,178
91,161,178
86,153,177
91,168,182
86,162,174
91,160,181
91,170,181
89,163,182
89,168,182
87,152,176
88,170,177
89,169,177
85,156,174
89,166,176
85,154,175
85,164,175
87,161,174
90,171,179
89,154,179
89,172,179
87,156,174
87,152,177
87,170,177
88,159,181
89,155,176
90,158,181
88,168,176
85,159,178
86,169,178
88,170,181
91,163,182
87,166,175
89,171,178
85,164,178
91,170,180
86,157,179
88,172,179
85,154,176
91,165,178
91,160,178
86,168,179
90,170,182
85,161,174
85,166,177
86,166,175
91,169,182
86,169,177
90,156,180
90,172,180
89,162,182
86,152,176
86,168,176
87,171,178
86,154,174
87,171,179
91,158,179
89,169,182
85,155,174
90,161,182
87,157,180
86,154,178
88,152,177
90,172,181
88,165,175
85,166,176
91,158,180
90,155,178
85,155,177
90,155,179
87,170,180
88,172,180
87,162,174
89,155,180
88,154,175
85,158,178
89,172,181
87,155,174
86,163,174
90,167,177
85,165,178
91,169,179
90,156,177
