217,136,158
217,136,157
217,136,159
217,136,156
217,136,160
218,137,159
216,135,157
217,135,157
217,137,159
218,137,158
218,137,160
216,135,156
216,135,158
217,135,158
217,137,158
218,136,158
216,136,158
218,136,159
216,136,157
217,135,156
217,137,160
218,136,157
216,136,159
217,135,159
217,137,157
218,137,157
218,137,161
216,135,155
216,135,159
218,136,160
216,136,156
217,136,161
217,136,155
217,135,155
217,137,161
218,136,156
216,136,160
217,135,160
217,137,156
218,136,161
218,138,160
216,134,156
216,136,155
218,137,156
218,137,162
216,135,160
216,135,154
218,138,159
216,134,157
218,138,161
216,134,155
219,137,159
215,135,157
219,137,160
215,135,156
217,135,154
217,137,162
217,136,162
217,136,154
218,136,155
218,138,158
216,134,158
219,137,158
215,135,158
216,136,161
218,135,158
218,135,157
216,137,158
219,138,160
216,137,159
215,134,156
219,137,161
215,135,155
216,134,154
219,138,159
219,138,161
218,138,162
215,134,155
215,134,157
217,135,161
218,135,159
218,135,156
218,136,162
216,137,157
217,137,155
216,137,160
216,136,154
219,137,157
215,135,159
217,134,157
217,138,159
218,137,163
218,137,155
216,135,161
216,135,153
217,134,156
217,138,160
216,134,159
218,138,157
219,138,158
219,138,162
215,134,154
215,134,158
217,134,158
219,137,162
217,138,158
217,134,155
219,136,159
215,135,154
218,135,160
219,136,158
217,138,161
215,136,157
217,135,153
215,136,158
218,135,155
216,137,156
218,136,154
216,134,153
217,137,163
216,137,161
218,138,163
219,136,160
216,136,162
219,136,157
215,136,156
217,136,153
217,136,163
215,136,159
219,137,156
217,134,159
215,135,160
217,134,154
219,138,157
219,138,163
215,134,159
215,134,153
217,138,157
216,134,160
217,135,162
217,138,162
218,138,156
218,136,163
217,137,154
219,136,161
218,135,161
219,137,163
219,136,156
216,136,153
218,135,154
215,136,155
215,135,153
218,137,154
218,137,164
216,135,152
216,135,162
215,136,160
216,137,155
219,139,161
219,139,160
215,133,155
216,137,162
215,133,156
216,134,152
219,139,162
217,134,160
215,133,154
218,138,164
218,139,160
218,139,161
217,134,153
217,135,152
216,133,156
216,133,155
219,139,159
217,138,156
219,137,155
218,136,153
220,138,160
214,134,156
215,133,157
217,138,163
219,138,156
219,138,164
220,138,161
214,134,155
215,134,160
215,134,152
217,137,164
215,135,161
219,136,162
218,139,159
216,136,163
218,139,162
216,133,157
219,136,155
220,138,159
216,133,154
214,134,157
219,139,163
216,134,161
215,136,154
215,133,153
220,138,162
218,135,162
215,136,161
214,134,154
218,138,155
217,136,152
217,136,164
218,135,153
219,137,164
220,137,160
220,137,159
214,135,156
214,135,157
217,135,163
219,139,158
215,133,158
218,136,164
215,135,152
220,138,158
216,133,158
216,137,154
218,134,157
218,139,158
214,134,158
216,133,153
218,139,163
220,137,161
218,134,156
216,138,159
217,137,153
216,137,163
220,137,158
220,139,161
214,135,155
217,134,161
214,133,155
214,135,158
218,134,158
216,136,152
216,138,160
219,135,158
217,134,152
220,139,162
220,139,160
220,138,163
216,138,158
219,135,157
214,133,154
214,133,156
216,134,151
218,137,153
218,137,165
216,135,163
216,135,151
214,134,153
215,137,158
219,139,164
215,133,152
219,135,159
217,138,155
218,134,155
219,136,163
215,137,159
218,138,165
217,138,164
219,136,154
219,137,154
215,137,157
216,138,161
220,137,162
219,138,155
219,138,165
218,134,159
215,134,151
215,134,161
219,135,156
220,137,157
220,139,159
220,139,163
214,135,154
214,133,153
214,133,157
220,138,157
215,135,162
217,135,151
215,136,153
214,135,159
216,133,159
215,133,159
216,138,157
214,134,159
219,139,157
218,136,152
219,135,160
215,137,160
216,133,152
218,139,157
215,136,162
218,139,164
218,135,163
217,133,156
217,139,160
216,134,162
218,134,154
217,137,165
215,137,156
217,133,155
217,139,161
216,136,164
218,135,152
220,138,164
217,133,157
218,138,154
217,139,159
219,137,165
219,135,155
214,134,152
216,138,162
218,134,160
220,139,158
220,139,164
220,137,163
215,133,151
214,133,158
214,133,152
217,133,154
219,139,165
216,137,153
217,134,162
220,137,156
215,135,151
217,139,162
219,135,161
217,136,151
217,136,165
215,137,161
217,135,164
214,135,153
217,134,151
216,137,164
216,138,156
217,133,158
218,136,165
214,135,160
220,136,159
217,139,158
220,136,158
220,138,156
219,136,164
214,136,157
216,133,160
220,136,160
217,138,154
215,137,155
217,137,152
218,134,153
214,134,160
219,136,153
216,134,150
214,136,158
216,133,151
219,140,161
215,133,160
219,140,162
216,136,151
217,138,165
214,136,156
219,139,156
218,139,156
217,133,153
220,136,157
219,135,154
219,137,153
215,132,155
219,138,154
219,138,166
218,139,165
218,137,152
218,137,166
218,138,166
216,135,150
216,135,164
215,132,154
215,134,162
215,134,150
217,139,163
215,136,152
219,140,160
219,140,163
218,134,161
216,138,163
220,136,161
214,136,159
217,133,159
220,138,165
220,140,162
220,139,157
220,139,165
215,136,163
215,132,156
214,133,159
214,133,151
220,140,161
215,135,163
215,132,153
220,137,164
214,134,151
219,135,162
214,132,154
214,136,155
217,139,157
220,137,155
215,137,162
220,140,163
214,132,155
218,135,164
217,135,150
218,136,151
215,133,150
220,136,156
216,134,163
214,132,153
216,138,155
218,135,151
214,135,152
220,140,160
219,140,159
219,139,166
214,135,161
219,140,164
217,133,152
214,132,156
215,132,157
219,137,166
217,137,166
215,132,152
221,139,161
215,137,154
220,136,162
218,138,153
213,133,155
214,136,160
218,134,152
221,138,161
221,138,160
213,134,155
213,134,156
217,134,163
221,139,162
216,136,165
220,138,155
220,140,164
213,133,154
218,140,161
216,133,161
217,139,164
217,134,150
216,137,152
221,139,160
218,140,162
214,132,152
213,133,156
219,135,153
214,134,161
215,135,150
216,132,155
221,138,162
216,133,150
217,133,160
221,138,159
213,134,154
218,140,160
216,132,154
214,136,154
213,134,157
219,136,165
216,137,165
215,133,161
221,139,163
220,140,159
213,133,153
216,132,156
218,134,162
218,139,155
219,136,152
214,132,157
219,139,155
217,135,165
220,136,155
216,138,164
218,140,163
220,139,156
220,139,166
218,136,166
217,138,153
218,139,166
217,136,150
217,136,166
217,139,156
214,133,150
214,133,160
219,140,158
216,132,153
221,139,159
215,132,158
219,135,163
213,133,157
216,134,149
220,138,166
220,137,165
219,140,165
215,132,151
217,138,166
221,138,163
218,140,159
215,137,163
221,138,158
220,140,165
216,132,157
220,137,154
213,134,153
220,136,163
217,137,151
213,134,158
219,138,153
219,138,167
214,132,151
215,134,149
215,134,163
215,136,151
214,134,150
219,137,152
221,139,164
214,136,161
219,134,157
217,133,151
216,136,150
213,133,152
218,138,167
219,134,158
216,138,154
215,136,164
219,134,156
214,135,151
218,137,151
218,137,167
216,135,149
216,135,165
215,133,149
216,132,152
215,138,159
218,140,164
220,140,158
221,140,162
214,135,162
218,133,156
215,135,164
221,137,160
218,134,151
214,132,158
215,137,153
215,138,158
221,137,159
213,132,154
221,139,158
218,135,165
218,133,157
214,136,153
219,139,167
221,140,163
221,140,161
215,138,160
213,135,156
219,134,159
218,133,155
217,133,161
217,139,165
216,139,160
213,133,158
221,137,161
219,134,155
213,135,157
216,132,158
213,132,155
213,132,153
221,138,164
218,135,150
219,135,152
218,140,158
220,138,154
216,139,159
221,138,157
213,135,155
216,134,164
220,136,154
216,139,161
217,135,149
