20,120,115
20,120,110
20,120,120
20,115,110
20,115,115
20,120,105
20,115,105
20,115,120
25,120,115
25,125,120
25,120,120
25,120,110
25,125,115
25,125,125
20,110,115
20,115,100
20,120,100
20,110,120
25,115,120
20,125,120
25,125,110
25,120,105
25,120,125
20,125,115
20,125,125
20,105,115
20,125,110
20,115,95
20,120,125
25,125,105
25,115,125
25,110,120
25,120,100
20,120,95
20,105,120
20,125,105
20,115,125
20,110,105
25,115,110
20,110,110
25,115,115
25,130,125
20,110,100
25,115,105
25,130,120
20,100,115
25,130,130
20,115,90
25,125,100
25,110,125
25,105,120
25,130,115
20,105,110
25,110,115
25,120,95
25,125,130
20,125,100
20,110,95
25,115,100
20,110,125
20,120,90
20,100,120
25,130,110
25,120,130
20,100,110
25,105,115
20,110,90
25,115,95
20,95,115
25,125,95
20,130,125
25,105,125
20,115,85
20,130,120
20,125,95
20,130,130
25,100,120
20,105,125
25,120,90
25,130,105
20,130,115
25,115,130
20,125,130
20,120,85
20,95,120
20,95,110
25,100,115
20,130,110
20,120,130
20,110,85
25,115,90
20,125,90
25,125,90
25,130,100
25,100,125
15,115,110
20,90,115
25,110,130
15,115,105
20,100,125
15,115,115
20,130,105
20,115,80
25,95,120
20,115,130
15,120,115
25,120,85
15,115,100
15,120,110
25,135,130
15,110,115
25,110,105
15,120,120
25,135,125
20,105,100
25,135,135
25,110,110
20,105,105
25,110,100
30,125,120
20,90,110
25,95,115
20,105,95
15,120,105
20,120,80
25,135,120
30,125,125
15,115,120
30,125,115
20,90,120
25,130,135
15,110,105
20,110,80
25,115,85
20,130,100
30,130,125
15,115,95
25,105,110
15,105,115
15,110,110
15,110,100
25,130,95
20,100,105
30,130,120
30,130,130
30,120,125
25,110,95
30,125,110
20,110,130
25,135,115
25,105,130
15,120,100
20,105,90
20,125,85
15,110,120
25,125,135
15,105,110
25,125,85
30,130,115
15,110,95
30,125,130
20,95,125
25,95,125
20,85,115
25,100,110
30,115,125
20,115,75
15,115,90
20,95,105
30,125,105
15,100,115
25,135,110
25,90,120
15,120,95
20,130,95
15,125,120
30,130,110
25,110,90
30,120,130
15,100,110
25,120,80
25,120,135
15,125,115
30,120,115
15,105,120
15,110,90
20,105,85
15,125,125
30,120,120
20,85,110
30,120,110
25,90,115
20,105,130
15,125,110
25,130,90
15,120,125
20,120,75
20,135,130
20,110,75
25,115,80
20,135,125
30,115,120
25,100,130
20,135,135
30,110,125
30,120,105
25,135,105
30,125,100
15,125,105
20,135,120
30,130,105
20,125,80
15,115,85
25,95,110
30,115,130
15,120,90
15,95,115
20,130,135
20,90,105
15,115,125
15,95,110
25,115,135
30,135,130
15,110,85
15,100,120
30,135,125
20,90,125
30,135,135
25,125,80
15,105,100
25,110,85
20,135,115
20,130,90
20,105,80
15,105,105
30,110,120
15,105,95
30,135,120
20,125,135
30,130,135
15,125,100
30,120,100
20,100,130
15,110,125
15,100,105
20,115,70
25,135,100
20,135,110
15,105,90
30,105,125
30,130,100
30,135,115
30,110,130
30,125,95
30,125,135
25,130,85
25,120,75
20,120,135
25,110,135
15,120,85
20,80,110
15,90,110
25,85,115
15,115,80
15,110,80
15,90,115
25,95,130
15,95,120
25,90,110
30,105,120
15,125,95
20,85,105
15,95,105
20,110,70
25,115,75
30,120,95
20,120,70
15,105,125
15,105,85
20,135,105
30,135,110
20,125,75
20,130,85
25,110,80
30,120,135
20,105,75
20,115,135
15,130,125
25,140,135
25,135,95
15,130,120
20,95,130
25,140,130
15,130,130
25,140,140
25,125,75
30,130,95
30,105,130
15,130,115
30,100,125
25,140,125
25,105,135
15,125,90
30,125,90
30,115,110
15,125,130
15,90,105
25,135,140
15,120,80
20,100,95
25,105,100
30,115,115
20,135,100
15,85,110
20,100,100
30,135,105
30,100,120
30,115,105
15,105,80
25,105,105
15,110,75
15,100,125
15,90,120
15,115,75
15,130,110
20,100,90
30,115,135
25,140,120
15,85,115
25,105,95
25,130,80
30,120,90
15,120,130
20,110,135
25,130,140
30,110,115
20,115,65
25,85,110
20,95,100
25,100,105
20,80,105
30,115,100
25,120,70
15,130,105
20,130,80
25,140,115
20,100,85
25,105,90
25,135,90
15,115,130
25,110,75
25,125,140
15,125,85
30,140,135
20,105,70
20,125,70
20,110,65
25,115,70
20,135,95
30,140,130
30,130,90
15,85,105
30,140,140
30,135,100
30,105,115
20,120,65
30,100,130
25,100,135
15,100,95
20,90,100
30,110,135
15,95,125
30,140,125
15,105,75
25,95,105
30,95,125
15,100,100
30,115,95
15,120,75
30,135,140
15,130,100
15,100,90
25,140,110
30,125,85
20,105,135
30,95,120
15,80,110
15,85,120
20,100,80
15,110,70
25,105,85
15,110,130
25,125,70
25,120,140
30,140,120
15,95,100
15,115,70
30,120,85
30,130,140
15,100,85
20,140,135
20,140,130
25,130,75
30,100,115
20,140,140
20,135,90
15,130,95
20,140,125
25,140,105
15,125,80
30,140,115
25,135,85
30,135,95
20,130,75
20,85,100
20,135,140
30,115,90
25,90,105
15,90,100
30,125,140
15,80,105
30,105,135
15,105,130
20,140,120
25,115,140
15,90,125
15,100,80
20,100,135
30,130,85
20,115,60
15,105,70
20,130,140
20,100,75
25,105,80
25,110,70
25,120,65
20,105,65
15,120,70
20,125,65
30,140,110
20,140,115
30,90,120
30,125,80
15,130,90
20,110,60
25,115,65
30,120,140
25,140,100
20,120,60
20,125,140
30,95,115
15,135,130
15,85,100
15,135,125
15,110,65
30,120,80
15,135,135
15,115,65
20,135,85
15,135,120
15,100,130
25,110,140
20,140,110
15,100,75
15,130,135
35,130,125
15,125,75
30,115,85
30,135,90
20,80,100
25,85,105
35,130,130
35,130,120
25,125,65
15,135,115
25,135,80
30,100,135
30,140,105
20,120,140
25,130,70
15,125,135
20,130,70
15,75,105
35,125,130
35,135,130
35,130,115
30,115,140
35,135,125
35,135,135
20,100,70
15,135,110
15,130,85
25,105,75
30,130,80
25,140,95
15,105,65
20,140,105
35,135,120
35,130,135
30,110,105
15,120,135
15,80,100
35,120,130
30,110,110
15,120,65
35,130,110
20,115,140
15,95,130
10,115,110
30,110,100
25,105,140
30,90,115
10,115,105
35,125,120
25,145,140
10,115,115
25,145,135
20,135,80
15,135,105
15,100,70
35,125,125
25,145,145
30,140,100
25,110,65
35,125,115
20,115,55
35,135,115
35,125,135
20,105,60
30,125,75
25,145,130
30,105,110
20,125,60
10,115,100
10,110,115
25,140,145
25,120,60
15,115,135
30,135,85
15,125,70
10,120,115
20,140,100
30,115,80
15,110,60
30,110,140
30,120,75
10,120,110
35,120,125
30,110,95
10,120,120
10,110,105
15,115,60
20,75,100
35,125,110
25,145,125
35,115,130
25,80,105
10,110,100
10,110,110
35,130,105
30,145,140
10,120,105
30,145,135
10,115,95
25,135,145
30,145,145
20,120,55
15,130,80
20,110,55
25,135,75
25,115,60
10,115,120
15,95,90
25,140,90
10,105,115
15,135,100
20,110,140
35,135,110
15,95,95
30,145,130
35,120,135
10,110,95
20,95,90
10,105,110
30,100,110
15,95,85
30,140,145
25,145,120
20,95,95
35,115,125
10,120,100
20,130,65
20,95,85
35,125,105
15,110,135
10,110,120
15,75,100
20,100,65
25,130,65
30,145,125
