193,207,178
194,208,179
192,206,177
193,207,177
193,207,179
192,207,177
194,207,179
192,207,178
194,207,178
194,208,178
193,208,178
192,206,178
193,206,178
193,208,179
195,208,179
191,206,177
193,206,177
192,206,176
194,208,180
191,206,176
195,208,180
195,209,180
191,205,176
195,209,179
194,209,179
191,205,177
192,205,177
194,207,177
192,207,176
194,207,180
191,207,177
193,208,177
196,209,180
194,209,180
190,205,176
192,205,176
193,206,179
195,208,178
192,207,179
192,208,178
195,207,179
195,209,181
191,205,175
196,209,181
190,205,175
191,206,178
193,206,176
194,206,178
190,206,176
193,207,176
195,208,181
194,208,177
193,208,180
191,206,175
191,207,176
192,208,177
196,208,180
193,207,180
194,209,178
192,205,178
195,207,178
191,207,178
192,206,179
195,207,180
194,206,179
196,209,179
196,210,181
190,204,175
193,209,179
192,208,179
196,208,179
194,206,177
190,206,177
192,206,175
190,205,177
196,210,180
190,206,175
195,210,180
190,204,176
193,205,177
191,204,176
195,209,178
194,208,181
193,209,178
196,208,181
191,205,178
192,205,175
189,205,175
193,205,178
197,210,181
195,210,181
189,204,175
191,204,175
194,209,181
196,209,182
197,209,181
190,205,174
196,210,182
197,210,182
190,204,174
195,210,179
189,204,174
193,209,180
197,209,180
193,205,176
189,205,176
191,204,177
194,207,176
195,208,177
193,208,176
191,205,174
192,208,176
190,207,176
195,207,177
197,210,180
191,208,177
192,207,175
195,209,182
189,205,174
193,206,180
194,210,180
191,207,175
194,207,181
190,207,177
194,206,180
197,209,182
196,210,179
195,207,181
196,208,178
189,204,176
194,210,179
191,208,178
192,204,176
190,204,177
193,206,175
194,206,176
194,209,177
193,209,177
192,204,177
192,207,180
196,209,178
189,206,176
191,207,179
189,206,175
191,206,179
192,205,179
196,207,179
192,209,178
193,205,179
196,207,180
190,206,178
195,208,182
197,211,182
191,206,174
189,203,174
195,206,179
191,204,174
196,208,182
190,206,174
195,206,178
197,211,181
188,204,174
196,211,181
189,203,175
190,203,175
194,208,176
195,210,182
197,209,179
192,208,180
198,210,182
193,207,175
193,208,181
192,209,179
191,208,176
197,208,180
197,210,183
194,210,181
198,210,181
192,204,175
188,204,175
190,207,175
197,208,181
190,205,178
189,204,173
196,211,182
198,211,182
188,203,174
190,203,174
195,209,177
194,205,178
193,205,175
189,205,177
196,211,180
192,206,180
195,210,178
188,205,175
192,209,177
193,207,181
190,203,176
192,205,174
190,207,178
196,207,178
194,210,178
194,205,177
192,206,174
188,205,174
190,204,173
191,204,178
197,210,179
196,210,183
195,206,180
196,207,181
197,211,183
188,204,173
198,211,183
192,204,178
198,210,183
189,203,173
189,206,174
191,208,179
197,208,179
195,206,177
189,206,177
188,203,173
193,210,179
196,209,183
193,209,181
198,211,181
197,211,180
197,209,183
195,211,181
190,205,173
198,209,181
195,211,180
191,205,179
189,205,173
194,209,182
188,203,175
194,208,182
189,203,176
191,203,175
198,210,180
194,205,179
191,203,176
198,209,182
193,210,180
197,208,182
189,204,177
196,210,178
195,207,176
196,208,177
193,210,178
193,204,177
189,207,176
192,208,175
198,209,180
192,209,180
194,205,176
188,205,176
190,208,177
188,204,176
194,206,181
195,208,176
193,204,176
194,207,175
190,203,173
191,207,174
195,207,182
191,205,173
187,203,173
192,204,174
194,206,175
193,209,176
196,211,183
190,208,176
193,208,175
199,211,183
187,204,174
188,205,173
197,209,178
190,204,178
196,211,179
195,211,182
199,211,182
187,203,174
191,203,174
189,207,175
195,211,179
191,208,175
188,206,175
191,204,173
193,205,180
198,211,184
196,209,177
198,212,182
195,209,183
197,212,182
188,202,174
198,212,183
191,209,178
192,207,174
189,202,174
188,202,173
193,204,178
196,207,177
190,203,177
187,204,173
194,209,176
194,210,182
190,207,174
191,203,177
198,211,180
193,206,181
189,207,177
188,203,172
198,209,183
197,208,178
192,209,176
191,209,177
199,210,182
193,206,174
196,208,183
194,207,182
197,210,184
194,211,180
190,208,178
198,210,184
195,206,181
195,210,183
190,206,173
195,206,176
197,212,181
196,207,182
188,206,174
189,204,172
189,202,175
188,204,172
188,206,176
197,212,183
199,212,183
191,207,180
197,211,184
199,210,183
194,210,177
192,205,180
189,202,173
187,202,173
190,206,179
189,203,172
199,211,184
187,203,172
197,211,179
193,205,174
199,210,181
193,210,181
193,204,175
187,204,175
199,211,181
191,206,173
194,205,180
188,203,176
197,207,180
194,211,179
194,211,181
192,204,179
198,209,179
196,206,179
189,206,173
198,212,181
198,210,179
195,208,183
195,210,177
187,205,174
197,210,178
196,212,181
190,207,179
192,203,176
199,212,182
191,206,180
194,208,175
191,209,179
192,208,181
192,207,181
198,212,184
196,212,182
193,210,177
199,212,184
192,210,179
188,202,175
197,207,179
197,208,183
188,202,172
189,206,178
187,202,172
187,202,174
192,210,178
190,202,175
189,205,178
190,202,174
193,207,174
190,208,175
187,203,175
196,206,178
198,208,181
195,209,176
194,205,175
191,208,180
192,203,175
196,206,180
190,204,172
189,203,177
197,207,181
192,205,173
197,209,184
187,205,175
189,207,174
195,205,178
198,208,180
190,205,179
187,204,172
191,204,179
191,209,176
192,203,177
193,208,182
196,210,184
187,205,173
191,203,173
193,204,179
189,205,172
186,203,173
199,210,184
188,205,177
195,205,179
197,212,180
196,212,180
198,208,182
195,211,178
195,205,177
192,206,173
193,209,182
190,203,172
195,211,183
196,209,184
190,205,172
199,210,180
189,202,176
189,202,172
196,210,177
186,203,172
200,211,183
186,202,172
190,202,176
188,205,172
197,212,184
196,208,176
200,212,183
196,212,183
192,210,180
189,207,178
197,207,178
188,206,173
186,202,173
190,202,173
192,209,181
200,212,184
199,209,182
198,209,184
192,206,181
195,207,175
192,204,173
191,203,178
188,204,177
199,212,181
196,211,178
199,209,181
192,210,177
198,211,185
193,207,182
196,211,184
194,211,178
195,212,181
198,211,179
199,211,185
190,208,179
198,208,179
188,206,177
196,206,177
189,204,178
186,204,173
189,208,176
199,212,185
199,211,180
196,207,176
194,204,177
197,208,177
200,211,182
194,211,182
192,203,174
186,203,174
200,211,184
188,207,175
197,209,177
194,209,183
193,211,179
191,205,180
196,206,181
193,211,180
198,212,180
188,203,171
193,204,174
199,213,183
187,203,171
198,213,183
187,201,173
187,202,171
197,207,182
188,201,173
188,207,176
192,208,174
189,208,177
194,204,178
195,212,180
186,204,174
199,213,184
191,208,174
194,206,174
187,201,172
190,203,178
187,202,175
190,209,177
199,209,183
193,209,175
187,204,176
200,212,182
194,208,183
195,206,175
195,208,175
192,209,175
194,206,182
195,205,180
198,210,185
195,212,182
191,204,172
198,212,185
198,213,182
191,202,175
198,209,178
192,203,178
194,204,176
188,201,174
200,212,185
191,207,173
195,206,182
187,206,174
188,202,171
190,207,173
195,207,183
191,209,180
199,209,180
195,205,176
187,205,176
194,207,174
191,205,172
187,206,175
186,202,171
186,204,172
196,209,176
190,209,178
193,205,181
189,208,175
196,207,183
188,202,176
198,208,183
198,213,184
200,213,184
188,201,172
186,201,172
186,202,174
194,210,183
187,205,172
197,211,178
188,204,171
194,205,181
193,208,174
199,213,182
189,203,171
191,202,174
198,210,178
190,204,179
191,202,176
188,207,174
193,210,182
197,213,182
197,211,185
194,210,176
190,209,176
186,203,171
194,209,175
197,210,185
193,211,178
