191,98,147
191,98,146
191,98,148
191,98,145
191,98,149
192,99,148
190,97,146
192,98,148
192,98,147
190,98,146
190,98,147
192,99,147
192,99,149
190,97,145
190,97,147
191,97,147
191,99,147
191,97,146
191,99,148
191,98,144
191,98,150
192,98,149
190,98,145
192,98,146
190,98,148
191,97,148
191,99,146
192,99,146
192,99,150
191,97,145
190,97,144
190,97,148
191,99,149
192,98,150
192,98,145
190,98,144
190,98,149
191,97,149
191,99,145
191,97,144
191,99,150
192,99,145
192,99,151
190,97,143
190,97,149
191,98,143
191,98,151
192,98,151
192,98,144
193,99,149
190,98,143
189,97,145
193,99,148
189,97,146
190,98,150
191,97,150
191,97,143
191,99,144
191,99,151
193,99,150
189,97,144
193,99,147
189,97,147
192,99,144
192,99,152
190,97,142
190,97,150
192,100,148
192,100,149
190,96,146
192,97,147
190,96,145
190,99,147
192,97,148
191,98,142
191,98,152
193,99,151
192,97,146
193,99,146
189,97,143
190,99,146
192,100,147
189,97,148
190,99,148
192,100,150
190,96,147
190,96,144
192,98,152
192,98,143
193,100,149
189,96,145
190,98,142
192,97,149
193,98,148
190,98,151
193,100,148
193,100,150
191,97,151
192,97,145
189,98,146
189,96,144
189,96,146
190,99,145
191,97,142
193,98,149
190,99,149
191,99,143
193,98,147
189,98,145
191,99,152
189,98,147
192,100,146
190,96,148
192,100,151
190,96,143
193,99,152
193,100,147
193,100,151
193,99,145
189,96,147
189,96,143
189,97,142
193,98,150
192,99,143
192,99,153
190,97,141
190,97,151
189,97,149
193,98,146
189,98,144
192,97,150
189,98,148
192,97,144
190,99,144
191,96,146
191,100,148
190,99,150
191,96,147
191,100,147
191,96,145
191,100,149
190,96,149
192,100,145
191,98,141
191,98,153
190,96,142
193,100,146
193,100,152
192,100,152
193,98,151
192,98,153
189,96,142
189,96,148
193,98,145
192,98,142
189,98,143
190,98,141
191,96,148
191,97,152
189,98,149
191,100,146
191,96,144
190,98,152
191,97,141
191,100,150
193,99,153
192,97,151
191,99,142
193,99,144
189,97,141
191,99,153
192,97,143
189,97,150
190,99,143
190,99,151
191,96,149
192,99,142
192,99,154
190,97,140
190,97,152
193,98,152
191,96,143
193,100,145
193,100,153
191,100,145
189,96,141
189,96,149
190,96,150
193,98,144
191,100,151
192,100,144
190,96,141
192,100,153
189,98,142
194,100,150
194,100,149
188,96,144
188,96,145
189,98,150
194,99,149
188,97,145
194,99,150
194,99,148
188,97,144
188,97,146
194,100,151
194,100,148
188,96,143
188,96,146
192,97,152
192,98,154
193,99,154
192,97,142
192,98,141
191,98,140
191,98,154
193,99,143
191,96,150
194,99,151
194,99,147
191,97,153
188,97,143
189,97,140
190,98,140
191,96,142
188,97,147
190,99,142
191,97,140
189,97,151
191,100,144
190,98,153
194,100,152
194,100,147
190,99,152
188,96,142
191,100,152
191,99,141
193,98,153
188,96,147
193,101,149
193,101,150
191,99,154
193,100,144
193,100,154
189,96,140
189,96,150
193,98,143
190,96,151
189,95,145
189,95,144
193,97,148
190,96,140
193,97,147
194,99,152
189,98,141
193,101,148
192,100,143
193,101,151
194,99,146
192,100,154
188,97,142
189,98,151
189,99,146
189,95,146
189,99,147
193,97,149
189,95,143
188,97,148
192,99,141
192,99,155
193,97,146
190,97,153
190,97,139
194,100,153
194,100,146
192,101,149
189,99,145
188,96,141
191,96,151
189,99,148
188,96,148
192,101,148
193,101,147
192,97,153
190,95,145
192,101,150
193,101,152
192,96,147
192,96,146
191,96,141
193,97,150
190,95,146
189,95,147
190,95,144
192,97,141
189,95,142
190,100,147
190,100,148
191,100,143
193,97,145
192,96,148
193,99,155
194,99,153
192,96,145
194,101,150
191,100,153
193,99,142
192,101,147
189,99,144
194,99,145
190,100,146
192,101,151
190,99,141
192,98,155
194,101,149
194,101,151
190,95,147
193,98,154
188,95,144
188,97,141
190,100,149
189,97,139
189,99,149
190,95,143
192,98,140
189,97,152
190,99,153
188,97,149
194,98,149
188,95,143
188,95,145
194,98,148
193,98,142
193,100,143
193,100,155
191,97,154
189,96,139
189,96,151
192,96,149
191,97,139
191,98,139
191,98,155
193,101,146
190,98,139
188,98,145
188,98,146
192,96,144
193,101,153
194,100,154
193,97,151
194,98,150
194,101,148
194,101,152
190,96,152
194,100,145
189,95,148
190,98,154
194,98,147
189,98,140
189,95,141
188,96,140
193,97,144
190,100,145
190,96,139
191,99,140
188,95,146
188,95,142
188,96,149
192,101,146
188,98,144
192,100,142
190,100,150
191,99,155
190,95,148
189,98,152
188,98,147
192,101,152
192,100,155
190,95,142
189,99,143
191,96,152
194,98,151
189,99,150
194,98,146
194,99,154
192,96,150
191,96,140
194,101,147
194,101,153
194,99,144
192,96,143
188,98,143
192,97,154
192,99,140
192,99,156
190,97,138
190,97,154
188,95,141
188,95,147
191,100,142
188,98,148
188,97,140
190,100,144
193,97,152
192,97,140
193,101,145
188,97,150
191,100,154
193,101,154
189,95,149
190,100,151
190,95,149
193,97,143
189,95,140
192,101,145
194,98,152
193,99,156
190,95,141
194,100,155
192,101,153
193,98,155
193,99,141
194,98,145
194,100,144
190,99,140
188,96,139
193,98,141
189,99,142
193,100,142
193,100,156
188,96,150
189,97,138
189,96,152
189,96,138
188,98,142
192,96,151
190,99,154
195,100,150
187,96,144
194,101,146
194,101,154
191,95,146
191,101,148
189,97,153
191,95,145
191,101,149
192,98,156
189,99,151
195,100,151
187,96,143
188,98,149
195,100,149
187,96,145
192,96,142
188,95,140
188,95,148
192,98,139
190,96,153
191,95,147
189,98,139
191,97,155
191,101,147
191,95,144
190,96,138
194,99,155
191,101,150
191,97,138
190,100,143
195,100,152
189,98,153
191,96,153
190,98,138
192,100,141
187,96,142
194,99,143
195,100,148
191,98,138
191,98,156
194,98,153
193,97,153
187,96,146
192,100,156
190,98,155
190,95,150
190,100,152
191,96,139
191,99,139
191,95,148
193,101,144
194,98,144
189,95,150
192,101,144
188,97,139
190,95,140
193,97,142
191,99,156
193,101,155
189,95,139
191,101,146
191,95,143
192,101,154
191,101,151
188,97,151
195,101,151
195,101,150
191,100,141
192,97,155
188,98,141
187,95,143
187,95,144
195,100,153
195,100,147
192,96,152
187,96,141
194,101,145
194,101,155
195,99,150
194,100,156
195,99,149
195,101,152
191,100,155
195,101,149
192,97,139
189,99,141
188,98,150
187,96,147
194,100,143
187,97,144
187,95,142
187,97,145
188,95,139
188,95,149
187,95,145
192,96,141
195,99,151
188,96,138
191,95,149
192,99,139
192,99,157
190,97,137
190,97,155
195,99,148
189,99,152
193,98,156
188,96,151
187,97,143
191,95,142
187,97,146
191,101,145
193,99,157
195,101,153
193,98,140
195,101,148
194,98,154
193,99,140
190,99,139
191,101,152
190,100,142
187,95,141
193,100,141
193,100,157
187,95,146
195,99,152
189,96,137
189,96,153
195,100,154
194,99,156
194,98,143
195,99,147
190,95,151
193,97,154
190,99,155
195,100,146
190,100,153
189,97,137
187,97,142
187,96,140
193,102,150
194,99,142
190,95,139
194,102,150
189,97,154
194,102,151
187,97,147
187,96,148
192,101,143
193,102,149
193,97,141
189,95,151
190,96,154
193,102,151
189,98,138
193,101,143
191,96,154
189,95,138
192,98,157
190,96,137
191,95,150
193,101,156
192,101,155
