24,133,128
24,133,129
24,133,127
24,133,126
24,133,130
24,134,129
24,132,127
24,134,128
24,132,128
24,134,130
24,132,126
24,133,131
24,133,125
24,134,127
24,132,129
24,134,131
24,132,125
24,134,126
24,133,132
24,133,124
24,132,130
24,134,132
24,132,124
25,134,129
24,134,125
23,132,127
24,132,131
24,134,133
25,134,130
25,134,128
24,132,123
23,132,128
23,132,126
23,133,128
25,133,128
24,133,123
24,133,133
23,133,127
25,133,129
23,133,129
25,133,127
25,134,127
25,134,131
23,132,129
23,132,125
23,133,126
25,133,130
23,133,130
25,133,126
24,135,130
24,131,126
24,135,129
24,131,127
24,135,131
24,131,125
24,134,124
25,134,126
25,134,132
23,132,130
23,132,124
24,134,134
24,132,132
23,133,125
24,135,128
25,133,131
23,133,131
24,132,122
24,131,128
24,135,132
25,133,125
24,131,124
25,135,130
24,132,133
24,133,122
23,131,126
25,135,129
25,135,131
23,131,127
24,135,127
23,131,125
24,131,129
25,134,133
25,134,125
24,135,133
23,132,131
23,132,123
24,131,123
23,133,124
25,135,128
23,134,129
25,135,132
25,133,132
23,133,132
23,131,128
23,134,128
23,131,124
25,132,127
25,133,124
23,134,130
25,132,128
25,132,126
24,134,123
24,133,134
23,134,127
24,131,132
23,134,131
24,135,126
25,135,127
25,132,129
24,132,121
25,135,133
25,132,125
23,131,129
24,131,130
24,135,134
23,131,123
24,131,122
25,134,124
25,134,134
23,134,126
23,132,122
23,132,132
23,133,123
23,134,132
24,131,133
24,133,121
23,133,133
25,133,133
25,132,130
25,133,123
25,132,124
25,135,126
25,135,134
23,131,130
24,135,125
23,131,122
24,135,135
23,134,125
24,131,131
24,134,122
23,134,133
24,132,134
24,131,121
25,132,131
24,130,132
24,132,120
25,132,123
25,133,134
25,134,123
23,133,122
23,132,121
23,131,132
25,135,125
23,132,133
25,132,133
25,135,135
25,133,122
23,131,131
23,131,121
23,134,124
24,135,124
24,130,133
24,133,120
25,136,131
23,130,125
23,134,134
25,136,130
24,134,135
25,136,132
23,130,126
23,130,124
24,130,131
25,132,132
24,136,131
24,130,125
24,136,130
24,136,132
24,130,126
25,136,129
25,132,122
24,130,124
24,131,120
25,136,133
23,130,127
23,130,123
24,136,129
24,134,121
23,135,130
24,130,127
24,136,133
23,135,129
25,135,124
24,131,134
23,135,131
24,130,123
25,134,122
25,132,134
23,133,121
25,134,135
24,129,132
23,130,132
23,132,120
25,136,128
25,131,126
23,130,131
23,131,133
23,135,128
25,131,127
25,136,134
23,130,128
24,132,119
23,134,123
25,131,133
23,131,120
24,136,128
25,131,125
23,135,132
23,130,122
25,133,121
24,130,128
24,136,134
24,135,123
23,133,134
25,131,128
25,131,132
24,130,122
25,131,124
23,135,127
24,133,135
25,136,127
24,129,131
23,135,133
25,132,121
24,136,127
25,136,135
23,130,129
24,129,133
24,133,119
25,131,129
24,131,119
23,130,121
24,136,135
24,130,129
25,131,123
25,135,123
23,135,126
25,133,135
24,130,121
26,134,129
23,129,131
23,134,122
23,135,134
24,134,120
23,133,120
26,134,130
26,134,128
25,131,134
25,134,121
23,131,119
23,129,132
23,132,119
25,136,126
24,130,134
23,130,133
22,132,127
25,131,130
23,132,134
24,136,126
25,130,133
22,132,126
22,132,128
24,128,132
25,136,136
26,134,131
26,135,130
23,130,130
24,135,122
26,134,127
25,133,120
25,130,132
26,135,131
26,135,129
25,131,122
24,132,118
24,136,136
23,130,120
22,132,125
24,130,130
22,132,129
23,135,125
24,132,135
25,132,120
22,131,126
26,135,128
26,135,132
22,131,125
22,131,127
26,134,132
24,128,131
24,130,120
23,135,135
26,134,126
22,132,124
22,133,128
26,133,128
22,132,130
22,131,124
22,131,128
25,131,131
24,131,118
22,133,127
26,133,129
25,136,125
22,133,129
26,133,127
25,135,122
26,135,127
26,135,133
24,136,125
25,132,135
25,135,136
24,133,118
24,128,133
23,134,121
22,133,126
25,131,121
26,133,130
23,129,130
23,128,131
22,133,130
26,133,126
26,134,133
24,135,136
26,134,125
22,131,123
22,131,129
23,135,124
23,131,118
23,133,119
23,131,134
24,129,130
23,130,119
22,132,123
25,130,134
25,134,120
22,132,131
23,128,132
23,132,118
23,129,133
24,134,119
22,133,125
26,135,134
26,135,126
23,134,135
26,133,131
25,129,132
25,129,133
24,135,121
22,133,131
24,129,134
24,130,119
26,133,125
25,137,132
23,129,124
25,133,119
25,137,131
23,129,125
25,137,133
24,127,132
26,136,131
23,129,123
25,132,119
25,130,131
24,131,135
22,131,122
22,131,130
26,136,130
26,136,132
25,136,124
24,132,117
25,137,130
26,134,134
24,136,124
23,129,126
25,137,134
26,134,124
22,133,124
24,127,131
22,132,122
23,129,122
26,136,129
25,131,120
26,136,133
25,134,136
26,133,132
22,132,132
22,133,132
22,130,125
22,130,126
23,128,130
26,133,124
22,130,124
23,136,131
24,134,136
26,135,125
26,135,135
23,135,123
25,135,121
23,136,130
25,137,129
24,131,117
23,136,132
23,129,127
25,131,135
23,134,120
25,137,135
24,128,130
23,130,118
22,130,127
26,136,128
24,137,132
23,136,129
22,130,123
26,136,134
23,129,121
24,137,131
23,133,135
23,127,131
22,131,121
22,131,131
24,137,133
23,136,133
24,129,124
24,129,125
25,130,125
23,130,134
23,131,117
22,134,129
22,133,123
25,130,126
24,129,123
24,137,130
24,130,118
22,134,128
25,130,124
24,133,117
24,127,133
22,134,130
25,137,128
23,133,118
23,136,128
26,133,134
24,137,134
26,133,133
22,133,133
22,130,128
24,129,126
25,129,131
22,130,122
25,134,119
25,129,134
22,132,121
26,134,123
25,130,127
23,129,128
23,132,117
23,127,132
22,134,127
25,128,132
25,137,136
23,128,133
26,132,127
23,136,134
26,133,123
22,131,132
26,136,127
24,129,122
24,135,120
26,132,128
22,134,131
25,136,123
25,130,123
26,136,135
24,137,129
24,136,123
26,132,126
25,128,133
24,134,118
23,129,120
26,134,135
26,135,124
25,131,119
24,137,135
25,132,118
26,132,129
25,133,118
24,128,134
24,129,127
25,133,136
24,130,135
22,134,126
23,136,127
25,130,128
26,132,125
23,135,122
24,133,136
22,130,129
22,134,132
22,130,131
22,131,120
25,137,127
23,127,130
24,129,121
24,126,132
22,130,121
25,130,122
22,133,122
23,136,135
24,137,128
24,126,131
24,132,116
26,132,130
24,127,130
25,137,137
23,129,129
23,130,117
23,132,135
26,136,126
22,132,133
26,132,133
25,135,120
24,137,136
26,136,136
26,132,124
22,134,125
24,129,128
23,134,119
26,132,134
25,130,135
25,130,129
23,129,119
26,133,122
24,131,116
22,132,120
23,136,126
26,134,122
22,134,133
22,130,132
24,130,117
23,126,131
24,129,120
25,128,131
23,129,134
22,130,130
25,130,121
26,135,123
26,133,135
24,137,127
22,130,120
26,132,131
23,136,136
23,131,116
25,137,126
24,136,122
25,136,122
26,132,123
23,133,117
24,137,137
22,134,124
22,131,119
22,129,131
26,137,132
25,131,118
25,127,132
25,136,137
22,133,121
26,136,125
26,137,131
23,128,129
25,134,118
25,128,134
26,137,133
24,129,129
25,132,136
23,127,133
24,126,133
24,133,116
23,132,116
23,126,132
24,135,119
23,135,121
26,135,136
25,130,130
22,134,134
24,132,136
22,131,133
23,136,125
26,137,130
26,131,133
25,127,133
