134,194,159
134,194,158
134,194,160
135,195,160
133,193,158
135,195,159
135,195,161
133,193,157
133,193,159
133,194,158
135,194,160
133,194,159
134,195,159
135,194,159
134,193,159
134,195,160
134,194,157
134,194,161
134,193,158
133,194,157
135,194,161
134,195,158
134,193,160
133,194,160
135,194,158
134,195,161
134,193,157
135,195,158
135,195,162
133,193,156
133,193,160
136,195,161
132,193,157
136,195,160
132,193,158
135,196,160
133,192,158
135,196,161
133,192,157
134,194,156
134,194,162
133,194,156
136,196,161
134,195,157
132,192,157
135,194,162
134,193,161
132,193,156
133,194,161
136,195,162
134,195,162
136,196,162
136,196,160
132,192,156
132,192,158
135,194,157
132,193,159
135,196,159
136,195,159
134,193,156
133,192,159
135,196,162
133,192,156
135,195,157
135,195,163
133,193,161
133,193,155
133,195,159
135,193,159
133,195,158
135,193,160
133,195,160
136,196,163
136,196,159
132,192,159
132,192,155
135,193,158
132,193,155
132,194,158
136,194,160
136,195,163
135,196,158
132,193,160
132,194,157
134,196,160
136,194,161
133,192,160
134,192,158
136,195,158
133,194,155
133,195,157
134,195,156
135,196,163
132,194,159
134,196,159
136,194,159
133,192,155
134,192,159
135,194,163
135,193,161
134,196,161
134,193,162
133,194,162
134,194,163
134,194,155
134,195,163
133,195,161
134,192,157
135,194,156
132,194,156
134,193,155
135,193,157
137,196,162
137,196,161
131,192,156
136,194,162
131,192,157
134,196,158
136,197,161
132,191,157
132,194,160
136,196,164
136,196,158
134,192,160
136,197,162
132,191,156
132,192,160
132,192,154
135,195,156
135,195,164
133,193,162
133,193,154
136,194,158
134,196,162
137,196,163
131,192,155
132,193,154
133,195,156
137,196,160
131,192,158
134,192,156
135,196,157
136,197,160
136,195,164
132,191,158
137,195,161
132,193,161
136,197,163
135,193,162
132,191,155
133,192,161
131,193,157
137,197,162
135,196,164
137,195,162
131,191,156
136,195,157
133,195,162
131,193,156
132,194,155
137,195,160
133,192,154
135,197,161
137,197,163
137,197,161
131,193,158
134,196,157
131,191,157
131,191,155
133,191,157
133,194,154
136,194,163
135,197,160
134,195,155
135,193,156
133,191,158
131,192,154
137,196,164
135,197,162
132,194,161
134,192,161
133,191,156
136,197,159
135,194,164
131,192,159
131,193,155
137,196,159
137,195,163
133,194,163
134,196,163
134,193,163
134,195,164
132,191,159
136,197,164
136,194,157
137,197,164
137,197,160
132,191,154
135,197,159
131,193,159
131,191,158
131,191,154
134,194,164
134,194,154
135,194,155
137,195,159
136,196,165
136,196,157
132,192,161
132,192,153
134,193,154
134,192,155
133,195,155
133,191,159
135,197,163
132,195,158
132,193,153
133,191,155
133,196,159
132,195,159
136,193,160
135,195,165
135,195,155
133,193,163
133,193,153
135,196,156
132,194,154
133,196,160
135,193,163
136,193,159
135,192,159
133,195,163
136,195,165
131,193,154
132,195,157
134,196,156
132,193,162
131,192,153
133,196,158
135,192,158
133,192,162
137,195,164
135,196,165
137,196,165
136,193,161
136,197,158
135,197,158
132,195,160
136,194,164
136,195,156
131,192,160
135,192,160
137,197,165
137,197,159
133,196,161
131,193,160
131,191,159
131,191,153
132,191,160
132,194,162
137,196,158
133,192,153
136,197,165
134,192,162
135,193,155
138,197,163
136,193,158
133,191,160
134,196,164
138,197,162
137,195,158
131,194,157
137,194,161
138,196,162
135,197,164
132,191,153
132,195,156
135,192,157
130,191,155
130,191,156
131,194,158
137,194,160
133,196,157
133,194,153
138,196,163
134,195,154
130,192,156
137,198,162
131,190,156
134,197,160
136,194,156
137,198,163
131,194,156
138,197,164
131,190,155
138,196,161
137,194,162
130,192,155
133,191,154
134,197,161
136,193,162
138,197,161
130,191,154
134,192,154
134,191,158
130,192,157
135,192,161
132,195,161
130,191,157
133,194,164
133,195,154
134,197,159
131,194,159
134,195,165
135,194,165
134,191,157
136,198,162
133,196,162
134,193,164
132,190,156
137,198,161
131,190,157
136,196,166
136,196,156
131,193,153
132,192,162
132,192,152
137,194,159
136,198,161
137,198,164
131,190,154
138,196,164
132,190,157
134,191,159
134,197,162
136,198,163
130,192,154
132,190,155
135,197,157
136,193,157
131,194,155
132,194,153
135,194,154
134,193,153
137,195,165
134,194,165
134,194,153
131,192,152
138,196,160
132,195,155
134,196,155
135,192,156
132,193,152
138,197,165
130,192,158
134,191,156
137,194,163
133,196,156
133,195,164
130,191,153
131,193,161
137,197,166
137,197,158
136,197,157
135,196,155
134,197,158
135,193,164
138,198,163
136,198,160
137,196,166
131,191,160
131,191,152
138,197,160
130,190,155
131,192,161
132,190,158
130,191,158
137,198,160
133,191,161
131,194,160
138,198,164
138,198,162
135,197,165
132,193,163
132,191,161
131,190,158
136,195,166
136,198,164
136,197,166
135,195,166
135,195,154
133,193,164
133,193,152
130,190,156
130,190,154
137,198,165
137,196,157
135,196,166
137,195,157
132,194,163
136,194,165
134,191,160
133,192,163
136,193,163
131,190,153
132,190,154
134,197,163
137,194,158
138,195,162
134,196,165
132,195,162
130,192,153
135,192,162
132,191,152
134,192,163
138,196,165
133,196,163
138,195,161
136,195,155
130,193,156
135,193,154
131,194,154
133,191,153
130,193,157
133,192,152
138,198,165
138,198,161
138,195,163
136,198,159
130,190,157
130,190,153
130,192,159
130,193,155
134,191,155
138,196,159
134,197,157
135,198,161
136,194,155
138,197,166
131,193,152
130,191,152
132,190,159
135,198,162
137,194,164
138,195,160
136,193,156
130,193,158
132,195,154
133,190,157
136,198,165
134,192,153
133,194,152
137,198,159
134,195,153
133,196,155
135,192,155
130,191,159
135,198,160
133,195,153
138,197,159
135,197,156
133,190,156
131,194,161
131,190,159
137,198,166
130,193,154
132,190,153
133,190,158
134,191,161
138,195,164
135,198,163
134,197,164
137,195,166
136,196,167
136,196,155
132,192,163
132,192,151
131,190,152
133,194,165
131,193,162
134,195,166
131,192,151
132,194,152
137,197,167
137,197,157
130,192,152
138,198,166
138,198,160
131,191,161
131,191,151
135,194,166
134,193,165
134,196,154
136,197,156
130,190,158
130,190,152
133,190,155
137,194,157
139,197,163
132,196,159
135,198,159
135,197,166
138,196,166
132,196,158
130,193,159
133,191,162
132,195,163
137,196,167
136,193,164
139,197,164
131,192,162
133,195,165
131,194,153
133,196,164
136,198,158
138,195,159
132,193,151
135,192,163
139,197,162
132,196,160
136,197,167
135,194,153
135,196,154
136,192,159
132,191,162
130,192,160
135,193,165
129,191,155
134,193,152
131,195,158
139,198,164
133,190,159
134,197,156
136,192,160
137,195,156
134,191,154
139,198,163
131,195,157
132,196,157
134,194,166
134,194,152
135,198,164
129,191,154
137,196,156
132,194,164
137,193,160
133,197,160
129,191,156
130,193,153
138,196,158
132,190,160
133,197,159
132,193,164
137,193,161
131,195,159
130,191,151
129,190,154
134,196,166
136,198,166
139,197,165
129,190,155
136,194,166
132,191,151
136,192,158
135,196,167
136,195,167
139,198,165
138,197,167
137,199,163
133,191,152
131,189,155
131,195,156
137,198,158
138,199,163
137,194,165
133,197,161
138,195,165
139,198,162
133,192,164
130,189,155
134,192,164
138,199,164
137,199,162
130,189,154
131,189,156
135,195,167
135,195,153
133,193,165
133,193,151
132,196,161
136,192,161
133,190,154
137,193,159
131,194,162
130,191,160
129,191,153
139,197,161
135,191,158
132,195,153
135,198,158
