160,143,179
161,144,180
159,142,178
159,143,179
161,143,179
159,142,179
161,144,179
160,142,179
160,144,179
160,144,180
162,144,180
158,142,178
160,142,178
160,143,180
160,143,178
161,143,180
159,143,178
162,145,180
158,141,178
161,145,180
162,145,181
159,141,178
158,141,177
158,142,179
161,144,181
159,142,177
162,144,181
161,142,179
159,143,180
158,142,177
162,144,179
162,143,180
159,144,179
161,143,178
158,143,179
162,143,179
161,145,181
163,145,181
157,141,177
159,141,177
158,143,178
159,144,180
163,144,180
157,142,178
161,142,178
157,141,178
160,141,178
163,145,180
160,145,180
160,142,180
160,144,181
160,144,178
163,144,181
160,142,177
159,141,179
161,145,179
157,142,177
163,146,181
162,146,181
157,140,177
158,140,177
159,142,180
161,142,180
161,144,178
161,143,181
158,141,179
159,143,177
159,144,178
160,141,179
162,145,179
162,145,182
158,141,176
163,145,182
163,146,182
157,141,176
157,140,176
160,145,179
160,145,181
164,145,181
156,141,177
160,141,177
157,142,179
160,143,181
158,143,180
162,142,179
162,143,181
160,143,177
163,143,180
162,146,180
156,140,177
158,140,178
158,143,177
163,144,179
164,146,181
162,146,182
164,146,182
156,140,176
158,140,176
159,140,177
162,143,178
161,146,181
158,144,179
157,143,178
156,141,178
157,140,178
163,146,180
161,145,182
158,142,180
159,140,178
164,145,182
161,141,178
161,146,180
159,141,176
157,143,179
163,143,179
156,141,176
159,144,181
162,142,180
162,144,182
157,141,179
164,145,180
158,142,176
164,144,181
159,145,180
161,141,179
162,144,178
158,144,180
164,144,180
156,142,178
162,142,178
161,142,177
159,143,181
161,144,182
163,145,179
156,142,177
163,144,182
158,144,178
163,143,181
164,147,182
163,147,182
159,142,176
156,139,176
159,145,179
157,139,176
157,142,176
161,143,177
161,146,182
165,146,182
155,140,176
159,140,176
163,147,181
156,140,178
157,143,177
157,139,177
155,140,177
160,140,178
163,146,183
157,140,175
164,146,183
156,140,175
160,140,177
164,146,180
164,147,181
159,145,181
165,145,181
161,141,177
155,141,177
165,146,181
159,141,180
156,139,177
160,141,180
162,147,181
165,147,182
155,139,176
164,147,183
160,146,181
160,146,180
161,145,178
158,139,177
160,145,182
156,139,175
158,139,176
162,147,182
160,144,182
160,142,181
160,145,178
165,145,182
161,142,181
156,142,179
164,144,182
157,143,180
160,144,177
157,142,180
160,141,176
163,142,179
158,140,179
162,146,179
159,144,177
163,147,183
165,147,183
159,140,179
164,143,180
155,141,176
155,139,175
157,139,175
163,145,183
161,146,179
162,146,183
156,141,179
160,142,176
157,141,175
158,141,180
165,146,183
163,142,180
158,140,175
155,140,175
156,142,176
161,141,180
159,142,181
162,141,179
164,144,179
155,141,178
162,145,183
158,143,181
163,143,178
164,145,183
162,142,181
157,144,179
162,141,178
162,145,178
158,141,175
161,143,182
158,144,181
157,140,179
156,143,178
162,143,182
155,139,177
164,143,181
156,141,175
165,144,181
163,144,178
159,145,178
160,140,179
159,139,177
161,144,177
159,143,176
165,147,181
163,146,179
158,143,176
164,145,179
165,145,180
155,140,178
163,147,180
161,147,181
162,147,180
158,144,177
157,144,178
157,139,178
158,145,180
160,146,182
166,146,182
156,143,179
164,143,179
160,140,176
154,140,176
164,148,182
160,146,179
158,139,178
154,139,176
162,142,177
161,140,178
165,148,183
160,143,182
158,145,179
164,148,183
159,139,176
162,147,183
166,147,183
162,143,177
154,139,175
158,139,175
166,147,182
155,142,177
155,138,175
156,138,176
163,143,182
156,138,175
157,144,180
165,144,180
163,142,178
155,142,178
161,147,182
161,145,183
157,141,180
159,144,182
165,148,182
156,143,177
154,140,177
163,148,182
165,145,183
161,146,183
165,146,180
158,142,181
155,138,176
160,143,176
156,139,178
161,140,177
166,146,183
165,144,182
157,138,176
162,141,180
164,147,180
159,141,175
159,139,178
159,140,175
156,140,179
157,143,176
159,145,182
164,147,184
159,146,180
163,142,181
156,139,174
165,147,184
155,139,174
154,140,175
166,148,183
162,144,183
155,141,175
166,146,181
161,147,180
166,145,182
163,144,183
163,148,183
154,138,175
157,138,175
161,140,179
159,146,181
158,142,175
158,145,181
166,145,181
162,141,177
154,141,177
161,142,176
163,145,178
157,142,175
154,139,177
164,146,184
165,148,184
156,142,180
161,141,176
156,140,174
155,138,174
159,143,182
164,148,181
163,148,181
155,141,179
160,139,177
154,141,176
155,142,176
162,144,177
161,144,183
163,147,184
164,146,179
154,138,176
163,146,184
164,142,180
166,147,184
158,145,178
157,139,174
164,143,182
166,148,182
156,138,177
165,146,184
164,148,184
166,148,184
164,144,183
155,142,179
157,138,177
154,139,174
158,138,176
157,140,174
157,143,181
154,138,174
156,138,174
156,143,180
163,141,179
155,140,174
162,148,182
155,139,178
166,147,181
157,144,177
164,142,179
165,143,180
159,146,179
159,142,175
160,145,183
165,143,181
160,141,181
161,147,183
167,147,183
153,139,175
159,139,175
160,139,178
159,140,180
160,147,181
153,139,176
165,148,181
154,141,178
156,142,175
154,140,178
155,138,177
166,145,183
159,141,181
156,141,180
161,146,178
161,143,176
160,139,176
158,140,180
160,145,177
153,138,175
158,138,177
163,141,178
161,141,181
157,144,181
162,148,181
165,147,180
157,142,181
165,149,183
167,148,183
158,138,175
160,140,180
162,140,178
165,144,179
162,146,184
161,142,182
162,148,183
166,144,181
164,143,178
167,147,182
164,144,178
163,141,180
160,146,183
162,146,178
159,146,182
167,146,182
161,140,176
153,140,176
156,143,176
155,140,179
166,146,184
156,144,179
161,145,177
158,144,182
160,144,183
160,147,182
165,145,179
158,139,179
162,147,179
167,146,183
163,148,184
167,148,184
155,143,178
160,142,182
160,141,175
160,147,180
164,142,181
166,149,183
155,137,175
153,138,174
157,138,174
160,146,178
163,145,184
164,149,183
158,140,174
162,142,182
159,145,177
164,145,184
166,149,184
162,147,184
165,149,184
159,144,176
165,144,183
156,144,178
157,139,179
166,145,180
166,144,182
167,147,184
162,140,179
163,143,177
154,141,175
158,141,181
154,140,174
154,137,175
157,145,179
157,141,174
160,140,175
163,147,179
159,139,179
154,137,174
157,140,180
155,137,174
158,139,174
153,138,176
156,137,175
156,141,174
157,145,180
158,143,182
163,142,177
153,139,174
153,140,175
153,140,177
160,144,176
161,147,179
162,141,181
165,149,182
155,143,179
165,143,179
159,138,176
154,138,177
154,142,177
161,140,180
155,143,177
162,145,184
166,146,180
164,149,182
162,140,177
158,144,176
153,139,177
165,143,182
165,145,184
159,142,182
158,145,182
162,143,183
167,148,182
154,139,178
167,149,184
160,142,175
156,144,180
166,144,180
154,142,178
164,142,178
159,138,177
164,149,184
167,145,182
165,148,185
155,138,173
158,146,180
164,145,178
163,148,180
166,148,185
155,137,176
156,139,179
153,137,174
154,138,173
161,139,177
156,137,176
166,148,181
163,142,182
156,137,174
161,143,183
158,141,174
161,148,182
163,146,178
162,145,177
167,149,183
165,147,185
163,143,183
157,138,178
161,139,178
155,142,175
163,144,177
155,139,173
167,146,181
162,142,176
153,137,175
160,139,179
165,146,179
155,141,174
158,143,175
161,146,184
164,148,180
166,149,182
163,149,183
157,137,175
161,148,181
155,142,180
156,138,178
158,146,181
159,145,183
164,147,185
157,145,178
159,146,178
167,146,184
166,147,185
162,148,180
158,138,178
154,137,176
163,149,182
154,141,179
158,145,177
