176,80,104
176,80,103
176,80,105
176,80,102
176,80,106
177,80,104
175,80,104
177,80,105
175,80,103
177,81,105
175,79,103
177,80,103
175,80,105
176,80,101
176,80,107
177,81,104
177,81,106
175,79,102
175,79,104
177,80,106
175,80,102
176,79,103
176,81,105
176,79,104
176,81,104
176,79,102
177,80,102
177,81,103
177,81,107
176,81,106
175,79,101
175,79,105
175,80,106
176,79,105
176,81,103
177,80,107
175,80,101
176,79,101
176,81,107
176,80,100
176,80,108
177,81,102
177,81,108
175,79,100
175,79,106
177,80,101
176,79,106
175,80,107
176,81,102
178,81,105
174,79,103
178,81,106
176,79,100
177,80,108
174,79,102
176,81,108
175,80,100
178,81,104
174,79,104
178,81,107
174,79,101
177,81,101
177,81,109
175,79,99
175,79,107
176,79,107
177,80,100
176,80,99
176,80,109
176,81,101
178,81,103
174,79,105
175,80,108
177,79,103
177,79,104
178,81,108
174,79,100
175,81,104
175,81,105
176,79,99
176,81,109
178,80,104
178,80,105
177,80,109
177,79,102
177,79,105
174,80,103
174,80,104
175,81,103
175,81,106
175,80,99
177,82,106
178,81,102
177,82,105
175,78,102
178,80,103
178,80,106
174,79,106
175,78,103
174,80,102
174,80,105
177,82,107
175,78,101
176,79,108
178,82,106
177,81,100
177,81,110
175,79,98
175,79,108
174,78,102
177,79,101
177,79,106
177,82,104
176,81,100
178,82,105
178,82,107
175,78,104
178,81,109
177,80,99
174,78,101
174,78,103
175,81,102
175,81,107
174,79,99
178,80,102
178,80,107
175,80,109
177,82,108
175,78,100
174,80,101
174,80,106
176,80,98
176,80,110
178,82,104
178,82,108
174,78,100
174,78,104
176,79,98
177,82,103
178,81,101
175,78,105
176,81,110
174,79,107
177,79,100
177,79,107
177,80,110
175,81,101
175,81,108
178,80,101
178,80,108
175,80,98
177,82,109
175,78,99
178,82,103
178,82,109
174,80,100
174,80,107
174,78,99
174,78,105
178,81,110
176,78,102
176,78,103
176,79,109
176,82,105
176,82,106
174,79,98
177,81,99
177,81,111
175,79,97
175,79,109
176,81,99
175,78,106
177,82,102
176,78,101
176,78,104
176,82,104
176,82,107
177,80,98
177,79,99
177,79,108
175,80,110
178,81,100
179,81,105
179,81,106
173,79,102
173,79,103
178,80,100
178,80,109
174,79,108
175,78,98
176,78,100
176,78,105
177,82,110
178,82,102
178,82,110
176,79,97
176,80,97
176,80,111
175,81,100
175,81,109
176,82,103
176,82,108
179,81,104
179,81,107
174,78,98
174,78,106
173,79,101
173,79,104
179,82,106
173,78,102
174,80,99
174,80,108
176,81,111
179,82,107
173,78,101
179,82,105
177,80,111
173,78,103
178,81,111
175,78,107
179,82,108
179,81,103
179,81,108
177,82,101
173,78,100
175,80,97
173,79,100
173,79,105
174,79,97
176,78,99
176,78,106
179,82,104
176,79,110
173,78,104
176,82,102
176,82,109
177,79,98
177,79,109
176,81,98
177,81,98
177,81,112
175,79,96
175,79,110
179,82,109
178,82,101
178,82,111
175,78,97
178,80,99
178,80,110
173,78,99
174,78,97
174,78,107
177,82,111
178,79,104
178,81,99
177,80,97
179,81,102
179,81,109
178,79,103
175,81,99
175,81,110
178,79,105
173,79,99
173,79,106
174,79,109
174,81,104
179,82,103
174,81,105
175,80,111
174,80,98
174,80,109
173,78,105
178,79,102
174,81,103
176,79,96
176,78,98
176,78,107
178,79,106
175,78,108
174,81,106
179,82,110
176,82,101
176,82,110
176,80,96
176,80,112
177,82,100
176,81,112
173,78,98
178,81,112
179,80,105
178,79,101
179,80,104
174,81,102
177,80,112
178,83,107
173,80,103
179,80,106
179,81,101
179,81,110
178,83,106
174,79,96
173,80,104
178,83,108
179,82,102
177,79,97
177,79,110
179,80,103
173,80,102
174,77,101
174,81,107
178,79,107
173,79,98
173,79,107
175,80,96
173,78,106
174,77,102
178,82,100
178,82,112
177,78,103
175,78,96
178,83,105
177,78,102
174,78,96
174,78,108
176,79,111
178,80,98
178,80,111
173,80,105
174,77,100
179,80,107
177,82,112
177,78,104
175,82,105
175,82,106
174,77,103
178,83,109
174,81,101
177,78,101
178,79,100
176,78,97
176,78,108
173,80,101
178,81,98
175,82,104
176,81,97
175,81,98
175,81,111
179,82,111
177,81,97
177,81,113
179,80,102
175,79,95
175,79,111
174,77,99
173,78,97
174,80,97
174,80,110
175,82,107
179,83,107
177,78,105
178,83,104
177,80,96
177,83,106
177,83,107
174,79,110
176,82,100
176,82,111
173,80,106
179,83,106
179,83,108
179,80,108
174,81,108
175,77,101
175,77,102
178,79,108
173,77,101
175,78,109
174,77,104
175,82,103
177,78,100
177,83,105
177,83,108
179,81,100
179,81,111
173,77,100
173,77,102
175,80,112
177,82,99
178,83,110
179,82,101
176,79,95
175,77,100
175,77,103
179,83,105
179,83,109
173,80,100
179,80,101
175,82,108
173,78,107
174,77,98
177,78,106
173,79,97
173,79,108
178,81,113
174,81,100
173,77,99
173,77,103
178,79,99
176,81,113
177,83,104
177,83,109
178,83,103
176,80,95
176,80,113
175,77,99
175,77,104
177,79,96
177,79,111
173,80,107
175,82,102
174,79,95
178,82,99
178,82,113
174,77,105
177,78,99
179,80,109
180,82,106
180,82,107
172,78,101
172,78,102
177,80,113
174,78,95
174,78,109
175,78,95
179,82,112
179,83,104
179,83,110
178,80,97
178,80,112
176,78,96
176,78,109
177,82,113
180,82,105
180,82,108
173,78,96
172,78,100
172,78,103
174,81,109
178,79,109
173,77,98
173,77,104
178,83,111
175,82,109
175,80,95
176,79,112
173,80,99
177,78,107
174,77,97
179,80,100
177,83,103
177,83,110
175,81,97
175,81,112
176,82,99
176,82,112
175,77,98
175,77,105
178,81,97
179,81,99
179,81,112
180,82,104
180,82,109
174,80,96
174,80,111
179,82,100
172,78,99
172,78,104
180,81,106
176,81,96
180,81,105
172,79,102
178,83,102
177,81,96
177,81,114
175,79,94
175,79,112
175,82,101
179,83,103
179,83,111
178,79,98
174,81,99
172,79,103
175,78,110
180,81,107
174,79,111
177,78,98
173,78,108
174,77,106
173,80,108
172,79,101
179,80,110
177,80,95
180,81,104
173,79,96
173,79,109
173,77,97
173,77,105
177,82,98
172,79,104
180,81,108
180,82,103
180,82,110
178,83,112
175,82,110
176,79,94
172,79,100
175,80,113
175,77,97
175,77,106
179,82,113
172,78,98
172,78,105
177,78,108
177,83,102
177,83,111
178,79,110
174,77,96
178,81,114
174,81,110
180,81,103
173,80,98
180,83,107
179,80,99
176,77,102
176,83,106
180,83,108
176,78,95
176,78,110
177,79,95
177,79,112
178,82,98
178,82,114
176,77,101
173,78,95
176,83,107
172,79,105
172,77,101
174,78,94
174,78,110
180,83,106
175,78,94
176,77,103
172,77,100
176,83,105
176,81,114
178,80,96
178,80,113
180,81,109
179,83,102
179,83,112
174,79,94
172,77,102
180,83,109
176,77,100
176,83,108
175,82,100
177,82,114
178,83,101
177,78,97
176,80,94
176,80,114
172,79,99
177,80,114
172,77,99
173,77,96
173,77,106
174,77,107
180,83,105
176,77,104
179,81,98
179,81,113
180,82,102
180,82,111
178,79,97
176,82,98
176,82,113
179,82,99
180,81,102
173,80,109
176,83,104
179,80,111
174,81,98
172,77,103
172,78,97
172,78,106
180,83,110
175,81,96
175,81,113
176,77,99
179,79,104
