191,186,197
192,187,198
190,185,196
193,188,199
189,184,195
190,185,197
191,186,198
192,187,197
191,185,197
189,184,196
192,186,198
191,186,196
193,188,198
190,184,196
190,184,197
192,188,197
191,187,197
191,185,198
191,187,196
190,186,196
192,187,199
193,189,198
192,188,198
189,183,196
188,183,195
193,187,199
194,189,200
188,183,194
190,185,195
194,189,199
189,183,195
192,186,199
190,186,195
189,185,195
193,189,199
194,190,199
188,182,195
193,188,200
194,188,200
189,184,194
187,182,194
193,187,200
192,186,197
190,186,197
195,190,200
189,185,194
188,182,194
189,184,197
188,184,194
193,187,198
191,187,198
191,185,196
189,185,196
195,190,201
187,182,193
190,185,198
189,183,197
194,190,200
190,184,198
195,191,200
188,183,196
187,181,194
188,182,196
191,186,199
193,189,197
190,183,197
191,185,199
194,188,199
192,188,199
188,184,195
190,184,195
191,184,198
192,188,196
191,184,197
194,189,201
192,185,198
194,190,198
187,182,195
189,182,196
195,189,201
188,183,193
190,183,196
194,188,201
186,181,193
192,185,199
188,184,193
187,181,195
191,187,195
196,191,201
187,181,193
187,183,193
193,186,199
192,186,200
192,187,200
195,191,199
195,191,201
195,189,200
193,189,200
189,183,194
187,183,194
196,192,201
188,181,195
189,182,195
186,180,193
196,191,202
193,188,197
186,181,192
193,186,200
192,187,196
186,181,194
194,189,198
192,189,197
190,186,194
190,183,198
189,182,197
191,188,196
194,187,200
186,180,194
193,190,198
193,190,197
189,185,197
195,190,202
191,186,195
192,189,196
190,186,198
196,192,200
191,184,199
188,181,196
188,184,196
194,191,198
196,190,202
193,187,201
187,182,192
190,187,195
195,190,199
195,189,202
188,181,194
193,188,201
187,180,194
187,183,192
185,180,192
196,190,201
194,190,201
188,182,193
186,182,193
191,188,195
186,182,192
194,191,199
197,192,202
186,180,192
192,185,197
191,187,199
194,187,201
189,183,198
188,182,197
188,183,197
193,186,198
189,184,198
187,183,195
191,184,196
195,192,199
196,192,202
192,185,200
187,180,195
189,185,193
190,185,194
191,188,197
185,180,193
197,193,202
195,188,201
190,187,196
187,182,196
190,184,199
187,181,196
185,179,192
189,186,194
192,189,198
190,185,199
196,191,200
194,187,199
185,179,193
190,187,194
190,183,195
197,192,203
185,180,191
197,193,201
189,186,195
192,188,200
195,192,200
187,180,193
186,181,195
193,190,199
186,179,193
186,182,194
191,183,198
194,188,202
190,182,197
191,185,200
186,180,195
196,193,200
194,189,202
191,186,200
193,186,201
186,179,194
196,191,203
191,183,197
193,187,197
189,184,193
192,184,199
197,191,202
195,191,202
192,184,198
189,181,196
187,181,192
185,181,192
195,188,200
197,191,203
196,190,203
186,181,191
195,188,202
192,186,196
188,185,193
194,188,198
186,182,191
189,182,194
188,185,194
190,182,196
184,179,191
188,184,192
189,182,198
189,186,193
185,181,191
193,185,199
197,192,201
188,181,197
196,189,202
198,193,203
185,179,191
184,179,192
194,191,200
185,180,194
193,189,201
191,185,195
190,183,199
193,185,200
188,180,195
196,193,201
197,193,203
195,189,199
192,186,201
185,179,194
198,194,203
187,180,196
190,187,197
185,181,193
184,178,192
189,181,195
190,182,198
192,187,201
189,181,197
194,191,197
189,186,196
188,184,197
184,178,191
198,194,202
197,194,201
191,188,198
193,190,196
189,185,198
194,186,200
186,179,192
196,189,201
191,183,199
187,183,196
195,192,198
194,187,202
185,178,193
191,184,200
185,178,192
188,180,196
187,184,193
190,184,194
195,189,203
188,185,195
188,181,193
192,189,195
188,183,192
190,186,199
192,189,199
195,190,203
186,179,195
198,193,204
184,179,190
196,190,200
187,184,192
194,186,201
187,179,194
195,192,201
186,182,195
196,193,199
188,185,192
192,184,200
196,189,203
188,180,194
196,192,203
198,192,203
186,180,191
184,180,191
184,179,193
194,190,197
198,193,202
193,189,196
197,192,204
194,190,202
187,183,191
187,179,195
193,187,202
184,178,193
195,191,198
188,182,198
191,188,194
195,187,201
197,190,203
197,191,204
192,185,201
198,192,204
187,181,197
187,184,194
188,183,198
187,182,197
185,180,190
191,187,200
192,184,197
197,194,202
185,181,190
193,188,202
193,185,198
193,190,200
184,180,192
192,188,195
183,178,191
189,183,199
191,183,196
184,180,190
183,178,190
189,183,193
189,184,199
186,181,196
198,195,202
185,178,194
186,180,196
199,194,204
197,190,202
185,181,194
197,194,200
184,178,190
196,192,199
193,185,201
194,186,199
197,191,201
186,183,192
183,177,191
199,195,203
198,194,204
195,188,203
184,177,192
187,180,192
199,195,204
195,187,202
186,178,193
190,182,195
190,184,200
185,178,191
187,179,193
186,178,194
191,187,194
187,182,191
183,177,190
190,185,200
185,180,195
184,177,191
190,187,193
193,186,197
189,186,197
196,193,202
192,188,201
189,181,198
186,183,191
185,179,195
186,183,193
194,187,198
190,187,198
192,185,196
188,185,196
188,180,197
196,190,204
193,186,202
183,178,192
187,184,191
195,187,200
190,182,199
196,188,202
194,191,201
196,191,204
197,193,200
194,188,203
191,182,198
183,177,192
188,181,198
190,181,197
199,194,203
195,191,203
197,190,204
187,179,196
184,180,193
187,180,197
198,195,201
195,188,199
191,188,199
191,184,195
187,184,195
189,181,194
188,182,192
191,185,201
184,177,193
199,193,204
197,193,204
185,179,190
183,179,190
189,182,199
194,186,202
192,183,199
199,194,205
194,189,203
183,178,189
191,183,200
198,195,203
186,182,190
192,183,198
191,182,197
189,180,196
191,186,201
184,179,194
190,186,193
194,192,197
183,179,191
198,191,204
198,192,202
193,191,196
186,179,196
187,183,197
184,178,194
198,191,203
188,184,198
199,196,203
193,184,199
190,181,196
198,193,205
195,193,198
185,177,193
185,182,191
194,189,197
190,183,200
196,188,201
198,192,205
193,184,200
189,186,192
182,177,190
193,188,196
199,193,205
184,179,189
186,182,196
186,178,195
196,188,203
193,191,197
185,177,192
184,180,189
186,178,192
192,190,195
193,189,202
196,189,200
192,189,200
190,183,194
186,183,194
192,190,196
195,190,198
185,182,192
186,179,191
189,185,199
198,194,201
196,189,204
190,181,198
188,179,195
183,176,191
183,179,189
194,192,198
192,184,201
182,177,189
189,180,197
200,196,204
196,194,199
192,187,195
195,192,202
194,187,203
182,176,190
200,195,205
191,182,199
194,185,200
189,180,195
197,194,203
185,178,195
188,180,193
191,189,195
183,177,189
197,189,203
192,186,202
184,177,190
185,181,195
186,181,190
196,191,199
199,195,205
185,182,190
182,177,191
191,184,201
183,179,192
199,196,202
191,189,194
188,179,196
195,193,199
183,176,190
200,196,205
190,186,200
192,187,202
183,178,193
186,183,190
194,185,201
195,187,203
189,185,192
192,183,200
183,176,192
195,189,204
182,176,191
182,176,189
187,181,191
183,177,193
185,177,194
197,191,205
191,186,194
197,190,201
193,190,201
189,182,193
185,182,193
190,188,194
196,192,204
187,178,194
197,195,200
200,195,204
197,189,202
197,192,205
195,190,204
199,193,203
195,186,201
188,179,194
188,185,197
193,185,202
197,192,200
198,191,205
184,180,194
184,176,192
187,182,198
187,178,195
184,177,194
189,186,198
187,181,198
192,190,197
186,181,197
199,196,204
187,184,196
188,185,191
191,189,196
199,195,202
196,194,200
186,180,197
182,178,190
192,183,197
200,194,205
198,194,205
184,178,189
182,178,189
194,190,203
193,184,198
199,192,204
188,182,199
185,181,189
190,188,193
188,183,199
193,191,198
193,184,201
191,187,201
184,181,191
