111,160,185
111,159,185
112,161,186
110,159,184
111,158,185
112,160,186
110,158,184
111,159,184
111,160,186
112,160,185
110,159,185
111,158,184
112,159,185
111,159,186
112,159,186
110,157,184
110,158,185
111,157,185
111,157,184
112,158,185
111,158,186
110,158,183
110,157,185
112,161,187
112,158,186
110,156,184
110,157,183
113,161,186
109,158,184
112,160,187
113,162,187
109,158,183
111,156,185
113,160,186
111,156,184
113,161,187
109,157,183
109,157,184
112,157,185
110,160,186
110,156,183
111,157,186
112,159,184
110,156,185
112,159,187
110,159,186
113,160,187
113,159,186
109,156,183
112,157,186
110,155,184
111,161,187
112,158,184
111,158,183
109,156,184
111,160,187
110,158,186
109,159,185
113,160,185
111,157,183
110,155,183
111,155,184
109,158,185
113,159,187
109,155,183
111,155,185
112,156,185
111,159,187
112,158,187
112,157,184
113,158,186
113,159,185
111,156,186
110,155,185
109,155,184
113,163,188
109,157,182
113,162,188
110,157,186
109,157,185
111,156,183
112,156,186
110,154,184
109,156,182
113,161,188
114,162,187
113,158,185
111,158,187
112,162,188
110,157,182
108,157,183
110,154,183
113,158,187
109,154,183
112,156,184
114,161,187
112,161,188
109,155,182
112,157,187
109,156,185
113,157,186
108,156,183
110,156,182
111,154,184
113,160,188
111,155,183
112,155,185
114,163,188
110,156,186
109,154,184
108,157,182
112,160,188
111,154,185
114,160,187
111,155,186
114,162,188
114,161,186
108,158,184
108,156,182
110,154,185
113,157,185
111,157,187
108,155,183
108,157,184
110,155,182
114,160,186
109,154,182
114,161,188
110,161,187
108,155,182
112,155,186
110,153,184
110,160,187
113,159,188
112,159,183
113,157,187
109,155,185
109,153,183
112,155,184
112,159,188
109,160,186
110,153,183
108,156,184
112,158,183
114,159,187
113,160,184
109,159,186
110,159,187
114,159,186
113,156,186
113,159,184
112,156,187
111,154,183
108,154,183
114,160,188
110,155,186
108,154,182
112,157,183
109,158,186
111,162,188
110,154,182
109,153,184
113,156,185
111,161,188
111,153,184
111,158,182
113,158,184
109,153,182
112,154,185
108,155,184
111,156,187
110,158,187
111,157,182
111,154,186
112,158,188
113,158,188
110,153,185
111,153,185
111,160,188
113,163,189
114,158,187
109,157,186
109,154,185
109,156,181
114,158,186
112,156,183
108,156,181
114,163,189
111,156,182
113,162,189
114,159,188
113,156,187
108,159,185
114,161,185
108,153,182
109,152,183
112,154,184
113,157,184
108,153,183
109,155,181
108,155,181
108,158,185
112,154,186
114,160,185
110,152,184
114,162,189
111,159,188
110,152,183
110,157,187
110,153,182
108,154,184
115,163,188
113,161,189
111,153,183
113,155,186
108,157,185
110,154,186
112,155,187
115,162,188
109,156,186
114,159,185
108,154,181
111,155,182
107,156,182
109,152,182
115,162,187
109,154,181
113,155,185
114,161,189
109,152,184
112,157,188
112,155,183
111,155,187
107,157,183
113,157,188
107,155,182
114,157,186
115,161,187
112,163,189
114,157,187
113,160,189
113,156,184
115,161,188
107,156,183
111,158,188
108,156,185
112,162,189
110,157,181
114,158,188
111,152,184
108,152,182
109,153,185
112,153,185
110,156,181
114,158,185
108,153,181
111,153,186
110,156,187
108,152,183
115,164,189
110,152,185
112,161,189
107,154,182
107,155,183
108,153,184
114,160,189
115,163,189
109,153,181
115,160,187
107,156,181
111,152,185
111,154,182
109,155,186
110,155,181
113,155,187
109,151,183
107,155,181
112,153,184
110,152,182
115,160,188
108,155,185
115,162,189
113,159,189
112,160,189
111,152,183
110,151,183
107,154,181
112,154,183
112,153,186
110,151,184
111,157,188
110,153,186
107,154,183
112,156,188
109,151,182
115,162,186
107,153,182
114,157,185
112,154,187
113,154,186
113,155,184
114,156,186
108,152,181
115,161,186
113,154,185
110,154,181
109,160,187
107,158,184
115,159,187
113,156,188
111,154,187
110,162,188
107,157,184
114,157,188
110,161,188
109,151,184
115,161,189
114,159,189
114,156,187
108,151,182
109,159,187
110,155,187
113,159,183
109,152,181
107,153,181
115,160,186
110,160,188
115,159,188
111,153,182
109,152,185
107,156,184
112,159,189
112,158,182
108,151,183
113,158,183
108,152,184
109,154,186
108,154,185
114,164,190
112,157,182
107,153,183
109,158,187
113,158,189
108,155,180
111,151,184
112,152,185
107,152,182
108,159,186
110,159,188
114,163,190
110,153,181
111,152,186
110,151,182
111,156,188
107,155,184
113,157,183
114,160,184
115,160,189
108,154,180
115,159,186
110,151,185
114,156,185
108,158,186
115,158,187
113,154,187
109,150,183
112,153,183
107,152,181
108,151,181
112,156,182
112,152,184
111,163,189
114,159,184
111,162,189
114,162,190
111,151,185
113,164,190
113,154,184
115,164,190
114,158,189
112,155,188
109,157,187
109,156,180
107,155,180
113,163,190
112,158,189
111,161,189
111,151,183
109,150,182
114,155,186
109,155,180
110,158,188
108,157,186
111,157,181
110,152,186
108,153,180
109,151,181
115,158,188
107,154,180
110,150,183
115,163,190
114,156,188
110,154,187
113,155,188
114,158,184
108,150,182
116,163,188
113,162,190
108,153,185
112,152,186
113,156,183
110,150,184
107,154,184
107,152,183
111,156,181
113,153,185
112,153,187
113,153,186
114,155,187
111,152,182
116,164,189
111,153,187
114,161,190
109,154,180
115,158,186
112,155,182
111,160,189
109,153,186
107,151,182
113,157,189
116,162,188
108,151,184
109,150,184
107,153,180
110,152,181
115,159,189
116,163,189
115,162,190
106,156,182
108,150,183
109,151,185
108,156,186
107,151,181
109,156,187
111,155,181
113,161,190
106,155,181
106,155,182
108,152,180
115,157,187
111,155,188
110,157,188
114,157,184
114,155,185
116,162,189
109,153,180
106,154,181
108,150,181
116,161,188
111,159,189
115,161,185
112,157,189
107,158,185
107,153,184
107,152,180
110,150,182
106,154,182
114,160,190
116,163,187
113,155,183
114,157,189
112,152,183
115,160,185
115,161,190
107,157,185
116,162,187
111,150,184
112,154,182
112,151,185
115,157,188
111,154,181
113,153,184
113,160,190
111,151,186
106,153,181
107,151,183
115,157,186
108,155,186
109,150,181
112,154,188
110,150,185
113,153,187
109,149,183
108,152,185
106,157,183
116,161,189
112,151,184
116,165,190
116,161,187
112,163,190
106,156,183
114,154,186
110,153,187
115,159,185
107,156,185
109,155,187
115,158,189
116,164,190
116,160,188
106,153,182
108,151,180
109,149,182
107,150,182
114,155,188
109,152,180
110,151,181
114,156,184
110,156,188
111,158,189
108,149,182
107,150,181
111,150,185
111,151,182
110,151,186
112,162,190
111,150,183
106,155,180
113,156,189
110,156,180
109,152,186
113,154,188
106,155,183
106,154,180
107,151,180
116,163,190
114,154,187
110,149,183
110,155,180
106,152,181
108,150,184
115,160,190
113,152,185
114,159,190
111,152,187
112,152,187
116,160,187
115,156,187
107,152,184
113,152,186
112,151,186
112,161,190
110,149,184
106,153,180
107,155,185
113,159,190
108,149,183
111,154,188
111,153,181
112,156,189
113,154,183
115,158,185
116,160,189
114,154,185
109,149,184
106,154,183
109,150,185
108,154,186
112,153,182
106,152,182
108,149,181
110,154,180
116,162,190
116,159,188
114,156,189
109,161,188
115,156,186
111,157,189
106,152,180
107,150,183
109,151,180
109,160,188
115,156,188
112,160,190
109,154,187
108,150,180
115,165,191
106,151,181
112,151,183
114,155,184
110,149,182
107,154,179
108,151,185
110,155,188
116,159,187
114,165,191
107,150,180
108,155,179
107,154,185
115,157,189
108,160,187
