200,200,200
199,199,199
201,201,201
200,199,199
201,200,200
199,198,198
198,198,198
202,202,202
202,201,201
198,197,197
200,198,198
201,199,199
199,197,197
197,197,197
203,203,203
202,200,200
203,202,202
198,196,196
197,196,196
200,197,197
203,201,201
201,198,198
197,195,195
199,196,196
196,196,196
204,204,204
204,203,203
196,195,195
202,199,199
198,195,195
204,202,202
196,194,194
203,200,200
197,194,194
195,195,195
205,205,205
200,196,196
205,204,204
195,194,194
201,197,197
199,195,195
202,198,198
204,201,201
198,194,194
205,203,203
196,193,193
195,193,193
203,199,199
197,193,193
194,194,194
206,206,206
206,205,205
194,193,193
205,202,202
195,192,192
200,195,195
204,200,200
201,196,196
199,194,194
206,204,204
194,192,192
196,192,192
202,197,197
198,193,193
203,198,198
193,193,193
207,207,207
205,201,201
206,203,203
207,206,206
193,192,192
197,192,192
194,191,191
195,191,191
204,199,199
207,205,205
193,191,191
196,191,191
200,194,194
201,195,195
199,193,193
206,202,202
202,196,196
207,204,204
194,190,190
205,200,200
198,192,192
192,192,192
208,208,208
193,190,190
208,207,207
192,191,191
203,197,197
195,190,190
197,191,191
208,206,206
192,190,190
204,198,198
207,203,203
206,201,201
193,189,189
196,190,190
208,205,205
194,189,189
200,193,193
201,194,194
192,189,189
205,199,199
191,191,191
209,209,209
199,192,192
202,195,195
209,208,208
191,190,190
198,191,191
203,196,196
195,189,189
207,202,202
209,207,207
208,204,204
191,189,189
197,190,190
206,200,200
192,188,188
204,197,197
193,188,188
209,206,206
191,188,188
194,188,188
196,189,189
190,190,190
210,210,210
205,198,198
210,209,209
208,203,203
190,189,189
207,201,201
201,193,193
200,192,192
209,205,205
210,208,208
202,194,194
199,191,191
190,188,188
192,187,187
200,195,194
195,188,188
201,196,195
191,187,187
203,195,195
198,190,190
199,194,193
206,199,199
202,197,196
193,187,187
200,196,195
210,207,207
201,197,196
198,193,192
199,195,194
203,198,197
204,196,196
202,198,197
190,187,187
197,189,189
200,194,193
201,195,194
198,194,193
208,202,202
209,204,204
199,193,192
202,196,195
197,192,191
194,187,187
203,199,198
189,189,189
211,211,211
198,192,191
204,199,198
211,210,210
189,188,188
197,193,192
203,197,196
207,200,200
210,206,206
205,197,197
196,188,188
191,186,186
211,209,209
196,191,190
204,200,199
192,186,186
197,191,190
189,187,187
190,186,186
204,198,197
196,192,191
205,200,199
201,192,192
200,191,191
201,194,193
200,193,192
202,193,193
199,190,190
206,198,198
211,208,208
202,195,194
199,192,191
195,187,187
193,186,186
209,203,203
196,190,189
205,201,200
195,190,189
203,194,194
210,205,205
189,186,186
208,201,201
205,199,198
203,196,195
198,189,189
198,191,190
200,197,196
201,198,197
195,191,190
199,196,195
206,201,200
202,199,198
204,195,195
198,195,194
188,188,188
212,212,212
204,197,196
211,207,207
197,190,189
197,188,188
190,185,185
191,185,185
212,211,211
195,189,188
188,187,187
207,199,199
206,202,201
194,186,186
203,200,199
206,200,199
194,189,188
197,194,193
212,210,210
189,185,185
205,196,196
192,185,185
188,186,186
194,190,189
205,198,197
196,189,188
210,204,204
196,187,187
201,193,192
207,202,201
204,201,200
209,202,202
200,192,191
202,194,193
196,193,192
199,191,190
212,209,209
211,206,206
194,188,187
203,195,194
207,203,202
206,197,197
208,200,200
207,201,200
188,185,185
198,190,189
193,185,185
201,191,191
193,188,187
206,199,198
200,190,190
205,202,201
195,188,187
202,192,192
195,186,186
190,184,184
204,196,195
193,189,188
199,189,189
195,192,191
189,184,184
203,193,193
197,189,188
212,208,208
208,203,202
191,184,184
187,187,187
213,213,213
198,188,188
213,212,212
187,186,186
193,187,186
207,198,198
210,203,203
204,194,194
205,197,196
206,203,202
188,184,184
211,205,205
208,204,203
207,200,199
208,202,201
213,211,211
194,187,186
196,188,187
194,185,185
209,201,201
187,185,185
194,191,190
197,187,187
192,184,184
192,187,186
205,195,195
201,192,191
212,207,207
192,188,187
200,191,190
202,193,192
213,210,210
206,198,197
199,190,189
209,204,203
203,194,193
196,186,186
187,184,184
208,199,199
195,187,186
207,204,203
189,183,183
192,186,185
198,189,188
190,183,183
208,201,200
193,186,185
206,196,196
193,190,189
188,183,183
204,195,194
193,184,184
209,205,204
209,203,202
213,209,209
211,204,204
207,199,198
210,202,202
197,188,187
191,183,183
191,186,185
201,190,190
186,186,186
214,214,214
195,185,185
212,206,206
200,189,189
202,191,191
214,213,213
205,196,195
191,187,186
186,185,185
194,186,185
187,183,183
199,188,188
203,192,192
207,197,197
208,205,204
209,200,200
214,212,212
210,205,204
196,187,186
186,184,184
209,202,201
198,187,187
213,208,208
204,193,193
192,185,184
192,189,188
191,185,184
192,183,183
206,197,196
208,200,199
194,184,184
214,211,211
210,206,205
210,204,203
189,182,182
188,182,182
201,191,190
200,190,189
197,186,186
202,192,191
205,194,194
193,185,184
186,183,183
195,186,185
208,198,198
211,203,203
199,189,188
203,193,192
212,205,205
190,185,184
190,182,182
200,198,197
187,182,182
201,199,198
199,197,196
201,195,193
200,194,192
190,186,185
209,206,205
214,210,210
207,198,197
202,196,194
199,193,191
202,200,199
210,201,201
198,188,187
198,196,195
204,194,193
201,194,192
213,207,207
196,185,185
200,193,191
206,195,195
202,195,193
191,188,187
210,203,202
203,197,195
198,192,190
199,192,190
191,184,183
193,183,183
211,206,205
209,201,200
203,201,200
197,195,194
185,185,185
215,215,215
190,184,183
191,182,182
203,196,194
186,182,182
215,214,214
197,187,186
194,185,184
185,184,184
200,195,193
205,195,194
201,196,194
198,191,189
204,198,196
199,194,192
197,191,189
192,184,183
211,205,204
202,197,195
211,207,206
209,199,199
215,213,213
204,202,201
214,209,209
204,197,195
195,184,184
196,194,193
208,199,198
185,183,183
207,196,196
198,193,191
201,189,189
202,190,190
203,198,196
197,190,188
200,188,188
188,181,181
201,193,191
200,192,190
202,194,192
196,186,185
187,181,181
203,191,191
206,196,195
210,207,206
212,204,204
189,184,183
205,199,197
196,190,188
199,187,187
199,191,189
189,181,181
215,212,212
197,192,190
189,185,184
203,195,193
213,206,206
211,202,202
205,198,196
205,203,202
204,199,197
192,182,182
204,192,192
195,193,192
193,184,183
190,187,186
210,202,201
185,182,182
198,190,188
196,189,187
211,204,203
198,186,186
186,181,181
190,183,182
204,196,194
194,183,183
201,190,189
208,197,197
190,181,181
202,191,190
212,207,206
196,191,189
200,189,188
195,185,184
206,200,198
189,183,182
214,208,208
195,189,187
210,200,200
215,211,211
207,197,196
191,183,182
205,193,193
209,200,199
205,200,198
203,192,191
197,189,187
206,199,197
199,188,187
197,185,185
206,204,203
212,206,205
205,197,195
194,192,191
212,208,207
195,188,186
204,193,192
198,187,186
185,181,181
201,192,190
184,184,184
216,216,216
195,190,188
200,191,189
202,193,191
206,194,194
211,208,207
216,215,215
196,188,186
184,183,183
192,183,182
206,201,199
207,201,199
200,196,194
191,181,181
199,190,188
194,188,186
201,197,195
203,194,192
196,184,184
194,184,183
187,180,180
215,210,210
193,182,182
205,194,193
188,183,182
213,205,205
208,198,197
199,195,193
207,200,198
209,198,198
212,203,203
206,198,196
216,214,214
211,203,202
188,180,180
202,198,196
188,184,183
197,186,185
189,186,185
207,205,204
186,180,180
184,182,182
198,194,192
