45,106,138
45,105,138
45,104,138
45,107,139
45,105,137
45,106,139
45,106,137
45,104,137
45,103,138
45,105,139
46,107,139
45,103,137
44,105,137
46,106,139
44,104,137
45,104,139
45,102,138
46,105,139
44,103,137
44,106,138
46,106,138
44,105,138
46,107,138
45,102,137
46,105,138
44,104,138
45,103,139
46,104,139
46,108,140
44,104,136
44,102,137
46,107,140
44,105,136
46,104,138
44,103,136
44,103,138
46,106,140
45,101,138
45,101,137
45,107,140
45,108,140
45,105,136
44,102,136
45,104,136
45,106,140
45,102,139
46,103,138
46,105,140
46,103,139
44,101,137
45,103,136
44,102,138
45,105,140
44,101,136
44,106,139
44,107,139
45,102,136
46,106,137
46,104,140
46,105,137
44,105,139
46,102,138
45,100,137
45,100,138
45,104,140
46,104,137
46,102,139
44,100,137
44,101,138
45,101,139
44,104,139
44,100,136
45,101,136
46,103,137
46,103,140
46,108,141
44,104,135
46,109,141
44,103,135
44,103,139
45,103,140
46,107,141
46,101,138
44,102,135
44,100,138
45,99,137
47,108,140
46,101,139
46,102,137
46,106,141
44,99,137
45,99,138
47,109,140
47,107,140
45,100,136
43,104,136
45,100,139
47,107,139
44,99,136
47,108,139
44,101,135
43,103,136
44,102,139
43,105,137
43,104,137
47,106,139
47,106,140
46,102,140
45,102,140
46,105,141
43,102,136
43,103,137
47,105,139
46,101,137
47,105,140
44,100,135
46,100,138
45,108,141
43,102,137
43,101,136
45,107,141
45,109,141
45,104,135
47,109,141
44,99,138
47,108,141
45,99,136
44,101,139
45,103,135
46,104,141
43,103,135
46,100,139
44,98,137
43,104,135
47,104,139
45,98,137
45,106,141
47,107,141
44,98,136
44,107,140
43,102,135
44,106,140
45,102,135
45,99,139
45,98,138
47,104,140
45,101,140
43,101,137
46,101,140
46,105,136
43,105,138
47,107,138
43,100,136
43,106,138
47,106,138
44,99,135
44,105,140
46,104,136
45,105,141
47,106,141
43,101,135
43,104,138
46,100,137
47,105,138
47,103,139
45,101,135
46,103,136
46,103,141
43,103,138
44,104,140
44,100,139
46,99,138
43,100,135
43,100,137
47,105,141
45,104,141
47,104,138
47,103,140
45,98,136
44,98,138
43,99,136
46,102,136
43,102,138
46,99,139
44,97,136
44,97,137
45,100,135
44,98,135
45,100,140
44,103,140
45,97,137
46,109,142
44,103,134
46,100,140
46,108,142
47,102,139
44,102,134
47,103,138
45,98,139
43,99,135
47,104,141
46,99,137
45,97,138
45,103,141
46,102,141
46,107,142
46,101,136
43,99,137
44,101,134
43,101,138
47,102,140
47,109,142
44,99,139
47,110,142
43,103,134
43,102,134
44,102,140
43,98,136
47,108,142
46,106,142
45,99,135
46,98,138
43,101,134
44,100,134
45,97,136
47,102,138
47,107,142
44,97,138
44,97,135
43,98,135
47,103,141
47,101,139
45,102,141
43,106,139
45,99,140
46,100,136
44,96,136
43,100,138
43,100,134
46,105,142
43,105,139
46,98,139
44,96,137
46,101,141
46,99,140
47,106,137
47,106,142
43,98,137
44,99,134
43,104,139
47,105,137
46,98,137
45,96,137
44,101,140
47,101,140
45,97,139
45,98,135
43,97,136
47,104,137
47,101,138
43,99,134
44,98,139
45,96,138
43,103,139
46,104,142
47,105,142
43,97,135
47,102,141
45,109,142
45,108,142
43,99,138
45,101,141
46,99,136
47,103,137
44,108,141
44,107,141
44,96,135
47,100,139
45,96,136
44,98,134
45,107,142
46,97,138
45,103,134
45,104,134
43,102,139
44,106,141
48,108,140
48,109,141
48,109,140
44,96,138
43,98,134
44,100,140
48,108,141
45,102,134
48,107,140
43,97,137
45,98,140
45,106,142
46,100,141
46,104,135
46,105,135
44,95,136
44,105,141
48,107,141
47,104,142
46,103,142
47,102,137
47,100,140
46,103,135
42,104,136
46,97,139
47,100,138
45,97,135
45,101,134
44,95,137
48,106,140
46,98,140
42,103,136
46,97,137
42,103,135
43,96,136
42,102,135
42,102,136
45,105,142
43,101,139
45,95,137
43,96,135
48,106,141
46,102,135
44,97,139
44,104,141
43,98,138
47,101,141
42,101,135
44,97,134
45,96,139
45,100,141
46,98,136
48,105,140
45,100,134
43,97,134
42,101,136
48,108,139
48,107,139
45,95,138
47,99,139
48,110,142
48,109,142
47,101,137
47,110,143
42,100,135
44,95,135
44,99,140
43,102,133
47,103,142
46,101,135
45,104,142
47,109,143
48,106,139
48,105,141
43,101,133
42,104,137
46,102,142
48,108,142
42,105,137
44,103,141
45,95,136
43,96,137
42,100,136
42,103,137
43,100,139
47,108,143
46,96,138
46,110,143
48,104,140
46,109,143
46,99,141
43,100,133
42,102,134
44,102,133
42,103,134
45,99,134
44,103,133
47,99,138
44,95,138
48,105,139
45,97,140
48,107,142
46,108,143
42,101,134
45,96,135
42,102,137
44,101,133
42,99,135
47,99,140
47,107,143
44,94,136
43,95,136
46,100,135
44,96,134
43,107,140
43,106,140
43,97,138
43,96,134
43,99,133
45,103,142
46,96,137
43,95,135
42,100,134
46,107,143
48,104,141
46,97,140
47,100,141
44,100,133
46,96,139
42,99,136
43,105,140
44,94,137
47,100,137
44,102,141
45,99,141
42,101,137
46,97,136
48,106,142
48,104,139
44,96,139
47,102,142
48,103,140
47,106,143
43,104,140
43,99,139
46,101,142
45,98,134
47,105,136
46,106,143
42,99,134
42,98,135
44,98,140
47,106,136
45,94,137
44,99,133
47,98,139
43,98,133
45,95,139
47,104,136
44,94,135
42,100,137
46,99,135
48,105,142
43,95,137
48,103,139
43,103,140
48,103,141
45,102,142
42,98,136
47,103,136
45,94,138
47,98,138
44,101,141
47,105,143
46,98,141
46,105,143
45,94,136
42,98,134
45,95,135
43,95,134
44,95,134
42,105,138
48,107,138
47,99,137
44,98,133
48,102,140
46,95,138
47,98,140
42,104,138
48,106,138
48,110,143
43,96,138
45,96,140
48,111,143
42,97,135
43,97,133
44,94,138
43,94,136
48,109,143
47,102,136
43,94,135
47,101,142
42,99,137
45,97,134
43,102,140
47,99,141
42,103,138
45,98,141
48,105,138
43,98,139
46,96,136
48,104,142
44,93,136
42,102,133
42,101,133
46,95,137
48,108,143
46,100,142
48,102,139
46,96,140
46,98,135
46,104,143
47,104,143
42,97,136
42,102,138
42,97,134
42,100,133
44,95,139
44,97,140
46,95,139
48,102,141
45,101,142
44,93,137
48,104,138
44,100,141
44,97,133
47,101,136
44,108,142
48,107,143
44,109,142
47,97,139
43,101,140
44,107,142
45,109,143
42,99,133
45,110,143
43,96,133
42,98,137
45,108,143
48,101,140
42,101,138
42,96,135
45,93,137
43,94,137
44,93,135
45,94,139
44,106,142
47,97,138
47,98,137
43,94,134
48,103,142
48,103,138
45,107,143
44,94,134
45,96,134
46,97,141
48,106,143
46,103,143
45,103,133
48,101,139
45,94,135
42,98,133
45,102,133
47,100,142
43,95,138
47,103,143
43,97,139
42,96,134
44,105,142
46,104,134
45,93,136
45,93,138
47,97,140
47,100,136
46,103,134
42,96,136
46,97,135
45,101,133
45,106,143
43,93,135
42,100,138
47,98,141
43,93,136
45,97,141
44,96,133
48,101,141
45,95,140
43,100,140
45,100,142
46,99,142
46,102,134
46,94,138
47,111,144
43,101,132
46,95,136
44,99,141
47,110,144
43,102,132
44,93,138
48,102,138
43,100,132
42,97,137
45,100,133
47,109,144
