92,153,140
92,153,141
92,153,139
93,154,141
91,152,139
93,154,142
93,154,140
91,152,140
91,152,138
92,153,142
92,153,138
92,154,141
92,152,139
92,154,140
92,152,140
92,154,142
92,152,138
91,153,140
93,153,140
91,153,139
93,153,141
93,154,143
93,154,139
91,152,141
91,152,137
91,153,141
92,154,139
93,153,139
92,152,141
93,155,142
91,151,138
91,153,138
92,154,143
92,153,143
92,153,137
93,153,142
93,155,141
91,151,139
92,152,137
93,155,143
91,151,137
91,153,142
93,153,138
93,155,140
92,154,138
91,151,140
94,155,142
93,154,144
93,154,138
90,151,138
91,152,142
91,152,136
92,152,142
94,155,143
94,155,141
90,151,139
90,151,137
94,154,141
93,155,144
91,153,137
90,152,139
91,151,136
94,154,142
93,153,143
90,152,138
92,154,144
94,154,140
90,152,140
92,152,136
91,153,143
94,155,144
94,155,140
90,151,140
90,151,136
93,155,139
92,153,144
92,153,136
93,153,137
94,154,143
92,155,142
90,152,137
91,151,141
92,155,141
91,154,141
91,154,140
92,151,138
92,151,139
93,152,139
93,152,140
92,154,137
90,152,141
94,154,139
92,155,143
91,154,142
93,155,145
92,155,140
94,156,143
90,150,137
91,154,139
92,151,137
93,154,145
93,154,137
92,152,143
91,152,143
91,152,135
93,152,138
91,151,135
94,156,142
92,151,140
90,150,138
93,152,141
91,153,136
94,156,144
90,150,136
93,153,144
94,155,145
94,155,139
90,152,136
90,151,141
90,151,135
94,154,144
92,154,145
92,155,144
94,156,141
91,154,143
90,150,139
93,156,143
93,155,138
93,156,142
92,152,135
92,155,139
91,150,137
91,150,138
91,154,138
91,153,144
92,151,136
90,153,140
94,153,140
90,153,139
93,152,137
94,153,141
91,151,142
90,152,142
94,156,145
94,154,138
92,151,141
90,150,135
93,156,144
93,152,142
93,153,136
93,156,141
91,150,136
90,153,141
92,153,145
92,153,135
91,150,139
94,153,139
90,153,138
94,153,142
93,155,146
94,156,140
92,154,136
95,155,142
95,156,143
90,150,140
91,151,134
95,155,143
89,150,137
89,151,138
90,152,135
92,155,145
95,156,144
95,156,142
91,154,144
93,156,145
95,155,141
94,155,146
94,155,138
89,151,137
92,152,144
91,153,135
94,154,145
93,154,146
93,154,136
90,151,142
90,151,134
91,152,144
91,152,134
89,150,138
89,150,136
92,155,138
93,156,140
90,153,142
91,154,137
89,151,139
91,150,135
94,156,146
90,153,137
94,153,138
92,151,135
93,153,145
90,150,134
91,150,140
93,152,136
95,155,144
94,153,143
89,151,136
92,151,142
92,154,146
95,156,145
95,156,141
93,152,143
90,152,143
93,155,137
89,150,139
89,150,135
95,155,140
94,154,137
89,151,140
91,153,145
91,151,143
92,152,134
94,156,139
93,156,146
90,150,141
93,153,135
90,153,143
94,157,144
93,156,139
90,149,136
94,157,143
95,155,145
90,149,137
92,155,146
89,151,135
95,154,141
93,155,147
90,153,136
91,154,145
95,154,142
95,157,144
91,150,134
89,149,136
91,155,141
95,156,146
95,156,140
94,153,137
95,157,143
90,152,134
89,152,139
91,155,142
89,152,138
89,149,137
94,157,145
92,155,137
94,156,147
92,153,146
92,153,134
91,150,141
89,150,140
89,150,134
90,149,135
91,154,136
94,157,142
95,157,145
92,154,135
94,153,144
92,156,142
91,151,133
90,149,138
89,149,135
95,154,140
94,155,147
94,155,137
94,154,146
92,156,143
93,151,139
95,155,139
91,155,140
90,151,143
90,151,133
90,150,133
93,151,138
95,154,143
89,151,141
89,152,140
92,151,134
91,155,143
89,152,137
93,152,135
95,157,142
92,150,138
92,156,141
91,153,134
92,150,137
89,149,138
92,152,145
93,151,140
92,156,144
93,154,147
93,154,135
91,152,145
91,152,133
92,151,143
93,152,144
94,157,146
95,157,146
90,152,144
93,151,137
92,150,139
94,157,141
89,149,134
90,149,134
93,153,146
91,155,139
90,154,140
93,156,147
90,154,141
95,154,139
93,155,136
92,150,136
94,156,138
89,152,141
90,149,139
95,155,146
89,151,134
94,154,136
90,153,144
94,152,140
92,154,147
92,156,140
91,155,144
89,152,136
95,154,144
93,156,138
94,152,139
90,154,139
95,157,141
95,156,147
95,156,139
90,150,142
90,153,135
90,154,142
92,156,145
93,151,141
89,150,141
89,150,133
91,153,146
91,151,144
89,149,139
91,150,133
94,152,141
93,157,143
94,153,136
92,155,147
92,152,133
93,157,144
92,150,140
91,154,146
94,152,138
89,151,142
93,151,136
95,155,138
91,150,142
94,157,147
95,157,147
91,149,137
94,156,148
96,156,143
94,153,145
91,149,136
90,154,138
93,157,142
92,155,136
91,155,138
92,150,135
93,153,134
91,154,135
96,156,144
89,149,133
90,152,133
94,157,140
93,155,148
93,157,145
89,152,142
90,149,133
96,156,142
90,154,143
92,156,139
96,157,144
90,150,132
91,149,138
95,154,138
88,150,137
91,155,145
89,152,135
94,152,142
90,149,140
94,154,147
96,157,145
96,157,143
94,155,136
94,155,148
91,149,135
88,150,136
90,151,144
90,151,132
92,151,133
95,154,145
88,149,136
91,151,132
96,156,145
93,152,134
92,156,146
88,150,138
92,154,134
93,157,141
95,157,140
94,152,137
92,153,147
92,153,133
93,151,142
88,149,137
88,149,135
89,151,133
93,156,148
89,149,140
95,155,147
92,151,144
93,157,146
93,152,145
96,156,141
91,153,133
88,150,135
92,150,141
90,153,145
90,154,137
90,152,145
96,157,146
96,157,142
91,149,139
94,156,137
93,156,137
93,151,135
95,156,148
95,156,138
89,153,139
95,153,141
95,158,145
89,148,135
92,152,146
95,158,144
89,148,136
89,153,140
95,153,140
93,154,148
93,154,134
91,152,146
91,152,132
88,150,139
90,153,134
89,150,142
89,150,132
95,157,148
96,155,142
94,157,148
96,155,143
88,149,138
88,149,134
90,154,144
92,150,134
91,155,137
91,149,134
94,154,135
93,155,135
96,156,146
89,153,138
93,153,147
90,150,143
95,158,146
89,149,132
94,157,139
89,151,143
95,153,142
89,148,134
92,156,138
94,152,143
89,152,143
95,158,143
91,150,132
89,153,141
93,157,140
96,155,141
89,148,137
95,155,137
94,153,135
88,151,138
92,154,148
95,153,139
96,155,144
88,151,137
88,150,134
91,155,146
90,149,132
92,155,148
89,152,134
91,154,147
95,154,137
91,150,143
93,157,147
96,156,140
96,157,147
96,157,141
94,152,136
92,156,147
91,153,147
91,151,145
94,153,146
94,156,149
88,151,139
90,149,141
88,151,136
89,153,137
92,155,135
96,158,145
95,154,146
95,158,147
94,158,144
91,154,134
95,157,139
88,150,140
88,149,139
88,149,133
94,158,145
91,149,140
96,158,144
90,154,136
88,148,135
95,153,143
95,158,142
93,151,143
89,148,133
89,153,142
90,148,136
92,152,132
90,152,132
90,148,135
96,155,140
88,148,136
96,158,146
89,148,138
94,158,143
90,150,131
89,149,141
93,155,149
92,150,142
96,155,145
88,148,134
95,153,138
94,158,146
93,153,133
91,149,133
89,151,132
88,151,140
90,148,137
90,154,145
96,158,143
96,156,147
88,151,135
93,151,134
90,148,134
94,154,148
94,155,149
94,155,135
93,156,149
88,148,137
95,155,148
92,151,132
93,157,139
90,151,145
90,151,131
93,152,133
88,150,133
95,157,149
91,155,136
94,157,149
96,158,147
90,153,146
92,150,133
89,153,136
91,156,142
94,158,142
91,151,131
94,152,144
95,156,149
95,156,137
91,156,143
95,158,148
92,156,137
88,148,133
