167,173,64
166,173,64
168,173,64
165,173,64
169,173,64
168,174,64
166,172,64
164,173,64
170,173,64
167,174,64
167,172,64
169,174,64
165,172,64
168,174,65
166,174,64
166,172,63
168,172,64
170,174,64
164,172,64
167,174,65
169,174,65
165,172,63
167,172,63
167,173,63
167,173,65
166,173,63
168,173,65
168,173,63
166,173,65
171,173,64
163,173,64
166,174,65
170,174,65
164,172,63
168,172,63
165,174,64
169,172,64
171,174,64
165,173,63
163,172,64
169,173,65
169,173,63
165,173,65
165,174,65
171,174,65
163,172,63
169,172,63
164,173,63
170,173,65
170,173,63
164,174,64
164,173,65
170,172,64
172,174,64
162,173,64
172,173,64
162,172,64
169,175,65
165,171,63
168,175,65
164,174,65
172,174,65
166,171,63
170,172,63
162,172,63
170,175,65
164,171,63
163,173,63
171,173,65
171,173,63
167,175,65
163,173,65
167,171,63
171,175,65
163,171,63
163,174,64
168,174,63
171,172,64
173,174,64
166,172,65
167,174,63
169,175,64
169,174,63
165,171,64
167,172,65
161,172,64
168,175,64
165,172,65
166,171,64
170,175,64
164,171,64
166,175,65
161,173,64
173,173,64
168,171,63
172,175,65
166,174,63
162,171,63
163,174,65
173,174,65
161,172,63
171,172,63
170,174,63
167,175,64
168,172,65
167,171,64
171,175,64
162,173,63
164,172,65
163,171,64
172,173,65
172,173,63
162,173,65
165,174,63
166,175,64
169,172,65
171,174,63
165,175,65
168,171,64
169,171,63
162,174,64
172,175,64
173,175,65
163,172,65
161,171,63
168,174,66
162,171,64
174,174,64
172,172,64
166,172,62
169,174,66
167,174,66
165,172,62
160,172,64
167,172,62
164,174,63
170,174,66
162,174,65
174,174,65
160,172,63
172,172,63
166,174,66
169,175,66
165,175,64
164,172,62
161,173,63
160,173,64
173,172,64
168,172,62
172,174,63
170,172,65
168,175,66
170,175,66
165,171,62
169,171,64
173,175,64
173,173,63
173,173,65
164,171,62
166,171,62
162,172,65
164,175,65
161,173,65
161,171,64
170,171,63
174,175,65
167,175,66
171,175,66
171,174,66
160,171,63
163,172,62
163,171,62
167,171,62
165,174,66
169,172,62
161,174,64
163,174,63
164,175,64
167,173,62
167,173,66
174,173,64
166,175,66
172,175,66
172,171,64
166,173,62
168,173,66
173,174,63
168,173,62
166,173,66
171,172,65
162,171,62
168,171,62
170,171,64
174,175,64
159,172,64
170,176,65
164,170,63
172,174,66
169,176,65
165,170,63
162,172,62
171,176,65
165,173,62
163,170,63
161,172,65
164,174,66
169,173,66
170,172,62
161,174,65
174,173,65
159,172,63
172,171,63
160,171,64
169,173,62
160,173,63
165,173,66
163,175,65
168,176,65
166,170,63
173,172,63
175,175,65
171,171,63
173,172,65
172,176,65
162,170,63
159,173,64
173,171,64
165,175,66
173,175,66
159,171,63
160,173,65
164,173,62
161,171,62
169,171,62
170,173,66
170,173,62
162,174,63
164,173,66
163,175,64
167,176,65
167,170,63
169,175,63
173,176,65
161,172,62
173,174,66
174,174,63
168,175,63
161,170,63
172,172,65
170,175,63
175,175,64
171,172,62
163,174,66
170,176,66
171,171,64
160,174,64
165,171,65
164,170,62
169,176,66
171,176,66
166,171,65
163,173,62
167,175,63
165,170,62
164,171,65
163,170,62
174,172,64
160,172,65
172,170,64
171,173,66
171,175,63
159,171,64
171,173,62
164,175,66
174,175,66
168,176,66
166,176,65
167,171,65
172,176,66
160,171,62
170,171,62
162,175,65
158,172,64
163,173,66
166,170,62
168,170,63
162,170,62
163,171,65
174,176,65
175,174,65
160,174,65
174,172,65
166,175,63
170,176,64
159,173,63
158,172,63
172,170,63
171,170,63
169,176,64
160,170,63
164,170,64
171,176,64
158,171,63
173,171,63
172,175,63
165,170,64
173,171,65
167,176,66
163,170,64
161,174,63
168,171,65
173,176,66
168,176,64
160,172,62
162,175,64
167,170,62
174,174,66
162,173,62
159,173,65
161,170,62
172,176,64
166,170,64
172,172,62
173,170,64
162,171,65
162,174,66
174,173,63
172,173,66
172,173,62
162,170,64
165,176,65
165,175,63
175,174,64
172,171,65
171,170,64
167,176,64
169,170,63
162,173,66
163,175,66
175,175,66
175,176,65
173,175,63
166,176,66
159,171,62
171,171,62
173,176,64
167,170,64
168,174,62
169,171,65
159,172,65
174,176,66
159,170,63
167,174,62
158,171,64
168,170,62
169,174,62
160,170,62
166,172,66
161,170,64
167,172,66
161,171,65
174,171,64
166,174,62
165,172,66
161,175,65
172,169,64
166,176,64
170,174,62
161,173,62
164,175,63
175,173,65
168,172,66
171,169,63
159,172,62
174,176,64
164,172,66
164,176,65
168,170,64
160,174,63
173,173,62
173,173,66
174,171,65
174,173,66
172,169,63
157,171,63
165,174,62
174,175,63
172,171,62
161,175,64
165,176,66
173,170,63
161,174,66
175,176,66
170,171,65
176,176,65
170,170,63
171,174,62
160,170,64
173,170,65
169,170,62
161,173,66
169,172,66
174,172,63
159,170,62
175,173,64
162,175,66
175,174,66
169,175,67
158,170,63
172,170,65
165,176,64
163,172,66
158,171,62
171,170,62
170,175,67
168,175,67
160,171,65
171,169,64
164,174,62
173,169,64
163,175,63
165,171,61
175,176,64
171,175,67
164,171,61
167,175,67
158,172,65
166,171,61
169,170,64
172,174,62
157,171,64
160,173,62
170,172,66
168,174,67
175,175,63
163,171,61
164,176,66
169,174,67
163,176,65
167,171,61
167,174,67
159,170,64
173,172,62
162,172,66
176,176,66
173,172,66
172,175,67
171,171,65
166,172,61
170,170,62
158,172,62
166,175,67
165,172,61
175,172,65
167,172,61
174,170,64
170,174,67
163,174,62
176,175,65
158,170,62
174,172,66
171,177,65
164,176,64
170,176,67
170,169,63
172,170,62
163,169,63
171,168,63
166,174,67
171,177,66
170,177,65
172,168,64
163,169,62
164,169,63
169,176,67
171,176,67
162,171,61
160,173,66
172,177,65
170,177,66
164,172,61
164,169,62
162,169,63
172,177,66
168,171,61
160,174,66
162,169,62
159,171,65
168,172,61
173,174,62
169,177,65
157,170,63
164,170,61
174,170,65
176,176,64
165,169,63
172,168,63
169,177,66
161,175,66
175,173,66
171,172,66
168,176,67
172,176,67
173,177,65
162,175,63
171,174,67
165,169,62
163,170,61
165,170,61
174,171,63
173,177,66
170,170,64
173,175,67
157,171,62
171,169,62
173,169,63
161,169,63
161,169,62
175,172,64
165,174,67
165,175,67
163,172,61
173,169,65
172,169,65
169,172,61
161,172,66
168,177,65
162,170,61
166,170,61
161,171,61
171,168,64
168,177,66
169,171,61
166,169,63
159,173,62
175,174,63
163,176,66
167,176,67
173,176,67
158,170,64
174,177,65
166,169,62
162,174,62
174,177,66
176,175,66
160,169,63
160,169,62
162,176,65
171,170,65
172,174,67
170,169,62
163,176,64
173,171,62
170,176,63
173,168,64
161,170,61
167,170,61
162,172,61
169,176,63
157,170,62
173,171,66
164,174,67
174,174,62
171,176,63
167,177,65
174,175,67
176,174,65
170,172,61
167,177,66
168,176,63
164,175,67
172,172,66
170,168,63
167,169,63
166,176,67
174,176,67
175,177,65
176,175,64
158,171,65
167,169,62
160,171,61
164,170,65
175,177,66
172,176,63
159,173,66
172,169,62
174,171,66
165,170,65
170,171,61
175,171,65
163,170,65
161,175,63
170,169,64
159,169,62
159,169,63
156,170,63
167,176,63
160,172,66
171,167,63
160,170,61
