185,58,157
185,58,156
185,58,158
185,58,155
185,58,159
185,58,154
185,58,160
186,58,158
184,58,156
186,58,157
184,58,157
186,58,159
184,58,155
186,58,156
184,58,158
186,58,160
184,58,154
185,58,153
185,58,161
186,59,158
184,57,156
185,57,157
185,59,157
185,57,156
185,59,158
186,59,157
186,59,159
184,57,155
184,57,157
186,58,155
185,57,158
184,58,159
185,59,156
185,57,155
185,59,159
186,58,161
186,59,156
186,59,160
184,57,154
184,57,158
184,58,153
185,57,159
185,59,155
185,57,154
186,58,154
185,59,160
185,58,152
185,58,162
184,58,160
186,59,155
186,59,161
184,57,153
184,57,159
185,57,160
185,59,154
186,58,162
184,58,152
185,57,153
185,59,161
186,59,154
186,59,162
184,57,152
184,57,160
186,58,153
184,58,161
185,57,161
185,59,153
185,58,151
185,58,163
186,58,163
186,57,158
187,59,159
183,57,155
186,57,157
184,58,151
187,59,158
184,59,156
183,57,156
184,59,157
185,57,152
187,59,160
183,57,154
186,57,159
185,59,162
186,57,156
184,59,155
184,59,158
187,59,157
183,57,157
186,59,153
186,59,163
184,57,151
184,57,161
187,58,159
187,58,158
183,58,155
183,58,156
187,59,161
183,57,153
186,58,152
186,57,160
185,57,162
186,57,155
187,58,160
184,58,162
187,58,157
185,59,152
184,59,154
183,58,154
183,58,157
184,59,159
187,59,156
183,57,158
187,58,161
187,59,162
187,58,156
183,57,152
186,58,164
183,58,153
185,58,150
183,58,158
186,57,161
185,57,151
184,58,150
186,57,154
184,59,153
185,59,163
184,59,160
187,59,155
183,57,159
186,59,152
186,59,164
184,57,150
184,57,162
187,58,162
187,58,155
183,58,152
185,57,163
187,59,163
183,58,159
186,58,151
183,57,151
185,59,151
186,60,158
186,57,162
186,60,159
184,56,156
186,57,153
186,60,157
184,56,155
184,59,152
184,56,157
186,60,160
184,59,161
187,59,154
184,56,154
183,57,160
187,58,163
186,60,156
185,57,150
187,58,154
184,56,158
183,58,151
184,58,149
183,58,160
185,58,149
186,60,161
187,59,164
184,56,153
183,57,150
186,59,151
184,57,149
186,57,163
187,60,159
186,60,155
186,57,152
184,56,159
187,60,158
187,60,160
185,56,157
185,60,157
185,56,156
185,60,158
183,56,155
184,59,151
183,56,154
183,56,156
185,56,158
185,59,150
185,60,156
186,58,150
185,56,155
185,60,159
184,59,162
187,59,153
187,58,164
187,60,157
187,60,161
186,60,162
184,56,152
183,57,161
187,58,153
183,56,153
183,56,157
183,58,150
185,56,159
185,60,155
185,56,154
183,58,161
185,60,160
186,60,154
184,56,160
187,60,156
187,60,162
187,59,165
185,57,149
183,56,152
183,56,158
183,57,149
186,57,164
184,58,148
185,56,160
186,57,151
187,57,158
186,60,163
185,60,154
187,57,159
185,56,153
184,56,151
188,59,160
182,57,154
188,59,159
182,57,155
186,59,150
185,60,161
185,58,148
184,57,148
184,59,150
187,57,157
183,59,156
183,59,155
187,57,160
188,59,161
187,58,165
182,57,153
188,59,158
184,59,163
182,57,156
187,60,155
187,60,163
187,59,152
183,59,157
187,58,152
186,60,153
183,56,151
183,56,159
183,59,154
184,56,161
187,57,156
183,58,149
185,59,149
188,59,162
187,57,161
186,58,149
182,57,152
188,59,157
183,58,162
185,56,161
182,57,157
183,59,158
185,56,152
185,60,153
183,59,153
185,60,162
187,57,155
184,56,150
186,60,164
183,57,148
188,59,163
187,60,154
187,60,164
187,57,162
182,57,151
188,59,156
185,57,148
186,57,150
183,59,159
183,56,150
183,56,160
182,57,158
188,58,159
188,58,160
184,59,149
183,59,152
184,56,162
186,60,152
182,58,155
182,58,154
185,56,162
188,58,158
184,58,147
188,58,161
187,59,151
187,58,151
187,57,154
182,58,156
185,56,151
186,59,149
184,57,147
185,60,152
182,58,153
188,60,160
186,56,157
186,56,158
188,60,159
188,59,164
183,58,148
185,60,163
185,58,147
182,56,154
188,58,157
188,60,161
187,57,163
186,56,156
188,59,155
182,56,155
182,57,150
184,60,157
184,60,156
183,59,160
186,56,159
182,56,153
182,58,157
188,58,162
182,57,159
188,60,158
184,60,158
184,56,149
187,60,153
187,60,165
182,56,156
182,58,152
185,59,148
184,60,155
188,60,162
186,56,155
183,56,149
183,56,161
183,59,151
186,58,148
182,56,152
186,56,160
188,58,156
188,60,157
184,60,159
183,57,147
187,57,153
182,58,158
188,58,163
182,56,157
185,56,163
184,60,154
186,57,149
188,60,163
188,59,165
186,56,154
185,56,150
186,60,151
182,58,151
187,57,164
188,59,154
182,56,151
185,60,151
182,57,149
185,57,147
183,59,161
186,56,161
184,59,148
185,60,164
182,57,160
184,60,160
188,58,155
188,60,156
187,58,150
187,59,150
182,56,158
184,60,153
183,59,150
182,58,159
188,58,164
187,60,152
183,58,147
188,60,164
186,56,153
184,58,146
186,59,148
184,57,146
184,56,148
183,56,148
187,57,152
182,56,150
182,58,150
186,56,162
184,60,161
188,59,166
185,58,146
188,60,155
187,57,165
188,58,154
188,59,153
185,59,147
185,56,149
182,56,159
182,57,148
184,60,152
183,59,162
183,57,146
182,57,161
186,58,147
185,60,150
186,60,150
188,58,165
188,60,165
182,58,160
186,56,152
186,57,148
182,56,149
183,59,149
187,61,159
186,56,163
182,58,149
187,61,160
186,61,158
186,61,159
184,59,147
184,60,162
187,61,158
187,58,149
187,60,151
187,57,151
185,57,146
188,60,154
187,59,149
186,61,157
183,56,147
187,61,161
186,61,160
184,55,156
184,55,155
188,58,153
183,55,155
184,56,147
183,55,154
182,56,160
187,61,157
184,60,151
183,58,146
184,55,157
183,55,156
184,55,154
188,59,152
186,61,156
183,55,153
186,61,161
188,60,166
187,61,162
186,56,151
188,58,166
182,57,147
186,59,147
184,57,145
182,58,161
183,55,157
184,55,158
184,58,145
185,56,148
184,55,153
182,56,148
187,61,156
183,55,152
186,56,164
185,60,149
188,57,159
186,61,155
182,58,148
184,60,163
188,57,160
186,60,149
186,61,162
183,59,148
188,57,158
183,55,158
187,61,163
185,58,145
189,59,160
188,60,153
181,57,154
184,55,159
183,57,145
189,59,161
181,57,153
185,59,146
184,55,152
188,57,161
189,59,159
181,57,155
186,57,147
187,57,150
188,58,152
182,59,155
188,57,157
189,59,162
181,57,152
186,58,146
182,59,154
184,60,150
187,61,155
183,55,151
182,59,156
187,60,150
189,59,158
183,56,146
181,57,156
188,57,162
188,61,160
182,59,153
186,56,150
187,58,148
187,56,158
186,61,154
189,59,163
183,55,159
187,56,159
188,61,159
188,61,161
184,59,146
182,59,157
188,57,156
188,59,151
181,57,151
187,56,157
186,61,163
184,55,160
184,56,146
189,60,161
189,60,160
187,59,148
187,61,164
185,55,156
185,61,158
184,55,151
181,56,153
182,56,147
181,56,154
185,55,157
185,61,157
185,57,145
187,56,160
189,60,162
182,57,146
188,61,158
188,61,162
189,60,159
185,55,155
187,56,156
189,59,157
185,61,159
182,55,154
181,56,152
183,58,145
182,59,152
181,56,155
185,55,158
183,60,156
185,61,156
181,57,157
182,55,153
182,55,155
183,55,150
183,60,155
188,57,163
185,56,147
183,60,157
189,59,164
182,59,158
187,61,154
182,58,147
189,60,163
185,55,154
181,57,150
187,56,161
188,57,155
189,60,158
188,60,152
185,61,160
182,55,152
182,55,156
181,56,151
188,61,157
188,61,163
