201,69,128
201,69,129
201,69,127
201,69,126
201,69,130
201,69,125
201,69,131
202,69,128
200,69,128
202,69,129
200,69,127
202,69,127
200,69,129
202,69,130
200,69,126
201,68,127
201,70,129
201,68,128
201,70,128
201,69,124
201,69,132
202,70,129
200,68,127
202,70,130
202,70,128
202,69,126
200,68,128
200,68,126
200,69,130
201,68,126
201,70,130
202,69,131
201,68,129
201,70,127
200,69,125
202,70,127
202,70,131
200,68,125
200,68,129
201,68,125
201,70,131
201,68,130
201,70,126
202,69,125
200,69,131
202,69,132
200,69,124
201,69,133
201,69,123
202,70,126
202,70,132
200,68,124
200,68,130
201,68,124
201,70,132
201,68,131
201,70,125
202,69,124
200,69,132
202,69,133
202,70,125
202,70,133
200,68,123
200,68,131
200,69,123
201,68,123
201,70,133
201,68,132
201,69,122
201,69,134
201,70,124
202,68,128
200,70,128
202,68,127
202,68,129
200,70,129
200,70,127
203,70,129
199,68,127
203,70,130
199,68,126
202,69,123
202,68,126
202,70,134
202,70,124
200,68,132
200,68,122
200,69,133
200,70,130
202,68,130
202,69,134
203,70,128
199,68,128
203,70,131
200,70,126
199,68,125
200,69,122
201,68,122
202,68,125
201,70,134
203,69,129
201,68,133
203,70,127
199,69,127
199,68,129
203,70,132
203,69,128
200,70,131
202,68,131
199,68,124
201,70,123
199,69,128
203,69,130
199,69,126
200,70,125
201,69,121
201,69,135
203,69,127
199,69,129
203,69,131
199,69,125
203,70,126
202,71,130
202,68,124
202,71,129
199,68,130
202,70,123
202,70,135
202,69,122
200,68,121
200,68,133
203,70,133
200,67,126
199,68,123
200,67,127
200,70,132
200,69,134
202,68,132
202,69,135
203,69,126
202,71,131
202,71,128
199,69,130
200,67,125
200,67,128
200,69,121
203,69,132
200,70,124
199,69,124
201,68,121
201,70,135
201,68,134
202,71,132
202,71,127
200,67,124
200,67,129
201,70,122
203,70,125
199,68,131
203,69,125
203,70,134
202,68,123
199,68,122
199,69,131
201,67,127
201,71,129
203,69,133
200,70,133
202,68,133
201,67,126
201,71,130
201,67,128
201,71,128
199,69,123
202,71,133
201,69,120
201,69,136
200,67,123
202,71,126
200,70,123
203,71,130
200,67,130
202,70,122
202,70,136
200,68,120
200,68,134
201,67,125
201,71,131
203,71,131
203,71,129
199,67,126
202,69,121
201,67,129
201,71,127
199,67,127
199,67,125
202,69,136
200,69,135
203,71,128
203,71,132
203,69,124
203,70,124
200,69,120
199,67,124
199,67,128
201,68,120
201,67,124
199,68,132
203,70,135
201,71,132
199,69,132
203,69,134
202,68,122
199,68,121
201,67,130
201,68,135
201,70,136
202,71,134
201,71,126
200,67,122
202,71,125
199,69,122
200,67,131
201,70,121
202,68,134
200,70,134
203,71,127
203,71,133
199,67,123
199,67,129
200,70,122
201,67,123
201,71,133
201,67,131
203,69,123
201,71,125
202,70,121
202,70,137
200,68,119
200,68,135
203,71,126
203,71,134
201,69,119
201,69,137
203,70,123
202,69,120
199,69,133
199,67,122
199,67,130
200,67,121
203,69,135
202,71,135
203,68,128
203,68,129
199,68,133
203,70,136
200,67,132
202,71,124
202,68,121
202,69,137
203,68,127
199,68,120
199,70,128
200,69,136
199,70,127
199,69,121
203,68,130
201,67,122
199,70,129
200,69,119
201,68,119
202,68,135
199,70,126
201,71,134
204,70,130
198,68,126
200,70,135
203,68,126
201,67,132
201,68,136
204,70,129
198,68,127
201,70,137
204,70,131
198,68,125
203,68,131
201,71,124
199,70,130
201,70,120
203,71,135
203,71,125
200,70,121
204,70,128
198,68,128
199,67,131
199,67,121
199,70,125
204,70,132
198,68,124
203,69,122
203,68,125
200,67,120
202,71,136
202,67,127
202,67,128
203,68,132
203,70,122
203,69,136
204,70,127
200,67,133
199,69,134
199,70,131
202,71,123
198,68,129
202,67,126
201,67,121
200,71,129
204,70,133
200,71,128
203,70,137
199,68,134
202,67,129
198,68,123
202,70,120
202,70,138
200,68,118
200,68,136
200,71,130
199,70,124
202,68,120
201,71,135
199,68,119
199,69,120
201,67,133
200,71,127
202,67,125
202,69,119
203,68,124
201,69,118
201,69,138
201,71,123
202,67,130
203,71,124
203,71,136
202,68,136
204,71,130
204,71,131
202,69,138
200,71,131
204,70,126
199,67,120
199,67,132
198,67,126
200,69,137
198,67,125
200,70,136
198,68,130
203,68,133
204,69,129
204,71,129
200,71,126
204,70,134
204,69,130
199,70,132
204,71,132
201,68,118
198,69,127
198,67,127
200,69,118
198,68,122
198,69,126
198,67,124
204,69,128
202,67,124
201,68,137
204,69,131
198,69,128
200,70,120
201,70,138
203,69,121
199,70,123
198,69,125
202,67,131
204,71,128
200,67,119
204,71,133
200,71,132
198,67,128
204,69,127
202,71,137
201,70,119
201,67,120
198,67,123
200,67,134
203,68,123
203,69,137
198,69,129
204,69,132
202,71,122
200,71,125
204,70,125
199,69,135
203,70,121
201,67,134
201,71,136
198,69,124
198,68,131
202,67,123
204,70,135
203,70,138
203,68,134
199,68,135
204,71,127
204,71,134
204,69,126
199,70,133
198,68,121
199,69,119
203,71,123
203,71,137
198,67,129
202,68,119
201,71,122
199,68,118
198,67,122
202,67,132
199,67,119
199,67,133
198,69,130
200,71,133
204,69,133
202,70,119
202,70,139
200,68,117
200,68,137
199,70,122
198,69,123
202,68,137
202,72,130
200,71,124
202,69,118
202,72,131
202,72,129
200,70,137
203,72,131
203,68,122
200,66,126
203,72,130
204,71,126
204,70,124
204,69,125
201,69,139
201,69,117
200,66,125
202,69,139
202,67,122
204,71,135
200,66,127
202,72,132
198,67,130
203,72,132
200,69,138
203,72,129
203,69,120
201,67,119
198,68,132
202,72,128
198,67,121
200,67,118
204,70,136
201,68,117
200,70,119
198,69,131
199,66,125
204,69,134
199,66,126
200,66,124
203,68,135
202,71,138
200,69,117
200,66,128
202,67,133
200,67,135
201,68,138
198,68,120
199,66,124
200,71,134
199,66,127
199,70,134
201,67,135
202,71,121
203,72,133
203,69,138
201,70,139
201,71,137
198,69,122
203,72,128
202,72,133
199,69,136
203,70,120
202,72,127
200,66,123
201,70,118
203,71,122
203,71,138
199,66,123
200,71,123
200,66,129
199,66,128
201,71,121
199,67,118
199,67,134
203,70,139
199,70,121
204,69,124
204,71,125
199,68,136
204,71,136
199,69,118
198,67,131
203,72,134
202,68,118
202,67,121
199,68,117
203,72,127
204,70,123
198,67,120
203,68,121
204,69,135
198,69,132
202,72,134
200,66,122
199,66,122
202,72,126
199,66,129
204,70,137
198,68,133
202,67,134
202,68,138
200,66,130
202,70,118
202,70,140
198,69,121
200,68,138
200,68,116
200,71,135
203,68,136
201,67,118
200,70,138
198,68,119
201,66,126
201,72,130
199,70,135
203,72,135
201,66,127
201,72,129
202,69,117
200,67,117
203,69,119
203,72,126
204,69,123
201,66,125
201,72,131
204,71,124
200,71,122
201,66,128
202,71,139
201,67,136
200,67,136
201,72,128
199,66,121
202,72,135
202,69,140
200,70,118
204,71,137
200,66,121
201,71,138
199,66,130
201,69,116
201,69,140
198,67,132
202,71,120
200,69,139
201,68,116
203,69,139
201,66,124
202,72,125
199,70,120
204,69,136
204,72,131
201,72,132
198,67,119
202,67,120
200,66,131
203,71,121
203,71,139
198,69,133
204,72,130
204,72,132
201,66,129
