219,219,171
218,219,171
219,218,171
220,220,172
218,218,170
219,219,170
219,219,172
220,220,171
218,218,171
220,219,172
219,220,172
217,218,170
218,217,170
218,219,170
219,218,170
219,218,172
218,219,172
220,219,171
219,220,171
218,217,171
217,218,171
220,220,173
218,218,169
217,219,171
219,217,171
217,218,169
218,217,169
220,219,173
219,220,173
218,220,172
220,218,172
216,218,170
218,216,170
221,221,173
217,217,169
219,217,170
217,219,170
221,221,172
217,217,170
219,217,172
217,219,172
220,218,171
218,220,171
220,221,173
221,220,173
216,217,169
217,216,169
218,216,171
216,218,171
220,221,172
221,220,172
217,216,170
216,217,170
220,220,170
218,218,172
219,219,169
219,219,173
219,220,170
220,219,170
218,216,169
216,218,169
219,218,169
218,219,169
218,217,172
217,218,172
218,220,173
220,218,173
219,218,173
218,219,173
221,221,174
217,217,168
219,216,171
216,219,171
221,221,171
217,217,171
219,221,173
221,219,173
215,217,169
217,215,169
221,219,172
219,221,172
221,220,174
220,221,174
216,217,168
217,216,168
220,220,174
217,215,170
215,217,170
218,218,168
221,220,171
220,221,171
220,217,172
217,220,172
218,215,170
215,218,170
219,216,170
216,219,170
220,218,170
218,220,170
217,216,171
216,217,171
219,217,169
217,219,169
218,217,168
217,218,168
220,219,174
219,220,174
220,217,171
217,220,171
219,216,172
216,219,172
216,218,172
218,216,172
217,219,173
219,217,173
222,222,173
216,216,169
218,215,171
215,218,171
222,222,174
216,216,168
218,215,169
215,218,169
217,215,168
215,217,168
221,222,173
222,221,173
216,215,169
215,216,169
219,221,174
221,219,174
221,219,171
219,221,171
221,222,174
222,221,174
217,220,173
220,217,173
215,216,168
216,215,168
218,216,168
216,218,168
215,217,171
217,215,171
220,218,174
218,220,174
218,221,172
221,218,172
221,218,173
218,221,173
217,214,169
214,217,169
222,222,172
220,220,169
216,216,170
218,218,173
220,217,170
217,220,170
217,214,170
214,217,170
221,221,175
216,219,169
219,216,169
219,220,169
220,219,169
222,221,172
221,222,172
222,220,173
220,222,173
219,219,168
219,219,174
217,217,167
216,215,170
215,216,170
216,214,169
214,216,169
218,217,173
217,218,173
215,219,171
219,215,171
222,222,175
220,222,174
222,220,174
221,221,170
214,216,168
216,214,168
221,220,175
220,221,175
216,216,167
218,219,168
219,218,168
217,216,167
216,217,167
218,215,172
215,218,172
217,217,172
219,218,174
218,219,174
219,216,173
216,219,173
215,219,170
219,215,170
220,221,170
221,220,170
222,221,175
221,222,175
215,216,167
216,215,167
216,220,172
220,216,172
214,218,170
218,214,170
217,214,168
214,217,168
221,218,171
218,221,171
216,220,171
220,216,171
217,216,172
216,217,172
218,221,174
221,218,174
218,220,169
220,218,169
215,218,168
218,215,168
222,220,172
220,222,172
215,219,172
219,215,172
218,214,171
214,218,171
220,220,175
214,216,170
216,214,170
217,219,168
219,217,168
217,214,171
214,217,171
214,218,169
218,214,169
217,215,167
215,217,167
218,216,173
216,218,173
218,218,167
217,220,174
220,217,174
221,219,175
219,221,175
219,221,170
221,219,170
219,217,174
217,219,174
219,220,175
220,219,175
216,214,167
214,216,167
217,218,167
218,217,167
222,220,175
220,222,175
219,222,173
222,219,173
223,223,174
215,215,168
216,220,173
220,216,173
222,222,171
217,221,172
221,217,172
216,213,169
213,216,169
222,219,174
219,222,174
217,215,172
215,217,172
216,216,171
216,213,168
213,216,168
222,223,174
223,222,174
217,221,173
221,217,173
213,217,169
217,213,169
216,220,170
220,216,170
215,214,168
214,215,168
221,222,171
222,221,171
215,219,169
219,215,169
223,223,175
215,215,167
217,213,170
213,217,170
216,215,171
215,216,171
217,220,169
220,217,169
223,223,173
215,215,169
222,223,175
223,222,175
214,215,167
215,214,167
222,219,172
219,222,172
216,218,167
218,216,167
222,222,176
223,222,173
222,223,173
216,219,168
219,216,168
218,220,175
220,218,175
215,214,169
214,215,169
214,217,167
217,214,167
217,221,171
221,217,171
216,216,166
213,217,168
217,213,168
218,221,170
221,218,170
218,214,172
214,218,172
220,222,171
222,220,171
223,221,174
221,223,174
219,215,173
215,219,173
222,221,176
221,222,176
216,213,170
213,216,170
215,213,168
213,215,168
214,218,168
218,214,168
216,215,166
215,216,166
218,221,175
221,218,175
214,219,171
219,214,171
216,213,167
213,216,167
215,218,173
218,215,173
221,221,176
217,221,174
221,217,174
219,222,175
222,219,175
221,223,175
223,221,175
214,219,170
219,214,170
220,220,168
216,214,171
214,216,171
213,215,167
215,213,167
216,219,174
219,216,174
217,217,166
223,221,173
221,223,173
218,218,174
223,223,176
220,215,171
215,220,171
221,220,176
220,221,176
220,215,172
215,220,172
213,218,170
218,213,170
219,220,168
220,219,168
221,221,169
215,215,166
216,217,166
217,216,166
213,217,171
217,213,171
214,217,172
217,214,172
213,215,169
215,213,169
218,222,173
222,218,173
220,216,174
216,220,174
223,222,176
222,223,176
215,218,167
218,215,167
217,218,174
218,217,174
217,217,173
220,221,169
221,220,169
219,219,167
219,219,175
214,215,166
215,214,166
220,222,176
222,220,176
216,214,166
214,216,166
219,214,172
214,219,172
213,218,169
218,213,169
223,223,172
218,222,174
222,218,174
212,216,168
216,212,168
216,212,169
212,216,169
218,213,171
213,218,171
215,215,170
218,219,167
219,218,167
216,217,173
217,216,173
219,222,171
222,219,171
216,220,169
220,216,169
222,223,172
223,222,172
218,219,175
219,218,175
223,220,174
220,223,174
218,220,168
220,218,168
218,222,172
222,218,172
217,220,175
220,217,175
215,217,166
217,215,166
221,216,172
216,221,172
215,214,170
214,215,170
219,221,176
221,219,176
215,219,168
219,215,168
215,220,170
220,215,170
215,212,168
212,215,168
220,215,173
215,220,173
214,219,169
219,214,169
219,221,169
221,219,169
222,222,170
213,217,167
217,213,167
217,221,170
221,217,170
221,216,173
216,221,173
212,217,169
217,212,169
223,221,176
221,223,176
215,213,166
213,215,166
223,220,175
220,223,175
215,212,167
212,215,167
220,223,173
223,220,173
218,216,174
216,218,174
217,219,167
219,217,167
221,222,170
222,221,170
216,216,172
221,223,172
223,221,172
213,216,171
216,213,171
212,216,167
216,212,167
217,212,170
212,217,170
220,220,176
224,224,175
214,214,167
212,216,170
216,212,170
217,215,173
215,217,173
216,221,171
221,216,171
213,216,166
216,213,166
218,218,166
219,217,175
217,219,175
215,212,169
212,215,169
215,216,172
216,215,172
221,217,175
217,221,175
212,217,168
217,212,168
218,222,175
222,218,175
223,224,175
224,223,175
213,218,168
218,213,168
214,213,167
213,214,167
220,219,176
219,220,176
218,214,173
214,218,173
215,213,170
213,215,170
219,222,176
222,219,176
217,218,166
218,217,166
224,224,174
214,214,168
217,220,168
220,217,168
214,218,167
218,214,167
220,222,170
222,220,170
219,215,174
215,219,174
224,224,176
214,217,166
217,214,166
222,222,177
213,218,172
218,213,172
214,214,166
214,219,173
219,214,173
224,223,174
223,224,174
223,223,177
218,221,169
221,218,169
214,213,168
213,214,168
221,216,174
216,221,174
217,213,172
213,217,172
223,224,176
224,223,176
218,222,171
222,218,171
213,214,166
214,213,166
222,221,177
221,222,177
215,215,165
216,216,165
223,222,177
222,223,177
216,219,167
219,216,167
215,212,166
212,215,166
218,221,176
221,218,176
222,217,173
217,222,173
223,220,176
220,223,176
224,222,175
222,224,175
216,218,166
