201,83,150
201,83,151
201,83,149
201,83,152
201,83,148
201,83,153
201,83,147
202,83,151
200,83,149
202,83,150
200,83,150
202,83,152
200,83,148
202,84,151
200,82,149
202,83,149
200,83,151
201,82,150
201,84,150
201,82,149
201,84,151
202,84,152
202,84,150
200,82,150
200,82,148
201,82,151
201,84,149
201,82,148
201,84,152
202,83,153
200,83,147
202,84,153
202,84,149
201,83,154
201,83,146
200,82,151
200,82,147
202,83,148
200,83,152
201,82,152
201,84,148
201,82,147
201,84,153
202,84,148
202,84,154
200,82,152
200,82,146
202,83,154
200,83,146
202,83,147
200,83,153
201,82,153
201,84,147
201,82,146
201,83,155
201,83,145
201,84,154
202,84,155
202,84,147
200,82,153
200,82,145
202,83,155
200,83,145
202,83,146
200,83,154
203,84,152
199,82,148
203,84,151
199,82,149
201,82,154
202,82,150
201,84,146
200,84,150
201,82,145
202,82,151
203,84,153
199,82,147
202,82,149
200,84,149
203,84,150
201,84,155
199,82,150
200,84,151
202,82,152
201,83,156
201,83,144
200,84,148
202,82,148
202,84,146
202,84,156
203,84,154
200,82,154
200,82,144
199,82,146
200,84,152
203,84,149
199,82,151
202,83,156
202,85,151
202,85,152
203,83,151
200,81,149
199,83,149
200,81,148
203,83,152
200,83,144
202,82,153
199,83,148
202,83,145
203,83,150
202,85,150
199,83,150
202,85,153
200,84,147
200,81,150
200,83,155
201,82,155
200,81,147
202,82,147
201,84,145
203,83,153
203,84,155
201,82,144
200,84,153
199,83,147
199,82,145
203,83,149
203,84,148
201,84,156
199,82,152
199,83,151
202,85,149
200,81,151
202,85,154
200,81,146
202,82,154
203,83,154
203,85,152
202,84,157
202,84,145
199,83,146
200,82,155
200,82,143
200,84,146
199,81,148
203,85,153
203,85,151
203,83,148
202,82,146
201,83,157
201,83,143
199,81,149
199,81,147
199,83,152
201,81,149
201,85,151
201,81,150
201,85,150
200,84,154
202,83,157
203,84,156
202,85,148
200,81,152
201,81,148
201,85,152
199,82,144
202,85,155
203,85,154
203,85,150
203,84,147
200,81,145
200,83,143
202,83,144
199,81,150
199,81,146
199,82,153
201,81,151
201,82,156
201,85,149
203,83,155
200,83,156
201,81,147
201,85,153
201,84,144
201,82,143
199,83,145
202,82,155
203,83,147
201,84,157
203,85,149
203,85,155
199,83,153
200,84,145
199,81,151
199,81,145
201,81,152
202,82,145
201,85,148
200,81,153
202,85,147
201,81,146
200,81,144
201,85,154
202,85,156
200,84,155
203,84,157
202,84,158
202,84,144
200,82,156
200,82,142
199,82,143
203,84,146
203,83,156
199,82,154
203,85,156
203,85,148
199,83,144
201,83,142
201,83,158
201,81,153
202,83,158
199,81,152
199,81,144
203,83,146
201,85,147
202,82,156
200,83,142
202,83,143
201,81,145
201,82,157
199,83,154
201,85,155
200,83,157
200,81,154
200,84,144
201,84,143
202,82,144
202,85,146
201,82,142
200,81,143
204,84,152
198,82,148
202,85,157
201,84,158
204,84,153
198,82,147
204,84,151
198,82,149
203,82,151
200,84,156
203,82,150
203,84,158
203,83,157
201,81,154
203,85,147
203,85,157
203,82,152
199,84,149
199,81,153
199,81,143
199,82,142
204,84,154
199,84,150
203,84,145
198,82,146
201,85,146
203,82,149
204,84,150
199,84,148
198,82,150
199,83,143
199,82,155
201,81,144
203,83,145
202,84,143
202,84,159
200,82,141
200,82,157
199,84,151
203,82,153
204,85,153
204,85,152
201,85,156
198,81,147
198,81,148
202,82,157
204,84,155
203,82,148
204,85,154
199,83,155
199,84,147
198,82,145
204,85,151
198,81,146
198,81,149
202,81,150
204,84,149
202,81,149
202,83,159
200,81,155
198,82,151
199,84,152
202,85,145
200,85,150
202,81,151
201,83,141
201,83,159
200,85,151
202,82,143
200,84,143
200,81,142
203,82,154
202,83,142
202,81,148
200,83,141
204,85,155
201,82,158
200,85,149
202,85,158
198,81,145
204,85,150
201,81,155
198,81,150
203,85,158
203,85,146
200,85,152
202,81,152
199,81,142
199,81,154
203,82,147
199,84,146
204,84,156
200,83,158
201,82,141
203,83,158
201,84,142
201,85,145
200,84,157
203,84,159
198,82,144
201,81,143
202,81,147
200,85,148
204,84,148
201,84,159
199,82,141
199,84,153
203,84,144
198,82,152
204,85,156
204,83,152
199,83,142
204,83,151
203,83,144
200,85,153
203,86,152
201,85,157
203,86,153
198,81,144
204,85,149
203,82,155
198,83,148
204,83,153
199,82,156
198,83,149
202,81,153
198,81,151
202,86,152
203,86,151
204,83,150
202,86,151
198,83,147
203,86,154
199,80,148
199,80,147
202,86,153
200,80,148
202,82,158
198,83,150
200,85,147
199,83,156
202,81,146
200,80,149
203,82,146
199,84,145
199,80,149
200,80,147
204,83,154
202,84,142
202,84,160
204,84,157
200,82,140
200,82,158
199,80,146
202,86,150
200,81,156
203,86,150
198,83,146
198,82,143
202,86,154
204,83,149
202,85,144
200,80,150
203,86,155
200,85,154
201,81,156
204,84,147
200,81,141
204,85,157
200,80,146
202,82,142
199,84,154
199,80,150
203,85,159
203,85,145
198,83,151
200,84,142
198,81,143
202,81,154
204,85,148
202,85,159
199,80,145
202,83,160
199,81,155
199,81,141
198,82,153
198,81,152
203,82,156
204,83,155
201,85,144
202,86,149
201,81,142
203,83,159
200,80,151
202,83,141
201,82,159
201,83,160
201,83,140
202,86,155
200,85,146
202,81,145
203,86,149
200,83,140
198,83,145
204,83,148
200,80,145
203,84,160
200,84,158
203,86,156
199,80,151
201,85,158
203,82,145
201,82,140
199,84,144
201,84,141
200,83,159
203,83,143
199,80,144
204,84,158
203,84,143
198,83,152
199,83,141
199,82,140
200,85,155
204,85,158
202,86,148
204,83,156
201,84,160
198,82,142
199,82,157
202,81,155
200,80,152
204,84,146
204,86,153
198,81,142
204,85,147
199,84,155
202,86,156
204,86,154
204,86,152
199,83,157
200,80,144
202,82,159
203,86,148
198,81,153
198,83,144
204,83,147
198,80,147
198,82,154
203,82,157
200,81,157
201,81,157
203,86,157
199,80,152
198,80,148
198,80,146
202,81,144
200,85,145
204,86,155
204,86,151
202,85,143
199,80,143
200,81,140
203,85,144
203,85,160
201,80,149
201,86,151
202,84,161
202,84,141
200,82,159
200,82,139
201,80,148
201,86,152
199,81,140
199,81,156
198,83,153
202,82,141
198,80,149
198,80,145
201,80,150
202,85,160
201,86,150
201,85,143
201,81,141
200,84,141
203,82,144
202,86,147
201,80,147
200,80,153
204,83,157
201,86,153
199,84,143
200,85,156
203,83,160
204,84,159
204,86,156
204,86,150
201,80,151
202,83,161
202,81,156
204,85,159
200,80,143
201,86,149
202,86,157
198,80,150
198,80,144
201,85,159
203,86,147
198,83,143
201,80,146
203,84,161
204,85,146
204,83,146
198,82,141
198,81,141
200,84,159
204,84,145
201,86,154
201,82,160
202,83,140
199,80,153
203,83,142
203,86,158
199,84,156
200,83,139
198,81,154
199,83,140
201,83,161
201,83,139
199,80,142
203,84,142
199,82,139
202,81,143
201,80,152
203,82,158
201,82,139
200,85,144
204,86,157
204,86,149
198,82,155
201,84,140
201,86,148
198,83,154
200,83,160
199,82,158
201,80,145
205,85,153
200,80,154
197,81,147
198,80,151
198,80,143
205,85,154
202,86,146
204,83,158
201,81,158
197,81,146
199,83,158
201,84,161
205,85,152
201,86,155
