206,218,0
205,218,0
207,218,0
204,218,0
208,218,0
203,218,0
209,218,0
202,218,0
210,218,0
201,218,0
211,218,0
207,219,0
205,217,0
206,219,0
206,217,0
208,219,0
204,217,0
205,219,0
207,217,0
209,219,0
203,217,0
204,219,0
208,217,0
210,219,0
202,217,0
200,218,0
212,218,0
206,218,1
207,218,1
205,218,1
208,218,1
204,218,1
203,219,0
209,217,0
211,219,0
201,217,0
209,218,1
203,218,1
199,218,0
213,218,0
202,219,0
210,217,0
212,219,0
210,218,1
200,217,0
202,218,1
211,218,1
201,219,0
201,218,1
211,217,0
207,219,1
213,219,0
205,217,1
206,219,1
208,219,1
199,217,0
206,217,1
204,217,1
198,218,0
214,218,0
205,219,1
209,219,1
207,217,1
203,217,1
204,219,1
210,219,1
208,217,1
212,218,1
202,217,1
200,218,1
200,219,0
212,217,0
214,219,0
198,217,0
203,219,1
211,219,1
209,217,1
201,217,1
197,218,0
215,218,0
213,218,1
199,218,1
202,219,1
212,219,1
210,217,1
199,219,0
200,217,1
213,217,0
215,219,0
197,217,0
211,217,1
201,219,1
213,219,1
214,218,1
196,218,0
216,218,0
199,217,1
198,218,1
208,220,0
204,216,0
198,219,0
207,220,0
205,216,0
209,220,0
203,216,0
214,217,0
216,219,0
206,220,0
206,216,0
196,217,0
210,220,0
202,216,0
200,219,1
214,219,1
212,217,1
205,220,0
207,216,0
198,217,1
211,220,0
201,216,0
215,218,1
197,218,1
204,220,0
208,216,0
195,218,0
217,218,0
212,220,0
200,216,0
197,219,0
199,219,1
215,219,1
213,217,1
215,217,0
217,219,0
195,217,0
203,220,0
209,216,0
197,217,1
213,220,0
199,216,0
216,218,1
196,218,1
202,220,0
210,216,0
208,220,1
207,220,1
209,220,1
214,220,0
204,216,1
205,216,1
198,219,1
216,219,1
214,217,1
198,216,0
203,216,1
194,218,0
218,218,0
206,218,2
206,220,1
210,220,1
207,218,2
196,219,0
205,218,2
206,216,1
202,216,1
196,217,1
216,217,0
218,219,0
208,218,2
204,218,2
205,220,1
194,217,0
211,220,1
207,216,1
201,220,0
201,216,1
209,218,2
211,216,0
203,218,2
215,220,0
204,220,1
197,216,0
212,220,1
217,218,1
208,216,1
195,218,1
210,218,2
200,216,1
202,218,2
197,219,1
217,219,1
215,217,1
203,220,1
213,220,1
209,216,1
200,220,0
195,217,1
195,219,0
211,218,2
212,216,0
193,218,0
218,217,0
207,219,2
199,216,1
216,220,0
208,219,2
206,219,2
217,217,0
219,219,0
201,218,2
205,217,2
196,216,0
206,217,2
209,219,2
193,217,0
204,217,2
205,219,2
207,217,2
202,220,1
203,217,2
210,216,1
214,220,1
210,219,2
204,219,2
212,218,2
208,217,2
218,218,1
198,216,1
202,217,2
200,218,2
194,218,1
199,220,0
196,219,1
218,219,1
216,217,1
211,219,2
203,219,2
213,216,0
217,220,0
209,217,2
194,217,1
201,220,1
201,217,2
195,216,0
215,220,1
211,216,1
213,218,2
194,219,0
212,219,2
197,216,1
202,219,2
219,218,0
217,216,0
199,218,2
210,217,2
192,218,0
218,216,0
192,217,0
200,217,2
198,220,0
200,220,1
213,219,2
214,216,0
216,220,1
212,216,1
218,217,1
218,220,0
195,219,1
219,219,1
201,219,2
217,217,1
211,217,2
214,218,2
193,218,1
194,216,0
196,216,1
199,217,2
198,218,2
193,217,1
214,219,2
193,219,0
200,219,2
212,217,2
199,220,1
197,220,0
217,220,1
219,217,0
213,216,1
217,215,0
198,217,2
215,218,2
191,218,0
218,215,0
191,217,0
215,216,0
219,220,0
195,216,1
197,218,2
193,216,0
194,219,1
219,218,1
217,216,1
218,216,1
215,219,2
199,219,2
213,217,2
192,218,1
209,221,0
203,215,0
208,221,0
204,215,0
192,217,1
210,221,0
202,215,0
198,220,1
207,221,0
197,217,2
205,215,0
218,220,1
214,216,1
211,221,0
201,215,0
216,218,2
196,220,0
206,221,0
206,215,0
212,221,0
208,220,2
200,215,0
192,219,0
207,220,2
209,220,2
196,218,2
194,216,1
216,216,0
220,220,0
216,219,2
206,220,2
210,220,2
219,216,0
205,221,0
217,214,0
198,219,2
214,217,2
207,215,0
204,216,2
205,216,2
203,216,2
213,221,0
192,216,0
199,215,0
190,217,0
206,216,2
205,220,2
211,220,2
190,218,0
218,214,0
202,216,2
193,219,1
219,217,1
196,217,2
217,215,1
197,220,1
204,221,0
207,216,2
208,215,0
218,215,1
219,220,1
215,216,1
204,220,2
212,220,2
201,216,2
214,221,0
198,215,0
191,218,1
217,218,2
191,217,1
208,216,2
195,220,0
217,219,2
195,218,2
203,221,0
193,216,1
200,216,2
197,219,2
215,217,2
203,220,2
213,220,2
209,215,0
209,221,1
208,221,1
210,221,1
215,221,0
203,215,1
220,219,0
204,215,1
216,215,0
207,221,1
202,215,1
209,216,2
197,215,0
211,221,1
205,215,1
195,217,2
191,219,0
201,215,1
206,221,1
199,216,2
191,216,0
212,221,1
219,215,0
206,215,1
196,220,1
202,221,0
202,220,2
214,220,2
217,213,0
200,215,1
220,220,1
210,215,0
216,216,1
189,217,0
210,216,2
205,221,1
216,221,0
192,219,1
219,216,1
218,218,2
213,221,1
217,214,1
207,215,1
189,218,0
218,213,0
196,215,0
218,219,2
198,216,2
199,215,1
216,217,2
196,219,2
218,214,1
194,218,2
192,216,1
194,220,0
190,217,1
204,221,1
201,220,2
215,220,2
190,218,1
201,221,0
214,221,1
208,215,1
211,216,2
194,217,2
211,215,0
220,218,0
217,221,0
216,214,0
198,215,1
195,215,0
203,221,1
197,216,2
195,220,1
190,216,0
209,215,1
215,221,1
220,219,1
200,220,2
216,220,2
190,219,0
216,215,1
200,221,0
219,219,2
218,217,2
197,215,1
219,214,0
212,216,2
217,217,2
195,219,2
217,212,0
212,215,0
191,219,1
219,215,1
202,221,1
218,221,0
193,218,2
217,213,1
191,216,1
216,221,1
210,215,1
196,216,2
193,220,0
194,215,0
193,217,2
218,212,0
206,218,3
207,218,3
205,218,3
218,213,1
189,217,1
208,218,3
199,220,2
217,220,2
196,215,1
204,218,3
220,217,0
199,221,0
216,213,0
213,216,2
209,218,3
201,221,1
194,220,1
203,218,3
213,215,0
220,218,1
217,221,1
211,215,1
219,221,0
189,216,0
219,218,2
216,214,1
210,218,3
195,216,2
218,216,2
217,216,2
194,219,2
202,218,3
193,215,0
195,215,1
198,220,2
218,220,2
192,218,2
207,219,3
211,218,3
208,219,3
190,216,1
206,219,3
219,213,0
200,221,1
192,217,2
190,219,1
219,214,1
209,219,3
198,221,0
214,216,2
217,211,0
201,218,3
205,219,3
192,220,0
217,212,1
218,221,1
205,217,3
212,215,1
206,217,3
204,217,3
210,219,3
207,217,3
204,219,3
214,215,0
220,221,0
203,217,3
212,218,3
220,216,0
194,216,2
218,212,1
218,211,0
208,217,3
193,220,1
194,215,1
216,212,0
211,219,3
200,218,3
202,217,3
203,219,3
192,215,0
220,217,1
219,217,2
197,220,2
219,220,2
199,221,1
209,217,3
216,213,1
193,219,2
217,215,2
188,216,0
218,215,2
212,219,3
201,217,3
213,218,3
219,221,1
215,216,2
213,215,1
197,221,0
202,219,3
191,218,2
199,218,3
209,221,2
210,217,3
208,221,2
191,217,2
210,221,2
