183,92,93
183,92,94
183,92,95
184,93,94
182,91,92
184,92,93
182,92,93
184,93,95
184,92,94
182,91,93
182,92,94
183,91,92
183,93,94
183,92,96
183,91,93
183,93,95
184,92,95
184,93,96
182,91,94
182,92,95
183,91,94
183,93,96
184,92,96
184,93,97
182,91,95
183,92,97
182,92,96
183,91,95
183,93,97
185,93,94
181,91,92
185,93,95
181,91,93
185,93,96
184,92,97
181,91,94
184,93,98
182,91,96
182,92,97
184,94,95
184,91,92
183,91,96
182,90,91
182,93,94
183,92,98
183,93,98
184,94,96
184,91,93
182,90,92
182,93,95
185,94,95
185,93,97
185,92,93
181,90,91
181,92,93
181,91,95
185,94,96
185,92,94
184,91,94
181,90,92
184,94,97
181,92,94
182,90,93
182,93,96
185,92,95
185,94,97
184,92,98
181,90,93
184,93,99
182,91,97
181,92,95
182,92,98
184,91,95
183,91,97
182,90,94
184,94,98
185,93,98
182,93,97
183,93,99
181,91,96
183,90,91
183,94,95
185,92,96
185,94,98
183,92,99
181,90,94
183,90,92
183,94,96
181,92,96
183,90,93
184,91,96
183,94,97
182,90,95
184,94,99
182,93,98
184,92,99
185,92,97
185,93,99
184,93,100
182,91,98
185,94,99
181,90,95
186,94,95
180,90,91
186,93,94
180,91,92
182,92,99
183,91,98
181,91,97
183,90,94
186,94,96
186,93,95
181,92,97
180,90,92
180,91,93
183,94,98
183,93,100
186,94,97
186,93,96
180,90,93
180,91,94
184,91,97
183,92,100
182,90,96
184,94,100
183,90,95
185,92,98
182,93,99
185,94,100
186,93,97
186,94,98
181,90,96
183,94,99
180,90,94
185,95,96
180,91,95
185,91,92
185,93,100
181,92,98
185,95,97
185,91,93
181,89,90
184,92,100
181,93,94
181,91,98
181,89,91
184,93,101
182,91,99
181,93,95
183,91,99
185,91,94
182,92,100
185,95,98
181,89,92
186,93,98
184,91,98
186,94,99
183,93,101
183,90,96
181,93,96
184,95,96
184,90,91
182,90,97
180,90,95
186,95,96
180,91,96
184,95,97
184,90,92
182,89,90
186,92,93
182,94,95
184,94,101
185,92,99
186,95,97
185,91,95
182,89,91
180,89,90
186,92,94
183,94,100
182,94,96
180,92,93
185,95,99
180,89,91
182,93,100
185,94,101
181,89,93
180,92,94
181,90,97
184,90,93
184,95,98
183,92,101
186,95,98
182,89,92
186,92,95
181,93,97
182,94,97
181,92,99
180,89,92
185,93,101
180,92,95
186,93,99
186,94,100
184,90,94
185,91,96
181,91,99
184,95,99
186,92,96
180,90,96
182,89,93
184,92,101
185,95,100
186,95,99
183,90,97
180,91,97
181,89,94
180,89,93
184,93,102
182,94,98
182,91,100
184,91,99
183,91,100
180,92,96
181,93,98
182,92,101
182,90,98
187,94,95
179,90,91
183,94,101
185,92,100
187,94,96
179,90,92
184,90,95
183,93,102
184,94,102
186,92,97
182,89,94
185,94,102
181,90,98
184,95,100
186,95,100
182,93,101
185,91,97
187,94,97
179,90,93
186,93,100
180,89,94
182,94,99
186,94,101
185,95,101
181,89,95
181,92,100
180,92,97
183,89,90
183,95,96
180,90,97
185,93,102
183,89,91
183,92,102
183,95,97
180,91,98
187,95,96
187,94,98
181,93,99
187,93,94
183,90,98
179,89,90
187,95,97
184,90,96
179,91,92
179,90,94
187,93,95
179,89,91
183,89,92
181,91,100
186,92,98
179,91,93
182,89,95
183,95,98
184,91,100
186,95,101
187,95,98
187,93,96
184,95,101
184,92,102
179,89,92
180,89,95
185,91,98
183,94,102
182,90,99
179,91,94
184,93,103
182,91,101
183,91,101
182,94,100
185,92,101
183,89,93
187,94,99
180,92,98
181,89,96
182,92,102
185,95,102
184,94,103
183,95,99
186,93,101
179,90,95
187,93,97
187,95,99
185,94,103
186,94,102
181,90,99
179,89,93
183,93,103
182,93,102
179,91,95
184,90,97
180,90,98
181,93,100
186,92,99
186,96,97
181,92,101
183,89,94
182,89,96
180,91,99
186,91,92
186,96,98
186,91,93
186,95,102
185,96,97
183,90,99
187,93,98
185,90,91
187,94,100
187,95,100
185,93,103
184,95,102
183,95,100
185,96,98
180,89,96
185,90,92
180,88,89
185,91,99
186,96,99
179,89,94
186,91,94
180,93,94
180,88,90
179,90,96
182,94,101
181,88,89
183,92,103
179,91,96
180,93,95
185,90,93
181,94,95
185,96,99
181,88,90
180,92,99
181,91,101
184,91,101
181,94,96
180,88,91
181,89,97
183,94,103
183,89,95
185,95,103
186,91,95
181,88,91
180,93,96
182,90,100
186,96,100
185,92,102
186,93,102
184,92,103
185,90,94
181,94,97
187,93,99
184,90,98
186,94,103
185,96,100
187,95,101
186,92,100
183,91,102
184,93,104
182,91,102
187,96,97
180,88,92
183,95,101
182,89,97
184,94,104
187,94,101
181,93,101
187,92,93
185,94,104
187,96,98
179,89,95
181,90,100
181,88,92
187,92,94
180,90,99
180,93,97
182,92,103
186,95,103
186,91,96
179,91,97
182,93,103
179,88,89
181,94,98
180,89,97
180,91,100
179,92,93
184,95,103
187,96,99
179,88,90
186,96,101
179,90,97
187,92,95
183,93,104
185,90,95
179,92,94
184,96,97
184,89,90
181,92,102
183,90,100
185,91,100
185,96,101
184,96,98
184,89,91
183,89,96
182,94,102
180,88,93
179,88,91
182,88,89
182,95,96
180,92,100
181,88,93
187,93,100
182,88,90
179,92,95
187,92,96
185,93,104
187,96,100
184,89,92
182,95,97
188,95,96
184,96,99
187,95,102
178,89,90
188,94,95
181,89,98
180,93,98
178,90,91
188,95,97
188,94,96
178,89,91
186,91,97
178,90,92
182,88,91
181,94,99
185,95,104
183,95,102
179,88,92
184,90,99
179,89,96
185,90,96
182,95,98
184,91,102
187,94,102
186,92,101
188,95,98
186,96,102
188,94,97
184,89,93
186,93,103
183,94,104
181,91,102
183,92,104
178,89,92
179,92,96
178,90,93
182,89,98
179,91,98
184,96,100
187,92,97
182,90,101
186,94,104
185,92,103
180,88,94
185,96,102
182,88,92
187,96,101
181,88,94
181,93,102
186,95,104
179,90,98
184,92,104
188,94,98
188,95,99
182,95,99
183,89,97
180,89,98
179,88,93
178,89,93
180,90,100
184,95,104
184,94,105
178,90,94
185,94,105
184,89,94
180,93,99
183,91,103
181,90,101
187,93,101
184,93,105
182,91,103
186,91,98
181,94,100
185,91,101
180,91,101
179,92,97
182,88,93
187,95,103
185,90,97
184,96,101
182,93,104
182,94,103
187,92,98
182,92,104
183,90,101
180,92,101
188,94,99
186,96,103
188,95,100
187,96,102
181,92,103
179,89,97
183,93,105
182,95,100
183,95,103
188,96,97
180,88,95
181,89,99
178,89,94
188,93,94
181,88,95
188,96,98
187,94,103
185,96,103
178,90,95
188,93,95
184,90,100
184,89,95
179,88,94
178,88,89
179,91,99
185,95,105
178,91,92
186,92,102
178,88,90
185,93,105
188,96,99
178,91,93
188,93,96
182,88,94
182,89,99
186,93,104
179,92,98
180,93,100
184,96,102
178,88,91
183,89,98
184,91,103
186,91,99
188,94,100
188,95,101
187,92,99
181,94,101
183,94,105
179,90,99
178,91,94
186,94,105
185,90,98
186,95,105
187,93,102
188,93,97
188,96,100
181,93,103
181,91,103
183,88,89
183,96,97
185,92,104
180,89,99
182,95,101
182,90,102
187,96,103
178,89,95
183,88,90
183,96,98
183,92,105
187,95,104
178,90,96
