166,88,87
166,87,87
166,89,87
166,90,87
167,89,88
165,87,86
167,88,87
165,88,87
167,88,88
167,90,88
165,86,86
165,88,86
167,89,87
167,87,87
165,87,87
165,89,87
166,87,86
166,89,88
166,91,87
166,88,86
166,88,88
166,86,86
166,90,88
167,91,88
165,89,86
167,90,87
165,90,87
166,89,86
166,91,88
168,89,88
164,87,86
167,92,88
165,90,86
167,91,87
168,90,88
168,88,88
164,86,86
164,88,86
165,91,87
166,92,87
166,90,86
166,92,88
168,91,88
164,89,86
167,90,89
168,90,89
167,92,87
167,93,88
165,91,86
164,86,85
165,86,85
167,89,89
168,89,89
168,91,89
167,91,89
167,87,86
165,92,87
165,87,85
164,85,85
164,87,85
165,85,85
168,92,88
168,88,87
165,89,88
164,88,87
167,88,86
164,90,86
167,86,86
168,89,87
168,87,87
165,88,88
166,91,86
165,90,88
164,87,87
164,89,87
166,93,88
166,93,87
168,92,89
167,92,89
165,88,85
164,88,85
167,89,86
168,90,87
165,91,88
164,90,87
168,93,88
167,93,87
168,93,89
165,89,85
167,94,88
167,93,89
165,92,86
164,91,86
164,89,85
167,90,86
168,91,87
165,93,87
165,92,88
166,92,86
169,90,89
166,86,85
166,90,89
164,91,87
163,86,85
169,91,89
166,87,85
169,89,89
166,89,89
166,85,85
163,85,85
169,89,88
163,87,85
166,91,89
163,87,86
166,94,88
169,90,88
169,88,88
163,86,86
163,88,86
166,94,87
166,88,85
169,92,89
163,88,85
166,92,89
165,90,85
168,94,89
167,91,86
169,91,88
164,90,85
167,94,89
168,92,87
168,94,88
163,89,86
164,92,86
165,93,88
164,92,87
167,94,87
166,89,85
169,93,89
167,95,88
165,93,86
163,89,85
169,92,88
166,93,89
165,94,87
166,93,86
163,90,86
168,91,90
168,90,90
168,92,90
166,95,88
164,85,84
165,91,85
167,92,86
168,95,89
168,93,87
164,91,85
164,86,84
164,84,84
167,95,89
169,91,90
168,87,86
166,90,85
169,94,89
168,88,86
169,90,90
169,92,90
168,86,86
168,93,90
163,85,84
169,93,88
168,95,88
164,89,88
166,95,87
163,90,85
165,94,88
163,84,84
163,86,84
164,87,84
164,93,87
166,94,89
164,88,88
164,90,88
169,88,87
168,89,86
163,91,86
164,93,86
169,93,90
169,89,87
169,87,87
163,88,87
163,87,84
167,91,90
163,87,87
163,89,87
167,95,87
164,91,88
168,94,90
167,90,90
167,92,90
165,85,84
169,90,87
167,96,88
165,94,86
164,88,84
167,86,85
165,86,84
165,84,84
170,90,89
168,90,86
162,86,85
167,87,85
166,94,86
167,85,85
165,90,89
167,93,86
169,94,90
166,91,85
165,95,87
170,91,89
170,89,89
162,85,85
165,92,85
162,87,85
163,90,87
168,94,87
169,95,89
168,96,89
165,89,89
167,93,90
165,91,89
169,94,88
163,88,84
164,92,85
165,87,84
167,96,89
167,88,85
163,91,85
166,96,88
169,91,87
164,92,88
170,92,89
166,95,89
162,88,85
163,92,86
165,92,89
168,95,90
165,95,88
164,89,84
164,94,87
168,96,88
170,91,90
168,91,86
163,91,87
162,85,84
165,88,84
167,94,90
170,92,90
170,90,90
167,89,85
169,95,90
162,84,84
162,86,84
170,93,89
166,96,87
164,94,86
163,89,84
170,89,88
162,89,85
169,92,87
170,93,90
170,90,88
162,87,86
170,88,88
165,93,89
162,87,84
164,93,88
166,92,85
162,86,86
162,88,86
169,96,89
169,95,88
167,96,87
170,91,88
167,94,86
168,95,87
165,93,85
165,89,84
167,97,88
165,95,86
167,90,85
163,92,87
163,92,85
167,95,90
164,90,84
168,96,90
168,97,89
162,89,86
168,92,86
170,94,90
166,95,86
170,94,89
164,93,85
166,96,89
167,97,89
165,96,87
162,88,84
163,93,86
169,96,90
162,90,85
170,92,88
163,90,84
166,85,84
166,91,90
169,93,87
165,94,89
166,97,88
166,86,84
166,90,90
166,84,84
166,92,90
165,96,88
164,95,87
162,90,86
168,97,88
164,94,88
166,87,84
170,95,90
169,92,91
165,90,84
167,91,85
166,93,90
169,91,91
169,93,91
162,89,84
166,93,85
170,95,89
170,93,88
167,96,90
163,93,87
164,95,86
169,96,88
169,97,89
168,93,86
164,91,84
163,84,83
166,97,87
168,97,90
166,88,84
169,94,91
163,85,83
163,83,83
162,91,85
167,95,86
168,96,87
163,93,85
169,97,90
169,87,86
168,92,91
162,91,86
166,94,90
170,92,91
165,95,89
169,94,87
165,94,85
169,88,86
169,86,86
168,91,91
168,93,91
163,91,84
167,97,87
170,91,91
170,93,91
166,97,89
163,86,83
168,98,89
164,94,85
163,94,86
170,96,90
167,98,88
162,84,83
165,96,86
169,89,86
164,84,83
169,95,91
167,98,89
166,96,86
163,89,88
162,83,83
162,85,83
170,94,91
170,94,88
171,91,90
168,94,91
164,85,83
164,83,83
161,85,84
167,92,85
168,86,85
166,89,84
165,91,84
162,90,84
163,88,88
164,95,88
163,90,88
171,92,90
171,90,90
168,87,85
161,84,84
161,86,84
168,85,85
165,97,87
170,96,89
171,90,89
170,88,87
163,87,83
161,86,85
171,91,89
170,89,87
162,86,83
164,86,83
171,89,89
165,97,88
170,87,87
161,85,85
164,96,87
161,87,85
166,95,90
169,90,86
167,97,90
171,93,90
168,88,85
163,94,87
164,90,89
166,98,88
163,91,88
161,87,84
168,94,86
164,89,89
170,95,91
168,98,88
164,91,89
168,95,91
170,90,87
162,88,87
171,92,89
162,92,86
166,94,85
164,92,84
162,92,85
162,87,87
169,96,91
162,89,87
169,97,88
161,88,85
168,98,90
169,98,89
164,87,83
162,87,83
165,96,89
169,95,87
168,89,85
171,94,90
164,92,89
169,98,90
166,90,84
163,88,83
170,97,90
164,96,86
161,88,84
169,91,86
170,91,87
163,92,84
163,92,88
171,93,89
162,90,87
170,95,88
163,94,85
167,96,86
168,97,87
162,91,84
170,96,91
161,89,85
167,93,85
166,98,87
165,95,85
168,96,91
165,92,84
166,98,89
167,92,91
166,96,90
171,92,91
170,97,89
164,88,83
163,95,86
164,93,89
167,91,91
168,90,85
167,93,91
171,93,91
171,91,91
168,99,89
162,88,83
164,96,88
164,95,85
171,95,90
161,84,83
167,98,87
165,84,83
162,91,87
169,97,91
167,85,84
170,92,87
161,83,83
171,94,89
161,85,83
165,85,83
165,83,83
167,86,84
167,99,89
167,84,84
161,89,84
167,98,90
171,94,91
162,93,86
163,89,83
163,93,88
167,94,91
167,99,88
165,97,86
169,92,86
166,97,86
163,95,87
165,91,90
168,95,86
166,91,84
171,89,88
165,86,83
165,90,90
167,87,84
161,86,83
165,92,90
162,93,85
161,90,85
171,90,88
171,88,88
164,93,84
165,98,88
170,97,91
165,98,87
164,97,87
161,87,86
166,95,85
170,98,90
169,96,87
165,97,89
170,96,88
164,94,89
171,95,91
168,97,91
168,91,85
171,91,88
168,99,90
161,86,86
164,89,83
169,98,88
161,88,86
165,93,90
167,95,91
166,99,88
171,96,90
168,99,88
162,92,87
169,99,90
169,99,89
165,87,83
162,89,83
167,88,84
170,93,87
161,87,83
171,95,89
163,93,84
162,92,84
166,97,90
167,94,85
161,89,86
161,90,84
171,92,88
165,93,84
169,98,91
169,93,86
163,94,88
170,98,89
163,90,83
163,95,85
165,94,90
171,96,91
164,97,86
167,97,86
161,91,85
