83,132,157
83,131,157
83,130,157
84,133,158
82,131,156
83,131,156
83,132,158
84,132,158
82,130,156
83,130,156
83,131,158
84,132,157
82,131,157
84,131,158
82,129,156
83,129,157
84,131,157
82,130,157
83,129,156
83,130,158
82,130,155
84,133,159
84,130,157
84,130,158
82,128,156
82,129,155
84,132,159
82,129,157
83,128,157
83,128,156
82,128,155
83,129,158
84,131,159
85,134,159
81,130,155
84,129,157
85,133,159
85,133,158
81,129,155
81,131,156
84,129,158
82,127,156
83,133,159
81,130,156
82,128,157
82,132,158
83,130,155
85,132,158
84,131,156
83,132,159
85,132,159
82,131,158
81,129,156
81,128,155
82,127,155
83,129,155
83,127,156
84,130,156
83,127,157
84,130,159
85,131,158
83,131,159
83,128,158
82,130,158
84,128,157
81,128,156
85,131,159
81,127,155
81,129,154
83,128,155
85,134,160
82,127,157
84,129,156
84,128,158
82,126,156
84,134,160
81,128,154
82,129,154
85,133,160
83,130,159
82,126,155
85,130,158
84,133,160
82,129,158
81,131,157
85,132,157
82,128,154
84,129,159
81,127,156
81,130,157
81,127,154
83,126,156
85,131,157
84,132,160
85,130,159
81,126,155
85,132,160
83,127,155
83,126,157
84,128,156
83,127,158
81,129,157
84,127,157
82,127,154
83,129,159
82,126,157
82,128,158
85,129,158
85,130,157
81,126,154
84,131,160
84,127,158
82,125,156
82,125,155
85,131,160
86,134,159
81,126,156
81,128,157
86,135,160
84,128,159
86,133,159
80,129,155
86,134,160
80,129,154
85,129,159
83,126,155
82,126,154
81,125,155
80,128,154
84,127,156
82,133,159
80,128,155
82,132,159
85,129,157
83,125,156
83,134,160
86,133,160
84,131,155
86,132,159
83,133,160
84,130,160
83,128,159
80,127,154
84,130,155
81,125,154
83,130,154
82,127,158
83,126,158
85,135,161
82,131,159
83,125,157
81,128,153
84,126,157
83,129,154
85,128,158
81,127,157
85,130,160
80,127,155
85,134,161
83,132,160
82,125,157
84,129,155
81,127,153
86,132,160
86,133,158
81,125,156
83,128,154
80,130,156
80,126,154
86,131,159
82,125,154
82,130,159
82,124,155
81,132,158
85,133,161
84,126,158
82,124,156
80,129,156
86,132,158
81,131,158
85,132,156
83,131,160
86,135,161
85,128,159
85,128,157
80,128,153
83,125,155
84,127,159
81,124,155
85,131,156
84,126,156
80,126,155
81,126,153
84,128,155
84,129,160
80,127,153
86,134,161
81,130,158
80,128,156
84,135,161
81,124,154
83,127,154
86,131,160
83,127,159
86,131,158
84,134,161
81,126,157
82,129,153
85,132,161
85,130,156
82,126,158
82,129,159
85,129,160
80,125,154
82,128,153
83,124,156
80,126,153
86,130,159
83,130,160
86,133,161
85,127,158
84,133,161
81,129,158
83,125,158
81,125,153
80,127,156
84,125,157
82,127,153
81,124,156
83,124,157
82,124,154
80,125,155
84,127,155
85,129,156
82,124,157
86,130,158
83,126,154
85,127,157
84,132,161
85,131,161
80,125,153
82,123,155
86,132,161
86,130,160
84,128,160
85,127,159
82,128,159
81,128,158
83,124,155
81,123,155
84,125,158
82,123,156
82,126,153
80,124,154
84,125,156
84,126,159
83,129,160
81,125,157
81,123,154
80,126,156
86,129,159
83,126,159
81,124,153
85,128,160
80,131,157
86,133,157
87,135,160
85,128,156
82,125,158
84,131,161
80,130,157
86,132,157
87,134,160
84,126,155
80,124,155
86,129,158
80,124,153
85,126,158
85,130,161
83,125,154
87,136,161
80,129,157
86,131,161
79,128,154
86,131,157
82,125,153
81,127,158
87,135,161
83,123,156
86,136,162
82,123,154
80,127,152
81,123,156
87,133,160
82,127,159
83,124,158
86,135,162
79,127,154
79,128,153
86,129,160
85,136,162
85,126,157
82,133,160
81,128,152
80,125,156
84,124,157
79,127,153
87,134,161
83,128,160
85,135,162
80,126,152
80,123,154
87,134,159
80,128,157
81,127,152
84,127,160
84,130,161
83,123,157
82,123,157
82,132,160
86,130,157
86,134,162
85,127,156
79,126,153
85,134,162
87,133,159
79,126,154
81,123,153
86,128,159
81,124,157
83,134,161
84,130,154
85,126,159
79,129,155
81,122,155
83,123,155
82,122,155
87,132,160
81,126,152
81,122,154
84,124,156
80,123,153
80,125,152
87,133,161
79,128,155
84,129,154
83,133,161
82,131,160
84,125,159
86,128,158
81,132,159
86,130,161
85,127,160
84,124,158
82,122,156
84,125,155
82,124,153
80,123,155
83,129,153
85,129,161
83,125,159
81,126,158
80,127,157
85,133,162
82,124,158
87,132,159
86,133,162
79,125,153
81,131,159
83,124,154
83,128,153
79,127,155
79,125,154
83,132,161
85,131,155
84,128,154
81,125,152
86,129,157
87,136,162
82,126,159
80,124,156
82,130,160
85,130,155
84,129,161
80,124,152
81,130,159
87,131,160
87,132,161
85,125,158
79,127,152
86,128,160
83,127,160
87,135,162
83,127,153
82,122,154
80,122,154
79,126,152
85,132,162
81,122,156
79,126,155
87,131,159
85,126,156
85,125,157
79,124,153
86,132,162
83,131,161
83,122,156
80,126,157
85,129,155
84,127,154
84,126,160
81,122,153
83,123,158
80,122,153
84,135,162
87,134,162
81,124,152
86,127,159
79,124,154
81,129,159
79,125,152
84,123,157
86,129,161
81,123,157
87,134,158
82,129,160
82,123,153
86,127,158
84,134,162
81,125,158
83,126,153
82,122,157
82,128,152
86,128,157
87,133,158
85,128,161
80,123,152
83,122,157
85,125,159
81,121,154
80,122,155
84,124,155
81,121,155
87,131,161
79,130,156
83,122,155
82,127,152
79,125,155
85,128,155
87,130,160
84,123,156
79,129,156
83,123,154
85,126,160
80,131,158
82,121,155
85,131,162
83,130,161
84,133,162
87,132,158
87,133,162
87,130,159
79,124,152
84,124,159
84,128,161
83,124,159
80,123,156
79,123,153
86,131,162
80,130,158
82,123,158
84,126,154
86,132,156
82,125,159
79,128,156
81,128,159
84,123,158
82,121,156
82,126,152
80,125,157
83,126,160
86,131,156
81,123,152
86,127,160
79,123,154
83,125,153
82,128,160
80,129,158
80,121,154
87,131,158
84,132,162
85,125,156
79,127,156
86,137,163
80,127,151
82,121,154
85,124,158
85,127,155
79,124,155
86,130,156
86,136,163
80,121,153
80,126,151
87,132,162
79,123,152
81,121,153
80,122,152
83,129,161
86,127,157
82,125,152
81,121,156
85,124,157
87,130,161
86,128,161
88,136,161
85,130,162
84,125,160
82,122,153
81,124,158
86,126,159
86,135,163
80,128,158
87,129,160
86,126,158
88,135,161
87,129,159
81,127,159
80,125,151
85,127,161
87,137,163
81,122,157
79,122,153
86,130,162
84,125,154
83,121,156
79,126,156
84,131,162
79,126,151
87,130,158
87,136,163
83,122,158
80,121,155
86,129,156
84,123,155
84,127,161
80,124,157
88,134,161
88,137,162
88,135,160
86,134,163
84,122,157
83,122,154
79,125,151
83,124,153
80,122,156
81,120,154
88,136,162
82,127,160
81,122,152
82,121,157
79,122,154
78,127,153
85,124,159
80,124,151
87,135,163
81,120,155
85,125,160
85,136,163
82,124,159
82,124,152
88,134,160
83,121,155
79,122,152
80,127,158
85,126,155
87,131,162
84,122,156
83,121,157
79,123,155
81,127,151
83,125,160
78,126,153
88,135,162
85,135,163
83,123,159
82,120,155
83,128,161
82,134,161
82,122,158
79,124,151
84,123,159
81,126,151
78,127,152
88,133,161
79,125,156
86,126,160
82,133,161
80,121,152
85,129,162
86,133,163
