173,168,83
173,167,83
173,169,83
173,166,83
173,170,83
174,169,83
172,167,83
174,169,84
172,167,82
174,168,83
172,168,83
174,170,83
172,166,83
174,168,84
174,170,84
172,166,82
172,168,82
173,165,83
173,171,83
173,168,82
173,168,84
174,167,83
173,167,82
172,169,83
173,169,84
173,169,82
174,171,83
173,167,84
172,165,83
174,167,84
174,171,84
172,165,82
172,169,82
173,166,82
173,170,84
173,170,82
173,166,84
174,166,83
172,170,83
174,172,83
173,164,83
173,172,83
174,166,84
174,172,84
172,164,82
172,170,82
172,164,83
175,170,84
171,166,82
173,165,82
173,171,84
175,169,84
171,167,82
173,171,82
175,171,84
171,165,82
173,165,84
175,168,84
171,168,82
174,165,83
175,172,84
171,164,82
172,171,83
174,173,83
174,165,84
174,173,84
172,171,82
172,163,82
172,163,83
173,164,82
173,163,83
173,173,83
174,169,82
173,172,84
173,172,82
172,167,84
174,168,82
175,167,84
173,164,84
175,170,83
174,169,85
174,170,82
171,169,82
172,168,84
175,173,84
171,166,83
172,167,81
172,166,84
175,169,83
171,163,82
174,170,85
174,168,85
175,171,83
171,167,83
172,166,81
175,170,85
172,168,81
171,165,83
171,166,81
174,167,82
175,169,85
175,171,85
171,165,81
171,167,81
172,169,84
174,171,82
175,168,83
174,171,85
174,164,83
172,165,84
171,168,83
172,165,81
175,172,83
174,167,85
172,169,81
174,174,83
172,172,83
171,164,83
174,164,84
174,174,84
172,162,82
172,172,82
175,168,85
175,172,85
171,164,81
171,168,81
172,162,83
175,166,84
174,166,82
173,163,82
171,170,82
175,174,84
175,167,83
173,173,84
173,173,82
171,162,82
172,170,84
174,172,82
174,172,85
172,164,81
171,169,83
173,163,84
175,173,83
172,173,83
173,162,83
172,164,84
174,166,85
172,170,81
171,163,83
175,167,85
175,173,85
171,163,81
171,169,81
173,168,81
173,168,85
173,167,81
173,169,85
174,165,82
173,169,81
173,167,85
175,166,83
174,163,83
174,173,82
175,165,84
172,171,84
176,171,84
170,165,82
173,166,81
172,163,81
173,174,83
174,173,85
173,170,85
175,174,83
171,172,83
176,170,84
171,170,83
175,175,84
171,171,82
173,174,84
174,163,84
170,166,82
172,161,82
171,172,82
173,170,81
176,171,85
172,171,81
176,172,84
170,165,81
174,165,85
170,164,82
173,166,85
172,163,84
171,161,82
176,170,85
175,166,85
175,174,85
172,161,83
173,162,82
176,172,85
170,166,81
170,164,81
171,162,81
171,170,81
171,162,83
176,169,84
172,173,82
172,173,84
170,167,82
176,173,84
173,165,81
170,163,82
176,169,85
173,162,84
170,167,81
176,173,85
173,171,85
170,163,81
173,171,81
174,164,82
171,173,83
173,165,85
175,165,83
176,168,84
174,174,82
170,168,82
172,172,84
172,162,81
176,174,84
175,175,83
174,174,85
176,168,85
171,171,83
172,172,81
170,168,81
170,162,82
176,174,85
175,164,84
174,164,85
170,162,81
175,165,85
175,175,85
172,162,84
173,164,81
171,161,81
171,171,81
174,175,84
174,162,83
170,171,82
171,161,83
175,170,82
173,172,85
173,172,81
175,169,82
172,174,83
171,160,82
175,171,82
170,172,83
172,174,84
170,172,82
171,166,84
176,167,84
173,164,85
173,161,82
171,167,84
175,170,86
175,168,82
171,165,84
170,169,82
176,175,84
171,173,82
175,171,86
176,167,85
175,169,86
174,163,82
175,172,82
171,173,84
176,175,85
170,169,81
171,166,80
171,168,84
176,171,83
175,164,83
170,161,82
171,165,80
170,161,81
176,170,83
171,167,80
176,172,83
171,164,84
170,165,83
173,174,82
175,172,86
172,161,81
173,163,81
175,168,86
170,166,83
175,167,82
171,172,84
174,175,83
170,164,83
173,174,85
176,169,83
171,172,81
171,164,80
176,171,86
170,171,83
171,168,80
174,169,81
175,173,82
173,173,85
173,173,81
170,173,83
174,163,85
175,164,85
174,175,85
176,173,83
176,170,86
176,172,86
174,168,81
171,160,81
170,171,81
171,169,84
170,167,83
170,165,80
174,170,81
176,166,84
175,163,84
172,167,85
172,161,84
174,169,86
172,168,85
170,164,80
170,166,80
171,160,83
170,163,83
173,163,85
175,173,86
174,170,86
172,166,85
173,175,84
174,167,81
174,168,86
171,163,84
172,167,80
175,167,86
176,176,84
176,166,85
169,171,82
176,169,86
176,173,86
170,170,82
176,168,83
172,166,80
171,163,80
174,171,81
175,166,82
172,168,80
176,176,85
170,170,81
171,169,80
172,169,85
170,163,80
170,167,80
176,174,83
174,171,86
170,160,82
170,160,81
170,168,83
172,165,85
171,174,83
174,167,86
172,165,80
175,174,82
174,162,82
171,174,84
169,172,82
174,166,81
169,172,83
172,169,80
177,172,85
169,164,81
171,170,84
170,162,83
175,163,83
173,162,81
176,168,86
176,174,86
177,171,85
169,165,81
177,173,85
174,172,81
169,163,81
170,173,82
175,174,86
176,167,83
172,170,85
170,162,80
170,168,80
172,174,82
170,173,84
174,172,86
175,166,86
172,160,81
171,162,80
172,173,81
171,162,84
172,164,80
173,175,83
177,170,85
172,173,85
176,165,84
171,170,80
169,166,81
170,172,84
174,166,86
172,164,85
170,172,81
172,174,85
177,174,85
176,175,83
172,170,80
175,165,82
169,162,81
169,171,83
170,169,83
173,175,85
174,165,81
171,159,81
169,171,81
176,165,85
175,176,84
173,162,85
169,170,82
175,176,85
176,167,86
176,175,86
175,175,82
177,172,84
169,170,81
177,169,85
170,161,83
174,173,81
177,171,84
169,164,82
169,167,81
172,171,85
177,173,84
170,161,80
170,169,80
169,173,83
170,159,81
177,175,85
169,165,82
171,171,84
170,159,82
172,175,84
174,173,86
172,163,80
176,166,83
169,163,82
169,161,81
168,171,82
175,175,86
177,172,86
177,170,84
172,171,80
174,165,86
171,161,80
177,171,86
172,163,85
169,164,80
177,173,86
175,165,86
169,166,82
177,174,84
173,161,81
171,171,80
169,165,80
171,161,84
169,163,80
176,176,83
169,162,82
174,164,81
170,170,83
177,168,85
177,170,86
175,164,82
177,174,86
170,174,83
177,169,84
171,173,81
169,166,80
176,164,84
169,168,81
173,168,80
173,168,86
177,176,85
169,162,80
170,174,84
168,172,82
176,166,86
176,176,86
173,167,80
173,169,86
171,174,82
168,172,83
171,173,85
174,174,81
173,169,80
169,167,82
177,175,84
173,167,86
169,160,81
172,175,83
170,160,83
170,160,80
170,170,80
169,173,82
172,162,80
172,172,85
174,175,82
176,164,85
174,176,84
174,174,86
169,172,81
173,166,80
177,169,86
169,161,82
169,172,84
171,174,85
173,170,86
169,173,84
176,165,83
177,175,86
168,170,82
174,176,85
173,170,80
172,172,80
168,171,83
172,175,85
169,167,80
170,171,84
173,166,86
168,171,81
168,170,81
174,164,86
169,161,80
177,168,84
172,162,85
174,175,86
171,160,80
177,167,85
175,164,86
173,165,80
170,171,80
175,176,83
174,163,81
177,176,84
169,168,82
173,171,86
176,171,82
177,177,85
169,169,81
171,160,84
176,170,82
173,171,80
169,170,83
176,172,82
177,168,86
171,175,84
175,163,82
173,165,86
177,176,86
169,160,82
169,159,81
176,169,82
176,165,86
175,176,86
173,174,81
169,168,80
167,171,82
168,173,83
172,161,80
170,165,84
169,160,80
176,173,82
170,159,80
169,170,80
170,166,84
175,170,81
173,164,80
177,167,84
171,172,85
175,169,81
173,174,86
170,173,81
170,159,83
170,164,84
176,171,87
173,175,82
