185,58,58
185,59,58
185,60,58
185,61,58
186,58,58
184,58,58
186,59,58
184,59,58
186,60,58
184,60,58
185,62,58
186,59,59
185,57,57
185,59,59
184,57,57
186,60,59
185,58,57
185,60,59
184,58,57
186,61,58
184,61,58
186,61,59
185,59,57
184,59,57
185,61,59
185,63,58
185,60,57
186,62,59
184,60,57
185,62,59
186,62,58
184,62,58
185,61,57
186,63,59
184,61,57
185,63,59
186,63,58
185,64,58
184,63,58
186,57,57
187,59,59
183,57,57
184,59,59
186,58,57
187,60,59
183,58,57
184,60,59
185,62,57
186,59,57
186,64,59
187,61,59
184,62,57
183,59,57
187,58,58
185,64,59
183,58,58
184,61,59
187,59,58
183,59,58
186,64,58
187,60,58
186,60,57
183,60,58
187,62,59
184,64,58
183,60,57
184,62,59
185,65,58
187,61,58
183,61,58
185,63,57
186,65,59
184,63,57
186,61,57
185,65,59
187,63,59
183,61,57
184,63,59
186,60,60
186,61,60
184,56,56
187,62,58
184,57,56
186,65,58
183,62,58
184,65,58
186,62,60
184,58,56
186,62,57
187,64,59
183,62,57
185,66,58
184,64,59
185,64,57
186,63,60
186,66,59
184,64,57
187,63,58
184,59,56
185,66,59
187,60,60
185,56,56
185,60,60
187,61,60
183,63,58
183,56,56
185,57,56
185,61,60
183,57,56
187,62,60
185,58,56
185,62,60
183,58,56
186,63,57
186,64,60
184,60,56
187,65,59
186,66,58
183,63,57
184,66,58
184,65,59
187,63,60
185,59,56
187,64,58
185,63,60
183,59,56
187,57,57
183,64,58
185,65,57
188,59,59
182,57,57
187,58,57
186,67,59
185,67,58
184,65,57
188,60,59
182,58,57
183,59,59
185,67,59
186,65,60
184,61,56
183,60,59
187,64,60
185,60,56
187,59,57
188,61,59
185,64,60
183,60,56
182,59,57
186,64,57
183,61,59
187,66,59
183,64,57
187,60,57
184,66,59
188,62,59
182,60,57
187,65,58
186,67,58
183,62,59
187,65,60
185,61,56
184,67,58
183,65,58
184,62,56
186,66,60
183,61,56
185,65,60
188,58,58
187,61,57
188,59,58
182,58,58
188,63,59
185,66,57
182,59,58
182,61,57
186,68,59
184,66,57
183,63,59
188,60,58
186,56,56
188,60,60
185,68,59
186,57,56
188,61,60
186,65,57
185,68,58
182,56,56
182,60,58
184,60,60
187,67,59
182,57,56
184,61,60
186,58,56
188,62,60
185,62,56
187,66,60
183,65,57
188,61,58
187,62,57
182,58,56
187,66,58
183,62,56
184,67,59
188,64,59
184,62,60
185,66,60
182,61,58
184,63,56
182,62,57
186,67,60
186,59,56
188,63,60
183,64,59
183,66,58
186,68,58
182,59,56
184,63,60
188,62,58
184,68,58
182,62,58
186,60,56
187,63,57
188,64,60
188,65,59
185,63,56
185,67,57
187,67,60
182,60,56
186,66,57
186,69,59
184,67,57
183,63,56
184,64,60
182,63,57
187,68,59
185,67,60
185,69,59
188,63,58
183,65,59
183,66,57
184,64,56
187,67,58
185,69,58
186,68,60
182,63,58
184,68,59
186,61,56
188,65,60
182,61,56
183,67,58
187,64,57
184,65,60
188,66,59
187,61,61
188,64,58
186,69,58
185,64,56
186,61,61
187,62,61
182,64,57
187,68,60
186,62,61
183,64,56
184,55,55
183,66,59
186,62,56
187,63,61
183,55,55
184,69,58
182,64,58
184,56,55
185,68,60
186,63,61
188,66,60
183,56,55
186,67,57
185,68,57
187,69,59
184,57,55
182,62,56
183,57,55
184,65,56
186,70,59
184,68,57
187,64,61
184,66,60
186,69,60
187,68,58
186,64,61
183,67,57
185,70,59
187,65,57
184,58,55
188,65,58
184,69,59
183,58,55
188,57,57
188,67,59
188,58,57
189,59,59
185,70,58
181,57,57
189,60,59
181,58,57
187,65,61
186,63,56
183,68,58
188,59,57
185,65,56
182,59,59
182,65,57
186,65,61
188,67,60
182,65,58
182,60,59
189,61,59
187,69,60
181,59,57
184,59,55
183,67,59
183,59,55
183,65,56
182,63,56
188,61,61
187,56,56
182,61,59
188,60,57
188,62,61
187,57,56
185,69,60
189,60,60
184,67,60
186,70,58
189,62,59
185,55,55
185,61,61
181,56,56
189,61,60
181,60,57
185,56,55
185,62,61
181,57,56
188,63,61
187,58,56
187,66,61
182,55,55
186,68,57
183,60,60
182,56,55
189,62,60
186,66,61
182,62,59
188,66,58
184,66,56
183,61,60
185,57,55
181,58,56
185,63,61
184,70,58
184,60,55
187,66,57
187,70,59
188,61,57
183,60,55
186,70,60
182,57,55
185,69,57
187,59,56
188,68,59
188,64,61
189,63,59
187,69,58
183,62,60
186,64,56
189,63,60
181,61,57
186,71,59
184,69,57
183,68,57
185,58,55
188,68,60
181,59,56
185,64,61
182,66,58
185,71,59
184,70,59
182,63,59
182,58,55
182,66,57
185,66,56
183,63,60
182,64,56
187,60,56
188,62,57
187,67,61
188,65,61
183,68,59
187,70,60
186,67,61
189,64,60
183,69,58
184,61,55
189,64,59
184,68,60
185,59,55
183,66,56
189,58,58
183,61,55
185,71,58
181,60,56
189,59,58
185,65,61
181,62,57
182,59,55
181,58,58
185,70,60
181,59,58
189,60,58
188,67,58
183,64,60
182,64,59
187,61,56
181,60,58
188,66,61
187,67,57
188,63,57
186,65,56
189,65,60
185,60,55
184,67,56
189,61,58
186,71,58
188,69,59
186,69,57
189,65,59
181,61,56
188,69,60
185,66,61
187,68,61
186,71,60
182,60,55
187,71,59
184,62,55
181,61,58
186,68,61
182,67,58
183,62,55
181,63,57
187,70,58
183,65,60
184,71,58
182,65,56
185,70,57
189,62,58
182,67,57
187,62,56
183,69,57
182,65,59
185,67,56
184,69,60
186,72,59
184,70,57
188,67,61
183,69,59
189,66,60
185,61,55
184,71,59
181,62,58
187,71,60
188,64,57
185,72,59
183,67,56
181,62,56
188,68,58
185,67,61
189,66,59
182,61,55
183,70,58
189,63,58
189,61,61
185,71,60
186,55,55
189,62,61
183,66,60
186,56,55
186,66,56
187,69,61
184,63,55
187,68,57
181,64,57
185,72,58
186,69,61
183,63,55
189,63,61
187,63,56
181,55,55
186,57,55
184,61,61
188,70,60
181,63,58
188,70,59
181,56,55
184,62,61
182,66,59
188,68,61
189,67,60
185,62,55
184,68,56
182,68,58
181,57,55
189,64,61
184,63,61
182,66,56
186,58,55
186,70,57
189,64,58
188,65,57
186,72,60
181,63,56
186,72,58
182,62,55
185,68,61
187,72,59
189,67,59
182,68,57
184,70,60
181,58,55
187,71,58
184,64,61
185,68,56
183,67,60
189,65,61
186,59,55
183,70,59
181,64,58
184,72,58
183,70,57
185,71,57
188,69,58
187,64,56
187,72,60
181,65,57
184,64,55
187,70,61
183,68,56
186,73,59
184,72,59
184,71,57
183,64,55
181,59,55
186,70,61
185,63,55
189,68,60
188,69,61
186,67,56
184,65,61
189,65,58
182,67,59
185,73,59
185,72,60
186,60,55
183,71,58
189,66,61
187,69,57
188,71,60
188,66,57
182,63,55
181,64,56
185,69,61
188,71,59
189,68,59
181,60,55
188,56,56
182,69,58
182,67,56
181,65,58
188,57,56
183,68,60
184,66,61
184,69,56
187,62,62
185,73,58
189,57,57
187,63,62
188,58,56
190,60,60
189,58,57
187,65,56
180,56,56
186,61,55
190,61,60
180,57,56
184,71,60
186,71,57
189,67,61
186,73,60
190,59,59
189,66,58
187,64,62
