229,164,174
229,164,173
229,164,175
230,165,175
228,163,173
229,163,173
229,165,175
230,165,174
230,165,176
228,163,172
228,163,174
229,163,174
229,165,174
230,164,174
228,164,174
229,164,172
229,164,176
229,163,172
229,165,176
230,164,175
228,164,173
230,164,173
228,164,175
229,163,175
229,165,173
230,165,173
230,165,177
228,163,171
228,163,175
230,166,176
230,164,176
228,162,172
228,164,172
229,163,171
229,165,177
230,166,175
228,162,173
230,164,172
230,166,177
228,162,171
228,164,176
229,164,177
229,164,171
231,165,175
227,163,173
231,166,176
227,162,172
228,162,174
231,165,176
230,166,174
227,163,172
229,163,176
230,163,173
228,165,175
231,165,174
229,165,172
230,163,174
231,166,175
231,166,177
227,163,174
227,162,171
227,162,173
228,165,174
230,165,172
230,165,178
228,163,170
228,163,176
228,162,170
230,164,177
229,162,172
229,166,176
230,166,178
229,162,173
229,166,175
228,164,171
230,163,172
229,163,170
228,165,176
229,165,178
231,165,177
229,162,171
229,166,177
227,163,171
230,164,171
230,163,175
228,165,173
228,164,177
231,166,174
231,166,178
229,162,174
227,162,170
227,162,174
231,165,173
229,166,174
227,163,175
228,162,175
231,164,174
230,166,173
227,164,174
231,164,175
230,163,171
227,164,173
229,164,178
229,164,170
231,167,177
229,162,170
228,165,177
227,161,171
228,162,169
231,164,173
231,167,176
227,164,175
229,163,177
229,166,178
227,161,172
230,166,179
230,167,177
230,163,176
228,161,171
231,167,178
231,165,178
230,167,176
231,164,176
227,161,170
228,161,172
229,165,171
230,164,178
227,163,170
229,162,175
227,164,172
230,165,179
230,165,171
228,163,169
228,163,177
228,165,172
228,164,170
230,167,178
228,161,170
231,166,173
231,166,179
227,162,169
227,162,175
229,166,173
231,165,172
229,163,169
231,167,175
227,161,173
227,163,176
231,164,172
228,161,173
230,167,175
230,164,170
229,165,179
227,164,176
230,163,170
227,161,169
232,166,176
226,162,172
231,167,179
228,162,176
228,164,178
232,166,177
226,162,171
229,162,169
231,164,177
230,166,172
232,166,175
226,162,173
228,165,178
228,161,169
230,167,179
232,167,177
227,164,171
226,161,171
229,166,179
230,163,177
230,162,172
230,162,173
228,162,168
232,167,176
232,167,178
228,166,176
226,161,170
226,161,172
231,165,179
228,166,175
232,166,178
228,161,174
229,162,176
227,161,174
226,162,170
231,167,174
232,165,175
230,166,180
229,164,179
229,164,169
230,167,174
226,163,173
227,163,169
232,165,176
228,165,171
226,163,172
231,164,171
230,162,171
232,166,174
229,163,178
230,162,174
226,162,174
229,166,172
227,161,168
228,166,177
231,166,172
231,166,180
229,161,171
227,162,168
227,162,176
229,167,177
229,161,172
232,165,174
231,163,173
229,167,176
231,163,174
228,166,174
230,164,179
231,167,180
231,165,171
226,163,174
227,165,175
227,164,177
232,167,175
232,167,179
229,165,170
227,165,174
226,161,169
226,161,173
232,165,177
230,165,180
230,165,170
228,163,168
228,163,178
227,163,177
228,161,168
226,163,171
231,164,178
229,161,170
228,164,169
231,163,172
231,168,178
229,161,173
230,163,169
231,163,175
229,167,178
231,168,177
229,163,168
229,167,175
227,160,170
232,166,179
230,167,180
229,162,168
230,162,170
227,165,176
227,160,171
227,165,173
230,162,175
226,162,169
230,164,169
232,165,173
227,164,170
228,162,177
231,168,179
229,165,180
227,160,169
228,161,175
228,166,178
226,163,175
228,165,179
232,166,173
232,168,178
227,161,175
228,166,173
231,168,176
228,164,179
226,160,170
230,166,171
229,166,180
226,162,175
232,168,177
227,160,172
230,163,178
232,165,178
231,167,173
229,161,169
231,163,171
230,167,173
226,160,171
229,161,174
232,167,174
232,167,180
231,163,176
232,168,179
226,161,168
226,161,174
229,162,177
226,160,169
231,165,180
231,164,170
226,163,170
229,167,179
228,162,167
229,167,174
227,161,167
227,165,177
230,168,178
230,168,177
231,168,180
227,160,168
227,165,172
228,160,170
227,163,168
228,160,171
231,167,181
232,168,176
232,164,174
232,164,175
228,165,170
230,166,181
230,162,169
226,160,172
230,162,176
226,164,174
229,166,171
228,161,167
232,165,172
226,164,173
227,164,178
231,166,181
231,166,171
227,162,167
227,162,177
232,166,180
232,168,180
227,160,173
231,165,170
230,168,179
226,160,168
228,160,169
231,168,175
231,164,179
230,168,176
229,164,180
229,164,168
232,164,173
229,163,179
228,160,172
232,164,176
226,162,168
226,163,176
230,164,180
229,161,168
230,167,181
228,166,179
226,164,175
231,163,170
227,163,178
230,163,168
226,164,172
233,167,177
225,161,171
229,161,175
232,165,179
231,163,177
228,166,172
232,166,172
229,162,167
229,165,169
233,167,178
225,161,170
228,161,176
230,165,181
230,165,169
228,163,167
228,163,179
233,167,176
227,164,169
225,161,172
226,162,176
228,164,168
232,168,175
232,167,173
232,167,181
227,160,167
226,160,173
226,161,167
226,161,175
229,167,180
227,161,176
228,160,168
226,163,169
233,166,176
229,163,167
232,164,172
225,162,172
228,160,173
231,168,181
229,167,173
233,166,177
232,164,177
227,165,178
230,168,180
225,162,171
228,162,178
230,168,175
230,164,168
227,165,171
231,167,172
230,167,172
233,167,179
226,160,167
228,165,180
225,161,169
232,168,181
233,168,178
233,166,175
225,160,170
230,163,179
226,164,176
225,162,173
229,166,181
227,160,174
231,164,169
230,162,168
226,164,171
229,165,181
233,167,175
233,168,177
233,168,179
229,162,178
230,161,172
233,166,178
232,165,171
225,161,173
225,160,169
225,160,171
230,166,170
230,162,177
227,161,166
230,161,171
231,168,174
225,162,170
228,164,180
228,167,176
231,165,181
231,162,173
228,167,177
231,162,172
230,161,173
231,167,182
228,162,166
232,166,181
228,161,166
232,169,179
229,161,167
227,166,175
230,161,170
231,163,169
233,166,174
232,169,178
227,166,176
231,162,174
226,163,177
228,160,167
228,167,175
229,161,176
233,168,176
233,168,180
231,163,178
232,164,171
227,163,167
231,162,171
225,160,168
225,160,172
228,160,174
233,167,180
225,162,174
226,162,167
226,159,169
227,164,179
228,165,169
232,165,180
232,164,178
226,160,174
231,164,180
228,167,178
226,159,170
228,166,180
225,161,168
232,169,180
231,169,179
231,169,178
232,168,174
229,166,170
230,166,182
231,166,182
231,166,170
227,160,166
227,166,174
227,162,166
227,162,178
233,166,179
230,168,181
229,160,171
228,166,171
229,168,177
231,165,169
229,160,170
229,168,178
226,159,168
232,166,171
232,169,177
230,161,174
227,166,177
230,168,174
227,159,169
233,167,174
227,159,170
230,167,182
233,165,175
225,162,169
233,165,176
225,161,174
231,168,182
226,159,171
226,164,177
229,167,181
231,162,175
231,169,180
226,160,166
228,161,177
232,167,172
232,167,182
225,163,173
229,160,172
230,161,169
225,163,172
226,161,166
226,161,176
231,169,177
230,163,167
229,163,180
226,163,168
226,162,177
232,168,182
226,164,170
229,168,176
227,165,179
229,160,169
229,167,172
227,159,168
227,163,179
229,164,181
229,164,167
231,162,170
229,162,166
227,159,171
233,165,174
232,163,174
228,167,174
230,164,181
233,165,177
229,168,179
232,163,173
227,165,170
227,160,175
232,169,181
227,161,177
233,166,173
227,164,168
233,168,175
233,168,181
225,163,174
233,169,179
226,159,167
225,160,167
225,160,173
225,163,171
228,167,179
227,166,173
226,165,174
232,163,175
230,162,167
233,169,178
226,165,175
225,159,169
229,165,168
232,165,170
225,162,175
232,163,172
229,160,173
230,165,182
230,165,168
