82,139,152
82,138,152
82,140,152
82,137,152
82,141,152
83,140,153
81,138,151
82,140,153
82,138,151
83,139,153
83,141,153
81,137,151
81,139,151
82,139,153
82,139,151
82,141,153
82,137,151
81,139,152
83,139,152
82,138,153
81,138,152
83,138,153
83,142,153
83,140,152
82,140,151
81,136,151
81,140,151
82,136,152
82,142,152
81,140,152
83,138,152
82,142,153
82,136,151
81,137,152
83,141,154
81,137,150
83,141,152
83,140,154
81,138,150
83,142,154
81,141,152
81,136,150
83,137,152
82,137,153
82,141,151
83,137,153
83,143,153
81,135,151
81,141,151
83,139,154
81,139,150
82,143,153
81,136,152
82,135,151
83,143,154
83,142,152
81,135,150
82,135,152
82,143,152
84,141,154
81,142,152
80,137,150
83,136,152
84,140,154
84,142,154
80,136,150
80,138,150
83,138,154
84,140,153
82,136,153
81,140,150
80,138,151
84,141,153
82,141,154
80,137,151
82,140,154
82,142,151
82,137,150
84,139,153
83,136,153
83,144,153
81,134,151
81,142,151
82,138,150
80,139,151
81,140,153
83,144,154
81,139,153
84,139,154
84,143,154
83,138,151
82,142,154
81,134,150
83,139,151
80,135,150
80,139,150
81,135,152
82,144,153
82,136,150
82,139,154
84,142,153
81,141,153
80,136,151
83,143,152
82,139,150
82,134,151
83,137,151
81,138,153
84,138,153
83,140,151
80,140,151
81,143,152
82,143,154
82,134,152
82,144,152
83,137,154
84,142,155
80,136,149
83,135,152
81,141,150
81,142,153
82,135,150
82,138,154
84,141,155
84,138,154
84,144,154
80,137,149
80,134,150
80,140,150
84,143,155
80,135,151
84,143,153
83,136,151
80,135,149
81,137,153
82,140,150
83,142,155
82,135,153
83,141,155
81,136,149
81,137,149
83,145,154
83,141,151
84,140,155
82,143,151
81,133,150
80,138,149
83,143,155
80,141,151
84,137,153
83,135,153
83,145,153
81,133,151
81,143,151
81,135,149
83,140,155
84,144,155
81,134,152
82,144,154
81,138,149
80,134,149
80,139,152
84,139,152
80,138,152
84,140,152
82,145,153
81,143,153
83,144,152
82,137,154
82,134,150
80,140,152
84,138,152
83,144,155
82,133,151
81,136,153
80,137,152
83,135,151
84,137,154
84,145,154
84,139,155
84,141,152
80,134,151
81,134,149
83,136,154
80,133,150
80,141,150
80,139,149
83,139,155
84,144,153
81,144,152
82,141,150
81,142,150
81,139,149
83,142,151
83,134,152
84,145,155
80,141,152
82,133,152
82,145,152
80,133,149
80,142,151
84,137,152
84,136,153
83,146,154
80,136,152
82,145,154
82,134,153
84,142,152
83,145,155
85,141,154
85,142,155
81,132,150
81,144,153
85,142,154
85,141,155
85,143,155
81,133,149
79,136,149
84,138,155
83,138,155
85,140,154
82,144,151
82,136,154
79,137,150
82,133,150
83,134,153
83,146,153
81,132,151
81,144,151
79,136,150
81,133,152
80,140,149
79,135,149
79,137,149
81,135,153
79,138,150
80,142,152
83,134,151
81,140,149
85,143,154
80,133,151
82,146,153
84,136,154
84,146,154
83,145,152
85,140,155
85,144,155
80,132,150
80,142,150
84,146,155
84,136,152
84,145,153
82,142,150
79,135,150
80,135,152
81,140,154
85,139,154
81,141,154
79,134,149
79,138,149
80,132,149
84,143,156
83,143,151
80,135,148
83,135,154
82,141,155
82,142,155
84,142,156
80,136,148
82,132,151
79,139,150
84,143,152
81,145,152
81,139,154
83,138,150
83,137,150
81,142,154
83,146,155
80,143,151
84,144,156
82,137,149
82,140,155
82,136,149
80,134,148
81,143,150
82,143,155
84,141,156
80,137,148
85,144,154
84,135,153
82,146,154
83,139,150
83,133,152
83,136,150
85,139,155
85,145,155
83,137,155
79,134,150
82,138,149
81,132,149
81,145,153
82,135,149
84,137,155
83,147,154
85,140,153
81,138,154
85,143,156
79,133,149
79,139,149
80,143,152
85,138,154
85,141,153
84,145,156
82,132,152
82,146,152
81,143,154
82,139,155
79,135,148
85,142,156
80,141,149
82,135,154
80,133,148
79,140,150
82,144,155
79,138,151
79,136,148
85,144,156
79,137,151
82,133,153
84,140,156
81,141,149
81,131,150
85,139,153
81,134,153
82,132,150
79,134,148
84,135,152
80,134,152
80,138,148
85,142,153
83,140,150
79,139,151
80,139,153
80,140,153
83,133,151
84,147,155
82,139,149
85,141,156
83,135,150
79,136,151
80,132,151
82,134,149
79,137,148
82,145,151
81,132,152
84,139,151
84,138,151
84,135,154
84,147,154
85,145,156
80,138,153
84,144,152
80,131,149
85,145,154
83,142,156
83,133,153
83,147,153
81,131,151
81,145,151
83,143,156
80,131,150
80,143,150
80,141,153
82,143,150
84,146,153
81,137,154
79,133,150
79,133,148
85,138,153
84,146,156
81,136,148
85,138,155
85,146,155
83,147,155
81,135,148
82,138,155
83,144,151
81,144,154
79,140,151
84,140,151
83,141,156
82,147,153
84,137,151
82,145,155
83,144,156
83,146,152
79,132,149
79,140,149
80,132,148
85,143,153
84,139,156
83,134,154
79,135,151
85,140,156
85,137,154
80,144,151
81,137,148
80,137,153
79,141,150
81,134,148
83,136,155
79,138,148
80,142,153
80,139,148
83,141,150
80,144,152
81,146,152
82,147,154
81,131,149
82,131,151
82,140,149
84,134,153
84,136,155
85,146,156
83,134,150
83,140,156
81,144,150
81,146,153
82,133,149
84,141,151
83,145,156
79,132,148
84,136,151
79,141,151
80,142,149
85,137,153
80,133,152
81,138,148
83,132,152
81,142,149
82,134,154
83,148,154
84,134,152
81,136,154
81,133,148
84,147,156
82,137,155
79,134,151
81,145,154
81,133,153
85,146,154
80,136,153
85,144,153
79,132,150
84,148,155
85,139,156
82,146,155
80,143,153
82,131,150
85,137,155
85,147,155
84,138,156
80,131,148
82,131,152
82,147,152
83,139,156
81,130,150
83,132,151
79,139,148
84,145,152
82,132,153
80,131,151
79,131,149
79,141,149
83,146,156
80,130,149
84,142,151
85,147,156
83,148,155
79,142,150
85,136,154
86,142,155
84,134,154
84,148,154
83,142,150
80,140,148
84,135,151
80,130,150
80,144,150
82,144,150
84,147,153
86,143,155
82,141,149
81,131,152
81,139,148
79,131,148
83,133,150
86,141,155
83,145,151
79,142,151
82,146,151
82,132,149
86,143,156
81,132,148
83,132,153
83,148,153
81,130,151
81,146,151
85,136,153
85,144,157
79,134,147
83,135,155
85,143,157
79,138,152
80,145,152
85,140,152
79,135,147
79,139,152
86,142,156
86,144,156
85,139,152
80,145,151
86,144,155
80,135,153
78,136,149
79,133,151
82,148,153
78,135,149
81,135,154
83,133,154
85,145,157
80,144,153
81,130,149
83,147,152
79,133,147
84,135,155
79,137,152
78,135,148
78,137,149
84,148,156
82,148,154
82,136,155
79,140,152
86,140,155
85,142,157
85,141,152
85,145,153
85,138,156
83,138,156
85,138,152
79,136,147
81,146,154
84,143,157
84,144,157
78,134,148
78,136,148
84,133,153
81,147,153
86,141,156
86,145,156
80,135,147
82,147,155
80,132,152
80,134,147
83,147,156
79,131,150
78,134,149
81,147,152
79,140,148
85,147,154
84,142,157
80,143,149
84,145,157
84,137,156
84,133,152
81,145,150
85,146,157
82,130,151
81,143,149
80,136,147
78,138,149
84,143,151
80,130,148
79,136,152
86,145,155
85,136,155
85,148,155
80,133,147
86,141,154
82,133,154
79,132,147
85,148,156
79,141,152
78,133,148
78,137,148
86,142,154
81,141,155
85,141,157
85,142,152
81,142,155
