196,194,203
197,195,204
195,193,202
195,193,203
197,195,203
196,194,204
194,192,202
196,194,202
198,196,205
194,192,201
198,196,204
197,195,205
195,193,201
193,191,201
199,197,205
199,197,206
193,191,200
194,192,203
195,193,204
193,191,202
195,192,203
198,196,206
196,193,204
194,192,200
192,190,200
194,191,202
200,198,206
196,193,203
196,194,205
197,194,204
198,196,203
195,192,202
192,190,201
197,194,205
197,195,202
199,197,204
194,191,203
193,190,201
195,192,204
200,198,207
192,190,199
198,195,205
194,191,201
196,194,201
193,190,202
197,195,206
197,196,203
199,197,207
200,198,205
196,195,202
193,191,199
196,193,205
196,195,203
198,197,204
198,195,206
191,189,199
191,189,200
201,199,207
195,194,202
193,191,203
198,197,203
197,196,204
194,192,204
197,196,202
192,189,201
192,189,200
199,198,204
199,196,206
195,194,201
192,190,202
195,193,200
193,190,200
199,198,205
197,194,203
195,194,203
194,193,201
195,193,205
198,197,205
197,194,206
196,195,201
201,199,206
198,195,204
196,195,204
196,193,202
194,193,202
198,196,207
200,199,205
191,189,201
201,199,208
191,189,198
193,190,203
194,191,204
199,196,207
194,193,200
199,198,203
199,196,205
197,196,205
195,192,201
193,192,201
191,188,200
190,188,199
200,198,208
198,197,202
196,194,206
192,189,202
193,192,200
200,199,206
192,190,198
200,199,204
195,192,205
195,194,200
200,197,207
199,198,206
190,188,198
191,188,199
194,193,203
202,200,208
194,192,199
192,189,199
195,194,204
198,195,207
197,196,201
201,200,206
193,192,202
202,200,207
190,188,200
201,200,205
191,188,201
200,197,206
198,197,206
194,191,200
192,191,200
196,193,206
196,195,205
199,197,208
193,192,199
192,191,201
197,195,207
192,190,203
193,191,204
190,187,199
192,191,199
196,195,200
200,197,208
201,200,207
194,193,199
200,199,207
191,189,202
202,201,206
202,200,209
194,192,205
190,188,197
189,187,198
195,191,203
199,197,203
201,198,208
202,201,207
190,187,200
196,192,204
197,196,206
198,196,202
193,192,203
193,191,198
201,199,209
200,198,204
190,187,198
199,196,208
194,190,202
191,190,200
194,193,204
189,187,199
191,189,197
197,194,207
201,198,207
199,198,207
193,190,199
191,190,199
191,188,198
194,190,203
195,191,204
192,191,202
190,188,201
197,193,205
193,190,204
192,189,203
189,187,197
203,201,208
203,201,209
197,195,201
193,189,202
195,193,206
195,194,205
200,199,203
196,192,205
195,194,199
201,199,205
194,191,205
199,198,202
192,191,198
193,189,201
191,188,202
201,200,204
191,190,201
198,196,208
196,192,203
191,190,198
197,193,204
203,202,207
193,192,198
200,198,209
189,186,198
198,195,203
195,191,202
202,201,208
198,194,206
198,197,207
192,188,201
198,197,201
201,200,208
197,194,202
196,194,200
189,186,199
199,196,204
201,198,209
197,193,206
189,187,200
190,189,199
195,192,206
202,201,205
196,195,206
198,194,205
190,187,201
203,202,208
202,200,206
198,195,208
196,194,207
194,190,204
193,189,203
194,190,201
192,188,200
202,199,208
200,199,208
192,189,198
190,189,198
196,193,201
190,189,200
188,186,197
202,199,209
188,186,198
200,197,205
192,190,197
200,197,209
195,191,205
192,188,202
197,196,200
192,191,203
203,201,210
189,187,196
189,186,197
193,192,204
194,193,198
190,187,197
191,187,200
199,195,207
199,195,206
202,200,210
191,190,202
192,190,204
203,202,206
191,189,203
204,202,209
190,188,196
198,194,207
195,193,199
196,193,207
189,186,200
194,193,205
197,196,207
195,192,200
191,190,197
193,189,200
196,192,206
204,203,208
193,191,205
199,197,209
188,186,196
199,198,208
204,202,210
190,188,202
191,187,201
188,186,199
201,198,206
203,201,207
190,189,197
192,191,197
190,189,201
189,188,198
188,185,198
191,187,199
197,195,208
189,188,199
203,202,209
188,185,197
202,201,209
196,195,199
201,199,210
195,194,206
194,192,206
199,196,209
189,187,201
200,196,207
192,189,204
204,203,209
191,188,203
202,199,210
190,186,199
204,203,207
203,200,209
201,200,209
191,188,197
189,188,197
197,193,207
197,193,203
200,196,208
193,190,205
190,186,200
194,191,199
197,194,208
187,185,197
198,194,204
199,195,208
189,188,200
196,192,202
192,188,199
193,189,204
194,192,198
190,187,202
188,185,199
193,192,197
202,199,207
192,188,203
203,200,210
198,197,208
187,185,196
201,198,210
191,189,196
194,190,205
199,195,205
194,191,206
188,185,196
195,193,207
191,187,202
189,186,196
204,202,208
196,195,207
195,191,201
187,185,198
188,186,200
191,190,203
192,191,204
200,199,209
205,204,209
205,203,210
204,202,211
188,186,195
195,194,198
188,187,198
190,186,198
189,186,201
190,189,202
198,196,209
190,189,196
200,198,210
195,191,206
203,201,211
188,187,197
193,192,205
201,197,208
189,187,195
198,194,208
187,184,197
191,190,196
189,188,196
190,186,201
200,196,206
189,185,199
205,204,208
188,187,199
189,185,198
187,185,195
205,203,211
193,190,198
194,190,200
204,203,210
195,192,207
203,202,210
187,184,196
189,188,201
200,197,210
191,187,198
203,200,208
201,197,209
198,195,209
200,196,209
194,193,206
187,184,198
191,189,204
196,194,208
205,204,210
193,191,197
202,200,211
196,192,207
188,185,200
190,188,203
187,185,199
204,201,210
202,201,210
197,196,208
190,187,196
188,187,196
199,198,209
195,190,204
194,189,203
192,190,205
203,200,211
195,190,203
192,191,196
196,191,204
186,184,196
189,187,202
189,185,200
201,197,207
205,203,209
196,191,205
193,188,202
194,189,202
188,187,200
186,184,197
194,193,197
197,192,205
193,189,199
204,201,211
202,199,211
187,186,197
190,188,195
193,191,206
196,193,208
189,185,197
195,194,207
186,184,195
202,198,209
199,195,209
201,200,210
187,186,198
206,205,210
188,184,198
199,197,210
188,186,201
192,188,204
188,185,195
187,184,195
197,192,206
193,188,201
192,187,201
206,205,209
191,187,203
194,189,204
197,193,208
191,188,204
187,186,196
192,189,197
193,188,203
201,200,203
193,189,205
206,204,211
190,187,203
198,193,206
187,184,199
188,184,197
201,199,211
200,199,202
189,188,195
192,189,205
195,190,205
202,201,204
191,190,204
190,189,203
204,201,209
186,183,196
190,186,197
197,195,209
205,203,212
187,185,194
190,186,202
192,187,202
190,189,195
199,196,210
186,184,198
194,192,207
188,187,195
202,198,210
198,197,209
188,184,199
189,186,202
201,197,210
200,198,203
192,191,205
204,202,212
196,191,203
199,198,201
186,183,197
189,188,202
194,190,206
187,186,199
197,192,204
202,198,208
188,186,194
199,197,202
199,196,203
193,190,206
205,204,211
201,198,211
192,190,196
201,199,204
203,202,205
204,203,211
198,195,202
196,191,206
195,190,202
198,193,207
200,199,210
192,187,200
187,185,200
200,197,204
192,188,198
196,195,208
186,183,195
191,186,200
206,204,212
186,184,194
198,193,205
198,196,201
199,194,207
197,194,209
191,186,201
206,205,211
189,185,201
193,192,206
205,202,211
203,202,211
189,186,195
187,186,195
188,187,201
197,194,201
202,200,205
188,185,201
198,197,200
206,204,210
191,190,195
193,192,196
194,189,201
203,201,212
201,198,205
195,191,207
198,194,209
200,196,210
186,185,197
194,191,207
185,183,195
185,183,196
204,203,206
186,185,196
198,194,203
194,194,203
204,201,212
203,199,210
195,193,208
187,183,197
197,192,207
188,184,196
199,194,206
186,183,198
199,195,204
195,195,204
197,193,202
193,193,202
197,195,200
193,193,203
195,195,203
193,188,204
196,193,200
202,201,211
194,194,204
194,194,202
200,198,211
196,196,204
192,192,202
191,188,196
207,206,210
192,187,203
