155,194,162
156,195,163
154,193,161
155,194,161
155,194,163
154,194,161
156,194,163
155,195,162
155,193,162
156,195,164
156,195,162
154,193,160
154,193,162
154,194,162
156,194,162
155,195,163
155,193,161
154,194,160
156,194,164
157,195,164
153,193,160
155,195,161
155,193,163
157,196,164
153,193,161
153,192,160
157,195,163
156,196,163
154,192,161
155,194,160
155,194,164
153,193,159
157,195,165
156,196,164
157,196,165
157,196,163
154,194,163
153,192,159
153,192,161
154,192,160
156,195,165
156,195,161
154,193,159
154,193,163
155,195,164
156,194,161
156,196,162
155,193,160
154,192,162
154,195,161
156,193,163
154,195,162
153,194,160
157,194,164
154,194,159
156,193,162
153,193,162
153,194,161
158,196,165
157,194,163
155,195,160
152,192,159
157,195,162
156,194,165
155,193,164
158,196,164
152,192,160
156,196,165
155,196,162
154,195,160
155,192,162
155,196,163
154,192,159
153,193,158
153,194,159
157,196,166
157,196,162
153,192,158
153,192,162
152,192,158
155,192,161
158,196,166
156,193,164
157,197,164
153,191,160
157,194,165
157,195,166
154,195,163
158,195,165
152,193,159
158,197,165
152,191,159
153,194,162
158,195,164
152,193,160
156,196,161
157,197,165
153,191,159
156,193,161
155,196,161
157,194,162
154,192,163
155,194,159
155,194,165
154,194,164
158,197,164
158,197,166
157,197,163
152,191,158
152,191,160
155,192,163
153,191,161
155,195,165
152,192,161
155,196,164
152,193,158
158,196,163
156,194,160
158,195,166
156,195,166
156,195,160
154,193,158
154,193,164
155,192,160
155,193,159
152,193,161
156,197,163
153,193,163
154,195,159
154,191,161
156,197,164
152,192,157
158,195,163
153,194,158
157,197,166
154,191,160
154,194,158
158,196,167
159,197,166
157,195,161
153,191,158
155,195,159
156,196,166
151,191,158
159,196,166
156,193,165
154,195,164
159,197,165
157,194,166
156,197,162
155,196,160
159,196,165
151,192,158
151,191,159
158,197,167
158,197,163
156,194,166
152,191,157
152,191,161
153,194,163
154,192,158
153,195,161
151,192,159
157,197,162
153,195,160
155,193,165
154,191,162
153,193,157
157,196,167
157,196,161
157,193,163
153,192,157
153,192,163
159,197,167
157,193,164
151,191,157
156,197,165
153,191,162
152,193,157
154,196,162
154,196,161
152,194,160
155,196,165
155,192,164
152,194,159
158,194,164
156,193,160
158,194,165
156,196,160
154,191,159
158,198,165
152,190,159
157,195,167
157,194,161
151,192,157
156,192,162
159,196,167
156,192,163
152,192,162
153,195,162
158,195,167
153,195,159
158,198,166
152,190,158
152,193,162
151,192,160
159,198,166
151,190,158
154,192,164
158,196,162
159,196,164
151,191,160
159,197,164
154,196,163
158,198,164
157,193,162
155,192,159
152,194,161
152,190,160
154,196,160
152,194,158
157,193,165
154,194,165
157,197,167
156,197,161
159,198,165
159,198,167
151,190,157
151,190,159
158,195,162
157,198,164
158,194,163
155,195,166
154,195,158
153,190,160
157,198,165
159,195,165
155,197,163
158,194,166
152,192,156
156,192,161
155,197,162
159,195,166
151,191,156
155,194,158
155,194,166
153,194,157
151,193,159
153,190,159
151,193,158
156,192,164
153,191,157
159,197,168
155,191,161
155,191,162
156,197,166
158,198,167
154,191,163
158,196,168
156,194,159
153,193,164
156,195,167
156,195,159
154,193,157
154,193,165
151,192,156
152,190,157
158,197,168
158,197,162
152,191,156
152,191,162
157,198,163
155,193,158
155,196,159
160,197,167
153,195,163
157,197,161
154,195,165
155,197,164
160,197,166
153,195,158
153,190,161
155,197,161
151,193,160
156,196,167
159,196,168
153,194,164
150,191,157
157,198,166
151,193,157
158,198,163
160,198,167
154,194,157
159,195,164
150,191,158
156,193,166
152,193,156
154,196,164
151,192,161
154,191,158
157,195,160
152,194,162
157,194,167
155,195,158
159,195,167
159,198,164
159,198,168
150,190,157
151,190,156
151,190,160
153,191,163
152,190,161
154,196,159
153,190,158
152,194,157
155,191,160
160,198,166
155,191,163
151,191,161
155,196,166
150,190,158
160,197,168
154,192,157
159,196,163
150,191,156
157,193,161
160,198,168
153,193,156
159,197,163
157,196,168
157,196,160
153,192,156
153,192,164
155,192,165
150,190,156
156,194,167
157,193,166
152,193,163
160,196,166
160,197,165
152,192,163
155,193,166
150,191,159
158,194,162
160,196,167
156,193,159
158,195,168
156,198,164
156,198,163
156,196,159
156,192,160
157,198,162
156,197,160
157,194,160
158,194,167
150,192,158
150,192,157
155,197,165
156,192,165
154,190,160
151,191,155
159,199,166
151,189,158
158,198,168
154,190,161
151,193,161
155,197,160
157,195,168
151,193,156
160,198,165
158,196,161
150,190,159
157,197,168
152,195,160
159,199,167
151,189,157
157,198,167
153,190,162
159,197,169
153,196,161
155,192,158
152,190,156
152,195,159
156,198,165
151,192,155
158,193,164
153,196,160
156,198,162
154,192,165
156,197,167
160,196,165
159,199,165
150,192,159
160,199,167
153,195,164
151,189,159
158,199,165
158,195,161
150,192,156
150,189,157
160,196,168
154,195,157
157,192,163
158,193,165
159,195,163
152,189,159
150,191,155
158,199,166
152,192,155
153,195,157
150,190,155
152,195,161
153,194,156
160,198,169
152,189,158
154,191,164
158,198,162
159,195,168
153,196,162
153,191,156
157,192,164
154,190,159
155,191,159
154,196,165
160,197,169
151,194,159
159,198,169
159,198,163
159,194,165
153,190,157
152,194,163
160,199,166
160,199,168
151,190,161
151,190,155
154,194,166
154,190,162
150,189,156
150,189,158
151,194,158
155,191,164
154,196,158
155,195,167
152,194,156
159,194,166
154,197,162
151,192,162
152,195,158
150,191,160
158,199,164
158,197,169
158,197,161
158,193,163
152,191,163
152,191,155
159,196,169
152,190,162
155,196,158
159,199,168
153,196,159
154,197,161
157,197,160
151,189,156
158,196,169
161,198,168
152,189,160
151,194,160
157,192,162
158,199,167
160,197,164
161,198,167
154,195,166
156,191,162
155,194,157
155,194,167
153,193,165
152,193,155
154,197,163
154,191,157
153,194,165
151,191,162
159,194,164
156,198,166
149,190,156
156,191,163
152,189,157
159,199,164
157,198,161
151,194,157
158,193,166
156,198,161
149,190,157
150,192,160
156,195,168
156,195,158
154,193,156
154,193,166
152,195,162
156,194,158
156,196,168
150,190,160
155,197,166
151,189,160
153,196,163
150,192,155
161,197,167
153,191,164
161,197,168
151,193,162
155,193,157
157,192,165
154,197,160
159,196,162
160,195,166
160,198,164
157,193,160
160,199,165
160,199,169
155,197,159
155,196,167
161,198,169
159,197,162
150,189,159
150,189,155
161,199,168
151,193,155
156,193,167
157,199,165
157,199,164
150,193,158
160,195,167
157,194,168
156,191,161
159,194,167
154,194,156
160,196,164
157,193,167
149,190,155
158,194,161
150,193,157
149,189,156
149,191,157
155,195,157
149,191,156
161,199,167
157,195,159
153,189,159
158,198,169
160,196,169
161,198,166
152,193,164
158,199,163
156,192,159
157,198,168
153,189,160
156,197,159
151,194,161
152,195,157
158,194,168
155,198,163
149,190,158
149,189,157
153,196,158
154,190,158
150,191,154
150,190,154
151,191,154
161,199,169
156,192,166
150,193,159
154,197,164
155,198,162
153,190,163
155,192,166
160,195,165
154,190,163
154,192,156
152,192,164
157,199,166
161,197,166
153,193,155
158,193,162
149,189,155
156,191,164
157,199,163
157,196,169
157,196,159
153,192,165
153,192,155
159,199,169
160,198,170
161,197,169
158,199,168
152,189,161
152,190,155
149,191,158
158,195,169
157,192,161
155,190,161
155,198,164
