85,75,130
84,75,130
86,75,130
86,76,131
84,74,129
85,76,131
87,76,131
85,75,131
83,74,129
85,74,129
85,75,129
83,75,130
87,75,130
86,75,131
84,75,129
84,75,131
86,75,129
84,74,130
86,76,130
84,76,131
88,76,131
82,74,129
86,74,129
86,76,132
84,74,128
87,75,131
85,74,130
85,76,130
83,75,129
87,76,132
83,74,128
83,74,130
87,76,130
85,76,132
85,74,128
83,75,131
87,75,129
88,75,130
86,74,130
84,76,130
88,76,132
82,74,128
82,74,130
87,77,132
88,76,130
84,76,132
88,75,131
83,73,128
86,74,128
89,76,131
87,74,129
86,77,132
88,77,132
82,73,128
84,73,128
87,74,130
88,75,129
89,76,132
87,77,131
83,73,129
85,75,132
85,77,132
89,77,132
86,77,131
86,75,132
81,73,128
85,73,128
87,77,133
84,73,129
83,73,127
85,75,128
88,77,131
84,75,128
89,75,130
88,77,133
82,73,127
82,73,129
84,75,132
86,77,133
89,76,130
84,73,127
87,74,128
87,75,132
86,75,128
84,74,131
85,74,131
89,75,131
85,77,131
86,76,129
85,73,129
85,76,129
83,75,128
86,76,133
89,77,133
87,76,133
90,76,131
84,74,127
88,74,129
81,73,127
83,74,127
83,74,131
89,77,131
81,73,129
86,74,131
87,76,129
85,76,133
85,77,133
90,77,132
83,75,132
86,73,128
85,73,127
88,74,130
85,74,127
84,76,129
88,76,133
90,76,132
88,75,132
82,74,127
87,75,128
89,75,129
86,73,129
82,74,131
90,77,133
84,76,133
87,74,131
88,76,129
90,76,130
86,74,127
89,76,133
88,78,133
88,74,128
90,75,130
90,77,131
83,73,130
87,77,130
82,72,127
87,78,133
89,78,133
86,73,127
84,73,130
90,75,131
86,77,130
81,72,127
83,72,127
91,77,132
89,75,132
87,73,128
87,77,134
82,73,130
83,73,126
88,75,128
88,77,134
88,77,130
91,76,131
89,74,129
82,73,126
88,78,132
85,73,130
85,77,130
87,78,132
89,74,130
87,73,129
86,78,133
90,78,133
86,77,134
91,76,132
82,72,128
84,73,126
89,78,132
91,77,133
88,78,134
88,74,131
89,77,134
80,72,127
84,72,127
83,72,128
82,72,126
89,76,129
81,73,126
89,78,134
90,76,133
81,72,128
81,72,126
87,74,127
81,73,130
87,78,134
86,78,132
83,72,126
90,75,129
89,77,130
86,73,130
84,72,128
85,77,134
91,77,131
90,78,134
90,78,132
85,73,126
80,72,126
86,75,133
87,73,127
85,75,133
90,77,134
80,72,128
91,78,133
86,78,134
91,76,130
89,74,128
85,72,127
84,72,126
90,75,132
87,75,133
84,75,127
85,75,127
84,75,133
85,74,132
84,74,132
91,75,130
89,75,128
92,77,132
91,75,131
88,73,128
85,72,128
88,73,129
87,76,134
91,78,134
86,76,134
89,74,131
86,74,132
83,75,127
85,76,128
83,74,132
86,76,128
92,77,133
90,77,130
86,75,127
87,73,130
91,76,133
90,76,129
91,78,132
83,74,126
92,76,131
90,74,129
84,74,126
88,75,133
88,76,134
88,78,131
90,74,130
88,74,127
85,76,134
83,75,133
87,78,131
92,76,132
86,73,126
91,77,134
84,76,128
87,76,128
82,72,129
83,72,129
85,72,126
82,74,126
89,78,131
92,78,133
87,74,132
85,74,126
82,74,132
86,78,131
81,72,129
86,72,127
82,75,127
88,78,135
82,72,125
89,78,135
92,77,131
81,72,125
87,75,127
89,76,134
84,72,129
84,76,134
86,72,128
88,73,127
91,75,129
87,78,135
92,78,134
83,72,125
84,73,131
83,73,131
89,79,134
89,75,133
83,76,128
90,78,135
91,75,132
88,76,128
80,72,125
90,78,131
88,79,134
90,79,134
81,74,126
80,72,129
86,77,129
87,77,129
85,73,131
86,74,126
88,73,130
82,73,131
92,76,130
92,78,132
91,77,130
88,74,132
81,71,126
90,74,128
90,75,128
85,72,129
88,77,135
89,79,133
87,77,135
90,74,131
86,78,135
93,77,132
92,77,134
80,71,126
82,71,126
89,73,128
88,79,133
85,77,129
82,73,125
89,73,129
83,73,125
88,77,129
90,76,134
92,76,133
87,73,126
84,72,125
87,79,134
91,79,134
93,77,133
90,79,133
86,72,126
91,78,135
89,77,135
92,75,131
86,77,135
91,76,129
92,75,130
86,73,131
89,79,135
88,75,127
81,73,131
89,74,127
81,73,125
81,71,127
90,79,135
93,78,133
84,73,125
87,79,133
79,71,126
83,71,126
82,71,127
81,71,125
88,79,135
87,72,127
91,78,131
80,71,127
80,71,125
91,74,130
90,75,133
89,76,128
93,76,132
91,79,133
87,72,128
93,76,131
91,74,129
84,77,129
90,77,135
82,71,125
93,78,134
85,77,135
89,77,129
86,72,129
91,79,135
87,74,126
83,71,127
92,79,134
89,74,132
87,79,135
79,71,125
80,73,125
85,72,125
93,77,131
92,78,135
79,71,127
87,73,131
85,73,125
91,76,134
89,73,127
89,73,130
84,71,126
83,71,125
93,78,132
92,75,132
92,77,130
93,77,134
92,79,135
91,77,135
92,79,133
92,75,129
89,79,132
84,71,127
88,79,132
87,72,126
83,72,130
87,78,130
82,72,130
88,78,130
89,75,127
88,73,126
91,74,131
91,75,128
86,75,134
90,77,129
90,79,132
93,76,133
92,78,131
85,75,134
90,73,129
84,72,130
93,76,130
87,72,129
81,72,130
93,79,134
94,77,132
87,79,132
91,75,133
86,78,130
94,77,133
91,74,128
90,73,128
87,75,134
90,76,128
81,71,128
89,78,130
82,71,128
94,78,133
84,71,125
85,74,133
86,73,125
84,74,133
92,76,129
88,74,126
88,73,131
84,75,134
89,78,136
88,78,136
88,72,127
93,78,135
88,72,128
81,72,124
89,79,136
82,72,124
80,71,128
90,74,127
94,78,134
90,79,136
86,74,133
85,71,126
90,74,132
86,72,125
81,71,124
93,75,131
80,71,124
83,71,128
87,76,135
91,79,132
93,79,135
85,72,130
84,75,126
90,78,136
86,76,135
83,74,133
88,75,134
87,78,136
88,79,136
80,72,130
85,71,127
92,76,134
85,75,126
93,75,130
80,72,124
82,71,124
92,77,135
83,72,124
91,79,136
88,76,135
85,78,130
93,79,133
83,75,126
79,71,124
90,78,130
92,74,130
87,74,133
85,76,127
83,75,134
85,76,135
79,71,128
94,76,132
86,76,127
83,74,125
90,73,130
86,75,126
94,76,131
92,74,129
91,78,136
84,71,128
87,79,136
84,74,125
84,76,127
86,78,136
82,74,133
89,76,135
94,78,132
94,77,131
91,77,129
83,71,124
94,77,134
89,75,134
92,79,136
82,74,125
79,72,124
90,80,135
85,71,125
86,72,130
87,76,127
84,73,132
84,72,124
90,73,127
94,79,134
93,75,132
83,73,132
82,75,126
93,77,130
92,79,132
84,76,135
89,80,135
91,80,135
88,72,129
90,75,127
88,72,126
93,78,131
85,74,125
85,73,132
88,74,133
87,73,125
89,73,131
90,80,134
92,75,133
89,73,126
83,76,127
86,71,126
89,80,134
82,73,132
94,78,135
94,79,135
92,74,131
91,76,128
87,75,126
91,78,130
91,80,134
86,71,127
92,78,136
90,76,135
88,80,135
92,80,135
81,74,125
94,76,133
85,71,128
86,77,128
89,74,126
88,77,136
87,72,125
80,70,125
91,74,132
93,75,129
93,77,135
87,77,136
86,73,132
87,77,128
91,73,129
92,75,128
95,78,133
79,70,125
81,70,125
88,76,127
88,80,134
89,72,128
90,80,136
89,77,136
93,79,136
95,77,133
84,71,124
95,78,134
94,79,133
