121,179,194
121,178,194
121,180,194
122,180,195
120,178,193
121,177,194
121,181,194
122,179,195
122,181,195
120,177,193
120,179,193
121,180,195
121,178,193
120,179,194
122,179,194
121,179,195
121,179,193
120,178,194
122,180,194
121,181,195
121,177,193
120,180,194
122,178,194
122,178,195
122,182,195
120,176,193
120,180,193
121,178,195
120,177,194
121,180,193
122,181,194
121,176,194
121,182,194
121,182,195
120,181,194
121,176,193
122,177,194
122,181,196
120,177,192
121,177,195
123,180,195
122,177,195
122,183,195
120,175,193
120,181,193
120,176,194
122,180,196
119,178,193
120,178,192
121,181,193
122,182,194
123,181,195
119,177,193
122,182,196
120,176,192
123,179,195
119,179,193
123,181,196
119,177,192
121,183,195
120,182,194
122,179,196
120,179,192
121,175,193
123,180,196
123,182,196
122,176,194
119,176,192
119,178,192
123,182,195
119,176,193
121,175,194
121,183,194
120,180,195
120,179,195
122,178,193
122,183,196
122,179,193
120,175,192
119,180,193
123,178,195
120,181,195
123,183,196
123,179,196
122,177,193
120,178,195
119,175,192
119,179,192
121,176,195
120,175,194
122,180,193
122,176,195
122,184,195
120,174,193
120,182,193
122,178,196
121,181,196
121,182,193
122,183,194
121,180,196
121,177,192
120,180,192
121,178,192
119,175,193
123,183,195
119,179,194
123,179,194
119,178,194
123,180,194
121,182,196
120,182,195
121,179,196
121,176,192
122,184,196
121,184,195
119,180,194
120,183,194
123,178,194
121,179,192
120,177,195
122,176,193
120,174,192
119,181,193
119,177,194
123,181,194
123,177,195
121,174,193
122,175,194
122,181,193
123,178,196
123,184,196
119,174,192
119,180,192
121,174,194
121,184,194
121,183,196
119,181,194
121,178,196
121,175,192
122,177,196
123,177,194
123,182,197
119,176,191
119,174,193
119,176,194
120,181,192
121,180,192
124,181,196
123,181,197
120,183,195
121,175,195
119,177,191
123,184,195
120,174,194
123,182,194
124,182,196
118,177,192
123,183,197
119,175,191
118,176,192
120,176,195
121,183,193
124,180,196
122,175,195
122,185,195
120,173,193
120,183,193
122,184,194
122,175,193
118,178,192
122,185,196
123,180,197
119,182,193
119,178,191
122,182,193
120,173,192
124,183,196
122,182,197
121,184,196
123,185,196
123,177,196
122,181,197
123,176,195
120,176,191
119,173,192
119,181,192
120,177,191
118,175,192
121,185,195
123,184,197
119,182,194
120,184,194
124,180,195
119,174,191
121,177,196
124,181,195
124,179,196
122,183,197
118,178,193
121,174,192
118,177,193
118,179,192
119,175,194
120,175,191
123,176,194
122,180,197
121,173,193
124,182,197
122,174,194
120,178,191
118,176,191
121,181,192
124,179,195
124,181,197
124,183,197
118,179,193
123,183,194
124,182,195
123,179,197
118,175,191
118,177,191
118,176,193
122,176,196
119,179,191
120,184,195
119,173,193
124,184,196
118,174,192
120,182,192
122,184,197
121,173,194
121,185,194
123,185,195
120,175,195
123,185,197
122,179,197
120,174,191
124,180,197
124,184,197
122,174,193
120,180,196
119,173,191
118,174,191
118,178,191
120,181,196
118,180,193
124,178,195
121,174,195
120,179,191
124,178,196
120,173,194
118,180,192
119,179,195
121,185,196
119,180,195
122,178,192
118,175,193
122,186,196
122,177,192
124,183,195
123,179,193
120,179,196
122,183,193
123,178,193
119,183,194
119,183,193
120,182,196
119,178,195
121,184,193
121,176,196
122,185,194
123,176,196
123,186,196
122,174,195
122,186,195
120,172,193
120,184,193
119,172,192
119,182,192
120,172,192
119,181,195
122,179,192
119,174,194
123,175,195
121,173,192
123,180,193
123,178,197
122,176,192
123,175,194
123,177,193
122,185,197
119,180,191
118,173,192
124,179,197
124,185,197
124,185,196
121,182,192
118,179,191
118,173,191
120,178,196
121,186,195
122,178,197
120,185,194
123,184,194
120,173,191
119,177,195
118,181,193
120,183,196
124,177,195
123,186,197
120,185,195
121,181,197
119,182,195
120,180,191
121,182,197
118,174,193
122,180,192
121,172,193
123,181,193
122,173,194
122,175,196
119,172,191
118,181,192
124,184,195
121,177,191
124,177,196
121,176,191
119,172,193
122,175,192
121,180,197
120,174,195
123,176,193
118,178,194
124,180,194
118,179,194
121,183,197
124,179,194
120,183,192
123,186,195
121,178,191
121,186,196
122,173,193
120,177,196
118,177,194
121,175,191
124,181,194
119,184,194
119,176,195
118,180,194
124,183,198
123,183,198
118,175,190
119,175,190
124,178,194
123,182,198
122,186,197
124,186,197
124,178,197
119,176,190
125,182,197
121,172,194
121,186,194
123,177,197
124,182,198
120,184,196
121,179,197
121,175,196
118,176,190
118,172,191
118,180,191
122,184,193
122,187,196
125,183,197
119,183,195
125,181,196
121,173,195
124,184,198
119,173,194
125,182,196
120,172,194
118,174,190
118,172,192
121,184,197
119,184,193
122,177,197
119,181,191
123,184,198
117,176,191
125,181,197
118,182,193
122,181,192
119,174,190
123,175,196
123,187,196
119,171,192
119,183,192
124,186,196
123,181,198
121,172,192
123,182,193
117,175,191
120,172,191
118,176,194
121,179,191
119,177,190
123,174,194
117,177,192
117,176,192
124,181,198
120,171,192
125,180,196
117,177,191
118,177,190
118,173,193
124,176,195
124,182,194
123,174,195
118,181,194
125,184,197
125,183,196
122,174,192
121,174,191
121,185,193
122,186,194
123,175,193
122,173,195
122,187,195
120,185,193
120,171,193
120,181,191
121,183,192
123,187,197
117,178,192
124,185,198
124,177,194
123,185,194
117,174,191
118,173,190
117,175,192
124,185,195
123,185,198
125,180,197
118,182,192
121,178,197
119,171,191
119,173,190
120,176,196
123,180,198
124,176,196
117,178,191
120,186,195
119,175,195
121,187,195
119,178,190
120,186,194
125,179,196
121,185,197
124,180,198
118,175,194
118,178,190
120,185,196
125,184,196
117,179,192
125,185,197
122,174,196
119,184,195
120,173,195
121,180,191
117,174,192
119,171,193
124,177,197
124,187,197
118,182,194
117,173,191
122,187,197
118,171,191
118,181,191
122,182,198
125,183,198
121,171,193
124,183,194
124,186,198
122,172,194
122,183,198
121,187,196
122,182,192
118,172,190
121,173,191
120,176,190
117,175,190
125,182,198
125,184,198
123,183,193
123,176,197
119,185,194
123,186,198
120,175,190
125,179,197
120,184,192
118,183,193
122,176,197
122,181,198
123,187,195
122,172,193
124,176,194
117,174,190
117,176,190
117,179,191
118,171,192
122,184,198
123,179,198
125,181,195
121,174,196
119,172,190
125,180,195
119,182,191
120,177,190
122,173,192
120,171,191
119,172,194
123,174,193
121,177,197
118,172,193
124,187,196
117,177,193
120,174,190
125,178,196
117,178,193
119,179,190
117,180,192
125,181,198
125,185,198
124,175,195
122,185,193
124,179,198
125,182,195
122,188,196
119,185,193
117,173,190
117,177,190
125,185,196
125,179,195
121,171,192
118,179,190
122,180,198
117,176,193
117,173,192
121,186,197
120,182,191
118,174,194
123,174,196
123,188,196
119,184,192
119,170,192
125,186,197
120,175,196
123,173,194
121,171,194
121,187,194
121,172,195
117,179,193
123,188,197
120,171,194
117,172,191
119,174,195
122,185,198
124,186,195
119,180,196
119,181,196
120,178,190
118,183,192
120,170,192
118,183,194
124,187,198
119,179,196
121,184,192
121,181,191
123,173,195
120,186,196
119,170,191
123,186,194
120,173,190
125,183,195
123,178,192
124,175,196
118,171,190
124,184,194
119,185,195
123,187,198
117,175,193
125,178,197
125,180,198
125,186,198
120,181,197
121,186,193
123,177,192
119,182,196
122,187,194
117,180,191
122,172,195
