147,63,193
146,63,193
148,63,193
145,63,193
149,63,193
144,63,193
150,63,193
148,63,194
146,63,192
147,63,194
147,63,192
149,63,194
145,63,192
146,63,194
148,63,192
143,63,193
151,63,193
147,62,193
147,64,193
150,63,194
148,64,194
144,63,192
146,62,193
148,64,193
146,62,192
147,64,194
149,64,194
145,62,192
147,62,192
145,63,194
148,62,193
146,64,193
149,63,192
145,62,193
149,64,193
146,64,194
150,64,194
144,62,192
148,62,192
149,62,193
145,64,193
151,63,194
143,63,192
144,62,193
150,64,193
144,63,194
150,63,192
142,63,193
152,63,193
145,64,194
151,64,194
143,62,192
149,62,192
150,62,193
144,64,193
143,62,193
152,63,194
151,64,193
142,63,192
143,63,194
144,64,194
152,64,194
142,62,192
150,62,192
151,63,192
151,62,193
143,64,193
141,63,193
153,63,193
142,62,193
147,62,194
152,64,193
148,62,194
147,64,192
146,64,192
153,63,194
146,62,194
149,64,195
145,62,191
148,64,195
146,62,191
148,64,192
141,63,192
149,62,194
150,64,195
144,62,191
145,64,192
143,64,194
153,64,194
141,62,192
151,62,192
147,64,195
147,62,191
142,63,194
145,62,194
152,63,192
149,64,192
148,63,195
152,62,193
146,63,191
149,63,195
151,64,195
150,62,194
145,63,191
143,62,191
142,64,193
147,63,195
144,64,192
146,64,195
147,63,191
148,62,191
150,63,195
144,63,191
141,62,193
144,62,194
153,64,193
140,63,193
154,63,193
146,63,195
150,64,192
148,63,191
152,64,195
154,63,194
142,62,191
151,62,194
151,63,195
143,63,191
140,63,192
145,64,195
143,64,192
142,64,194
154,64,194
140,62,192
152,62,192
149,62,191
141,63,194
145,63,195
148,65,194
149,65,194
143,62,194
146,61,192
149,63,191
153,63,192
145,61,192
153,62,193
147,65,194
141,64,193
150,65,194
147,61,192
151,64,192
152,63,195
153,64,195
144,61,192
141,62,191
142,63,191
152,62,194
140,62,193
146,65,194
144,64,195
148,61,192
154,64,193
142,64,192
150,62,191
151,65,194
144,63,195
143,61,192
150,63,191
139,63,193
155,63,193
155,63,194
142,62,194
146,61,193
148,65,193
141,64,194
155,64,194
153,63,195
147,61,193
139,62,192
153,62,192
147,65,193
139,63,192
145,65,194
149,65,195
149,61,192
145,61,193
149,65,193
152,64,192
141,63,191
148,65,195
150,65,195
154,64,195
145,61,191
152,65,194
148,61,193
146,65,193
140,62,191
140,63,194
142,61,192
144,61,191
146,61,191
153,62,194
154,62,193
144,61,193
147,65,195
151,65,195
154,63,192
143,64,195
150,65,193
140,64,193
143,63,195
143,61,191
147,61,191
151,62,191
141,64,192
149,61,193
145,65,193
151,63,191
144,65,194
139,62,193
150,61,192
146,65,195
152,65,195
155,64,193
154,63,195
143,61,193
141,62,194
151,65,193
153,65,194
142,61,191
148,61,191
141,61,192
140,63,191
150,61,193
155,64,195
153,64,192
144,65,193
156,63,194
139,62,191
140,64,194
156,64,194
138,62,192
154,62,192
138,63,193
156,63,193
148,62,195
154,62,194
147,62,195
138,63,192
149,62,195
145,65,195
153,65,195
142,63,195
142,64,195
146,64,191
142,61,193
141,61,191
149,61,191
143,65,194
151,61,192
147,64,191
145,64,191
152,62,191
149,64,196
145,62,190
152,65,193
139,63,194
150,64,196
146,62,195
144,62,190
140,64,192
155,62,193
150,62,195
152,63,191
148,64,196
146,62,190
151,61,193
148,64,191
140,61,192
154,65,194
155,63,192
151,64,196
139,64,193
143,62,190
144,64,191
155,63,195
143,65,193
147,64,196
140,62,194
145,62,195
147,62,190
138,62,193
151,62,195
139,63,191
152,64,196
144,65,195
154,65,195
142,62,190
149,64,191
156,64,193
141,61,193
156,64,195
140,61,191
150,61,191
143,64,191
154,64,192
153,65,193
138,62,191
146,64,196
152,61,192
148,62,190
155,62,194
142,65,194
141,63,195
144,62,195
147,61,194
152,62,195
141,64,195
152,61,193
157,63,194
153,64,196
146,61,194
139,64,194
157,64,194
137,62,192
155,62,192
148,61,194
141,62,190
147,65,192
153,62,191
142,65,193
139,61,192
150,64,191
153,63,191
149,63,196
155,65,194
148,65,192
139,64,192
146,65,192
137,63,192
137,63,193
157,63,193
148,63,196
142,64,191
145,63,190
145,61,194
150,63,196
150,65,196
149,61,194
149,65,196
146,63,190
144,63,190
156,63,195
144,61,190
145,64,196
145,61,190
143,65,195
155,65,195
156,62,193
151,65,196
149,65,192
138,63,194
147,63,196
145,65,192
149,62,190
148,65,196
151,63,196
143,61,190
139,61,191
151,61,191
140,61,193
147,63,190
143,62,195
139,62,194
146,61,190
143,63,190
144,61,194
138,64,193
156,63,192
153,62,195
154,64,196
150,61,194
138,63,191
152,65,196
154,65,193
140,62,190
142,61,190
147,65,196
146,63,196
150,65,192
137,62,193
157,64,195
152,63,196
144,65,192
151,64,191
153,61,192
147,61,190
153,61,193
155,64,192
148,63,190
141,65,194
141,64,191
142,63,190
137,62,191
157,64,193
140,63,195
156,62,194
144,64,196
143,61,194
141,65,193
153,65,196
151,61,194
140,64,195
150,62,190
138,61,192
141,61,190
146,65,196
156,65,194
145,63,196
142,62,195
151,65,192
153,63,196
148,61,190
154,62,191
154,63,191
142,65,195
156,65,195
155,64,196
143,65,192
154,62,195
138,64,192
149,63,190
158,63,194
138,64,194
158,64,194
138,61,191
152,61,191
136,62,192
156,62,192
139,61,193
141,63,190
157,63,195
139,62,190
154,65,196
152,64,191
136,63,192
142,61,194
155,65,193
136,63,193
158,63,193
140,61,190
152,61,194
140,64,191
138,62,194
157,62,193
145,65,196
143,64,196
137,63,194
144,63,196
137,63,191
154,61,193
149,61,190
154,63,196
152,65,192
154,61,192
149,66,194
151,62,190
137,64,193
148,66,194
140,65,194
158,64,195
142,65,192
149,66,195
150,63,190
150,66,195
157,63,192
140,65,193
150,66,194
141,62,195
140,63,190
145,60,192
148,66,195
156,64,192
146,60,192
156,64,196
147,66,194
136,62,193
139,63,195
136,62,191
151,66,195
155,62,195
155,65,196
144,60,192
137,61,192
157,62,194
145,60,191
144,60,191
147,60,192
151,66,194
141,65,195
157,65,195
141,61,194
157,65,194
138,62,190
139,61,190
139,64,195
146,60,191
147,66,195
158,64,193
137,61,191
153,61,191
153,61,194
143,60,191
138,61,193
144,65,196
143,60,192
146,66,194
152,66,195
143,63,196
153,64,191
155,63,191
155,62,191
150,61,190
148,60,192
155,63,196
147,60,191
139,64,191
137,64,192
153,65,192
158,63,195
142,64,196
152,66,194
142,60,191
156,65,193
146,66,195
141,65,192
151,63,190
137,64,194
159,64,194
142,60,192
135,62,192
157,62,192
159,63,194
139,63,190
155,61,193
152,62,190
153,66,195
145,66,194
148,60,191
156,65,196
137,62,194
149,60,192
140,62,195
136,63,191
155,61,192
157,64,196
135,63,192
141,60,191
138,61,190
140,61,194
156,62,195
158,62,193
139,65,194
139,65,193
153,66,194
135,63,193
159,63,193
143,65,196
154,61,194
136,63,194
145,66,195
159,64,195
141,60,192
142,63,196
137,62,190
149,62,196
148,62,196
151,61,190
138,63,195
146,60,193
148,66,193
156,63,196
136,61,192
136,64,193
140,65,195
158,65,195
154,66,195
157,64,192
144,66,194
145,60,193
149,66,193
149,60,191
147,60,193
150,62,196
147,66,193
135,62,191
147,62,196
136,61,191
154,61,191
150,60,192
158,63,192
