232,140,151
232,140,150
232,140,152
232,140,149
232,140,153
233,141,152
231,139,150
232,139,150
232,141,152
232,139,151
232,141,151
233,141,151
233,141,153
231,139,149
231,139,151
233,140,151
231,140,151
232,139,149
232,141,153
233,140,152
231,140,150
233,140,150
231,140,152
232,140,148
232,140,154
232,139,152
232,141,150
233,141,150
233,141,154
231,139,148
231,139,152
232,139,148
233,140,153
232,141,154
231,140,149
233,140,149
231,140,153
232,139,153
232,141,149
233,141,149
233,141,155
231,139,147
231,139,153
233,140,154
232,139,147
231,140,148
232,141,155
233,142,153
231,138,149
232,140,147
232,140,155
233,140,148
233,142,152
231,138,150
231,140,154
233,142,154
231,138,148
234,141,152
230,139,150
233,139,150
233,142,151
231,138,151
231,141,152
233,139,151
234,141,153
230,139,149
231,141,151
234,141,151
231,138,147
233,142,155
230,139,151
232,139,154
233,139,149
231,141,153
232,141,148
233,140,155
233,141,148
233,141,156
231,139,146
231,139,154
233,139,152
231,140,147
234,142,153
232,139,146
230,138,149
234,141,154
230,139,148
231,141,150
232,138,149
232,142,153
232,141,156
232,138,150
234,142,152
234,142,154
232,142,152
233,140,147
230,138,148
230,138,150
234,141,150
230,139,152
233,139,148
231,138,152
231,140,155
233,142,150
232,138,148
232,142,154
231,141,154
232,140,146
232,140,156
231,138,146
233,142,156
232,138,151
232,142,151
234,142,151
234,142,155
230,138,147
230,138,151
233,139,153
234,140,151
234,141,155
230,140,151
231,141,149
234,140,152
232,138,147
230,139,147
230,140,150
232,142,155
234,140,150
234,141,149
230,140,152
230,139,153
232,139,155
233,139,147
234,140,153
232,138,152
232,141,147
233,140,156
231,141,155
230,140,149
231,138,153
233,141,147
233,141,157
231,139,145
231,139,155
232,142,150
233,142,149
231,140,146
234,142,150
234,142,156
232,139,145
230,138,146
230,138,152
234,140,149
230,140,153
233,140,146
231,138,145
232,141,157
233,139,154
232,138,146
233,142,157
231,140,156
232,142,156
234,141,156
231,141,148
234,140,154
230,139,146
230,140,148
234,141,148
232,140,145
232,140,157
232,138,153
233,139,146
230,139,154
234,143,154
234,140,148
233,143,154
230,137,148
232,142,149
234,143,153
233,143,153
231,137,148
234,143,155
230,137,149
231,137,149
230,140,154
231,141,156
234,142,149
234,142,157
230,138,145
230,138,153
230,137,147
233,143,155
231,137,147
231,138,154
232,139,156
232,138,145
233,142,148
233,143,152
234,143,152
234,140,155
231,137,150
233,140,157
230,137,150
233,139,155
232,141,146
234,143,156
232,142,157
231,138,144
233,141,146
233,141,158
231,139,144
231,139,156
230,137,146
230,140,147
231,140,145
233,143,156
231,137,146
234,141,157
232,139,144
235,142,153
229,138,149
233,142,158
233,138,149
231,141,147
233,138,150
235,142,154
229,138,148
230,139,145
233,140,145
231,142,153
235,142,152
229,138,150
231,142,152
232,141,158
234,140,147
232,138,154
233,138,148
234,141,147
231,137,151
233,143,151
231,140,157
234,143,151
233,138,151
231,142,154
230,137,151
233,139,145
230,139,155
235,142,155
235,141,152
230,140,155
234,139,150
229,138,147
229,139,150
234,139,151
231,142,151
232,142,148
235,141,153
234,143,157
229,139,149
235,142,151
230,137,145
230,141,152
229,138,151
230,141,151
234,142,148
234,142,158
235,141,151
230,138,144
230,138,154
231,137,145
234,139,149
229,139,151
233,143,157
233,138,147
231,141,157
234,139,152
234,140,156
235,141,154
230,141,153
232,138,144
232,140,144
232,140,158
229,139,148
233,138,152
231,142,155
231,138,155
230,141,150
235,143,154
229,137,148
235,142,156
235,141,150
230,140,146
231,142,150
229,138,146
233,139,156
233,142,147
235,143,153
235,143,155
231,137,152
234,139,148
232,137,148
232,143,154
229,139,152
232,142,158
232,137,149
232,143,153
229,137,147
229,137,149
233,143,150
235,142,150
232,139,157
230,137,152
234,143,150
229,138,152
234,139,153
231,138,143
232,137,147
230,141,154
234,141,158
232,143,155
233,140,158
235,141,155
234,140,146
233,138,146
232,137,150
232,143,152
230,137,144
233,142,159
229,139,147
234,143,158
235,143,152
235,143,156
231,141,146
232,141,145
230,141,149
230,139,144
229,137,146
229,137,150
232,138,155
233,141,145
233,141,159
231,139,143
231,139,157
231,137,144
231,140,144
233,138,153
232,139,143
231,142,156
234,141,146
233,143,158
230,140,156
235,141,149
232,137,146
233,140,144
233,139,144
234,139,147
232,143,156
229,139,153
235,142,157
230,139,156
232,142,147
232,141,159
232,137,151
231,142,149
229,138,145
234,142,147
234,142,159
234,139,154
230,138,143
230,138,155
232,143,151
231,140,158
234,140,157
230,141,155
235,142,149
235,143,151
235,143,157
231,137,153
235,141,156
229,137,145
229,137,151
229,138,153
232,138,143
231,141,158
235,140,151
233,138,145
230,137,153
233,143,149
235,140,152
229,139,146
230,141,148
234,143,149
229,140,151
232,137,145
229,140,150
230,140,145
235,140,150
231,138,156
234,144,155
234,144,154
235,140,153
233,139,157
230,137,143
233,138,154
232,143,157
235,141,148
229,140,152
232,142,159
232,137,152
234,143,159
234,139,146
231,142,157
230,136,147
234,144,156
231,137,143
232,140,143
232,140,159
233,142,146
229,140,149
234,140,145
230,136,148
229,139,154
232,143,150
230,136,146
234,141,159
234,144,153
231,138,142
235,140,149
233,143,159
235,142,158
235,143,150
235,143,158
234,139,155
229,137,144
229,137,152
231,142,148
232,138,156
232,139,158
230,136,149
229,138,144
235,140,154
230,141,156
231,141,145
229,140,153
230,139,143
234,144,157
233,142,160
233,140,159
235,141,157
230,140,157
235,142,148
230,136,145
234,141,145
235,144,155
229,140,148
232,137,144
232,141,144
229,138,154
231,137,154
233,139,143
235,144,154
233,141,144
233,141,160
233,144,155
231,139,142
231,139,158
233,138,144
229,139,145
230,141,147
233,144,154
235,144,156
229,136,147
234,144,152
232,139,142
231,140,143
232,142,146
234,140,158
231,136,147
229,136,148
230,139,157
235,140,148
231,136,148
230,136,150
230,137,154
232,137,153
234,142,146
234,142,160
233,140,143
232,143,158
229,136,146
230,138,142
230,138,156
233,144,156
233,143,148
234,143,148
235,141,147
235,144,153
231,136,146
233,144,153
233,138,155
235,140,155
234,139,145
232,138,142
232,141,160
231,136,149
234,144,158
235,144,157
229,140,154
229,136,149
230,136,144
230,137,142
232,143,149
231,142,158
231,141,159
231,140,159
229,136,145
229,139,155
231,137,142
230,140,144
234,143,160
235,143,149
235,143,159
233,144,157
229,140,147
229,137,143
229,137,153
234,139,156
231,136,145
236,142,153
228,138,149
234,138,149
235,142,159
234,138,150
236,142,154
228,138,148
231,138,157
233,139,158
236,143,154
233,144,152
234,144,151
228,137,148
234,140,144
231,136,150
235,144,152
230,136,151
236,142,152
231,142,147
232,142,160
230,141,157
228,138,150
235,141,158
233,143,160
236,143,155
229,138,143
233,137,148
228,137,147
233,137,149
232,137,143
234,138,148
235,140,147
236,143,153
234,138,151
229,136,150
230,142,153
228,137,149
230,142,152
235,144,158
236,142,155
235,142,147
231,143,154
233,142,145
231,143,153
228,138,147
229,136,144
233,137,147
233,137,150
234,141,160
236,143,156
232,138,157
231,138,141
230,142,154
235,140,156
230,142,151
228,137,146
233,138,143
229,138,155
229,139,144
236,142,151
232,137,154
230,141,146
230,136,143
234,144,159
232,140,142
232,140,160
231,136,144
228,138,151
231,143,155
236,143,152
231,137,155
231,143,152
