234,163,154
234,162,154
234,164,154
234,161,154
234,165,154
235,164,155
233,162,153
234,162,153
234,164,155
234,163,153
234,163,155
235,163,155
235,165,155
233,161,153
233,163,153
235,163,154
233,163,154
234,161,153
234,165,155
235,164,154
233,162,154
235,162,154
233,164,154
234,164,153
234,162,155
235,162,155
235,166,155
233,160,153
233,164,153
234,160,153
234,166,155
235,165,154
234,160,154
234,166,154
233,161,154
235,161,154
233,165,154
235,165,156
233,161,152
235,164,156
233,162,152
235,166,156
234,165,153
233,160,152
234,161,155
235,161,155
235,167,155
233,159,153
233,165,153
235,166,154
234,159,153
233,160,154
234,167,155
236,164,155
232,162,153
233,163,152
235,163,156
235,160,154
235,162,153
233,164,155
233,166,154
236,165,155
232,161,153
233,159,152
235,163,153
235,167,156
236,163,155
233,163,155
232,163,153
234,159,154
234,167,154
236,165,156
232,161,152
235,161,153
233,165,155
234,161,152
234,165,156
236,164,156
236,166,156
232,160,152
232,162,152
234,162,152
234,164,156
235,164,153
236,166,155
232,160,153
234,160,152
234,166,156
233,162,155
236,162,155
234,166,153
232,164,153
233,164,152
235,162,156
234,160,155
235,160,153
234,163,152
235,160,155
235,168,155
233,158,153
233,166,153
235,167,154
236,167,156
236,163,156
234,163,156
232,159,152
232,163,152
233,166,155
233,158,152
234,158,153
233,159,154
235,168,156
236,163,154
234,159,152
234,168,155
232,163,154
235,159,154
236,164,154
234,167,156
232,162,154
235,165,153
236,167,155
233,167,154
236,162,154
232,159,153
232,164,154
233,161,155
236,161,155
234,164,152
236,165,154
232,165,153
232,161,154
235,159,153
234,162,156
234,158,154
234,168,154
236,168,156
236,162,156
232,158,152
232,164,152
236,166,157
233,165,152
236,161,154
233,167,155
232,160,151
235,166,157
235,161,156
236,165,157
234,158,152
232,165,154
233,160,151
235,165,157
232,161,151
236,167,157
233,161,151
234,167,153
232,159,151
233,157,152
234,168,156
235,167,157
233,159,151
235,169,156
235,166,153
235,168,154
236,166,154
234,159,155
235,159,155
235,169,155
233,157,153
233,167,153
236,168,155
236,164,157
232,160,154
234,157,153
235,164,157
232,162,151
233,162,151
233,158,154
232,158,153
233,160,155
234,165,152
236,168,157
232,158,151
235,158,154
234,169,155
236,160,155
236,160,154
233,158,151
235,168,157
234,161,156
237,165,156
231,161,152
232,166,153
235,158,153
236,169,156
236,161,156
232,157,152
232,165,152
233,168,154
232,166,154
237,166,156
231,160,152
237,164,156
235,161,152
231,162,152
235,162,152
233,165,156
234,157,152
233,168,155
233,164,156
233,163,151
232,163,151
236,163,157
233,166,152
235,163,157
235,160,152
236,167,154
237,167,156
233,166,156
231,159,152
235,160,156
235,163,152
234,169,156
232,157,151
237,164,155
236,169,157
234,157,154
234,169,154
231,162,153
237,166,157
237,163,156
237,165,155
231,160,151
231,163,152
236,162,153
233,163,156
232,159,154
231,161,153
233,156,152
235,167,153
233,157,151
236,163,153
237,165,157
237,167,157
237,163,155
232,164,155
235,169,157
231,159,151
231,161,151
231,163,153
232,163,155
235,170,156
236,169,155
234,160,151
234,166,157
234,168,153
236,161,153
235,159,152
234,161,151
236,159,154
234,165,157
234,166,152
237,166,155
236,164,153
232,165,155
232,157,153
235,169,154
233,159,155
231,160,153
233,167,156
234,159,151
235,164,152
234,158,155
234,167,157
237,168,156
235,158,155
235,170,155
233,156,153
233,168,153
236,159,155
232,162,155
237,164,157
237,168,157
232,167,154
233,164,151
231,158,151
231,162,151
234,162,151
231,158,152
237,162,155
234,156,153
234,160,156
234,164,157
233,157,154
235,157,153
232,164,151
236,170,156
236,160,156
232,156,152
232,166,152
233,162,156
231,164,153
237,162,156
236,162,157
232,167,153
235,162,157
236,160,153
235,157,154
231,164,152
234,170,155
232,156,151
234,156,152
234,158,151
236,165,153
232,166,155
236,168,154
237,167,155
236,170,157
235,158,152
233,169,154
234,168,157
233,156,151
233,169,155
236,167,158
231,159,153
234,163,151
236,166,158
232,161,155
233,167,152
232,159,150
235,170,157
237,169,157
237,163,157
231,157,151
231,163,151
235,165,152
234,163,157
236,168,158
234,170,156
233,168,156
232,158,154
232,160,150
237,161,155
232,158,150
235,159,156
237,169,156
236,159,153
235,168,153
231,165,153
236,165,158
236,158,154
231,157,152
233,155,152
237,163,154
232,161,150
233,161,156
234,157,151
237,164,154
237,161,156
236,170,155
233,165,151
234,167,152
237,167,158
236,166,153
231,163,154
234,156,154
234,170,154
232,167,155
236,169,158
231,162,154
231,165,152
237,168,155
235,171,156
237,166,158
237,162,154
232,165,151
231,159,150
232,157,150
234,169,157
237,168,158
232,156,153
235,167,158
233,158,155
232,168,154
234,164,151
231,160,150
236,161,157
235,161,157
237,165,154
234,169,153
235,157,152
235,166,158
231,164,154
231,158,150
231,158,153
236,158,155
233,159,150
233,160,150
232,160,155
235,170,154
231,161,154
232,155,151
235,156,153
234,159,156
235,168,158
236,164,158
236,171,156
236,159,156
232,155,152
232,167,152
237,170,157
237,162,157
232,162,150
234,162,157
237,165,158
231,156,151
231,164,151
233,158,150
236,171,157
237,160,155
233,155,151
234,157,155
232,168,153
237,161,154
235,157,155
235,171,155
233,155,153
233,169,153
231,161,150
236,169,154
235,165,158
235,166,152
237,169,158
233,161,150
234,155,153
234,155,152
233,169,156
236,158,153
231,157,150
233,156,154
237,166,154
231,165,154
235,156,154
231,166,153
232,156,150
236,170,158
235,171,157
237,170,156
234,156,151
233,170,155
233,157,150
235,169,158
234,171,155
231,160,154
231,156,152
236,167,153
232,157,154
233,160,156
238,166,157
233,170,154
237,164,158
230,160,151
237,160,156
232,168,155
233,168,152
237,169,155
233,162,150
234,171,156
231,162,150
235,164,158
238,167,157
234,165,151
230,159,151
234,170,157
236,157,154
237,160,154
238,165,156
238,165,157
230,161,152
230,161,151
233,166,151
232,163,150
237,170,158
231,166,152
235,169,153
238,166,156
236,163,158
231,156,150
230,160,152
235,156,152
235,160,151
235,161,151
235,158,156
238,164,156
236,161,152
236,162,152
231,157,153
230,162,152
232,166,151
237,167,154
234,168,152
233,154,152
233,166,157
232,159,155
233,165,157
238,168,157
231,166,154
236,171,155
230,158,151
237,171,157
237,161,157
235,159,151
233,156,150
238,167,156
234,161,157
231,155,151
231,165,151
236,160,157
232,165,156
235,160,157
235,162,151
236,160,152
232,164,156
238,164,157
230,159,152
237,159,155
236,163,152
230,162,151
232,155,150
235,170,158
232,169,154
233,167,157
236,171,158
232,154,151
235,167,152
236,157,153
235,172,156
233,164,157
238,163,156
231,159,154
232,155,153
233,163,150
233,157,155
232,166,156
230,163,152
233,154,151
232,163,156
236,157,155
234,155,154
234,171,154
236,172,157
237,163,158
233,170,156
238,167,158
234,155,151
231,163,150
235,163,158
235,155,153
231,167,153
235,158,151
230,159,150
234,170,153
236,170,154
236,158,156
236,172,156
236,159,152
234,158,156
232,154,152
232,168,152
235,163,151
238,166,158
238,168,158
237,159,154
238,169,157
236,164,152
238,168,156
237,171,156
230,157,151
230,158,150
230,160,150
235,171,154
237,171,158
231,155,150
236,168,153
232,169,153
234,154,152
230,158,152
238,163,157
232,164,150
233,168,157
235,172,157
230,163,151
231,155,152
234,159,150
237,170,155
233,163,157
234,167,158
234,160,150
238,164,155
234,166,151
