204,161,179
204,161,178
204,161,180
205,162,180
203,160,178
204,160,178
204,162,180
204,160,179
204,162,179
205,162,179
205,162,181
203,160,177
203,160,179
205,161,179
203,161,179
205,161,180
203,161,178
204,160,177
205,163,181
203,159,177
205,163,180
204,162,181
203,159,178
205,161,178
204,160,180
204,161,177
204,161,181
203,161,180
204,162,178
206,163,181
202,159,177
205,161,181
203,161,177
206,162,180
202,160,178
206,162,181
202,160,177
205,162,178
205,162,182
203,160,176
203,160,180
203,159,176
206,163,180
206,163,182
202,159,176
202,159,178
205,163,182
203,159,179
205,163,179
205,160,179
203,162,179
204,159,178
204,163,180
206,162,179
205,160,178
202,160,179
203,162,180
206,162,182
204,159,177
204,163,181
204,160,176
202,160,176
205,160,180
206,164,182
202,158,176
205,161,177
206,164,181
204,159,179
203,162,178
202,158,177
204,162,182
204,163,179
204,160,181
206,161,180
203,161,181
202,161,178
206,163,179
206,163,183
205,161,182
202,159,175
202,159,179
204,162,177
206,161,179
205,164,181
202,161,179
203,158,177
203,159,175
204,161,176
204,161,182
203,161,176
205,160,177
206,161,181
202,158,175
206,164,183
205,163,183
204,159,176
205,164,182
203,158,176
207,163,181
201,159,177
202,161,177
207,163,182
203,159,180
202,158,178
201,159,176
207,164,182
201,158,176
206,164,180
203,162,181
205,162,177
205,162,183
203,160,175
203,160,181
204,163,182
203,158,178
206,162,178
205,164,180
205,163,178
205,160,181
204,159,180
202,160,180
207,164,181
207,164,183
201,158,175
201,158,177
206,162,183
206,161,178
203,162,177
207,163,180
204,163,178
201,159,178
202,160,175
207,163,183
202,161,180
203,158,175
201,159,175
207,162,181
206,161,182
201,160,177
205,164,183
207,162,180
204,160,175
202,158,174
201,160,178
205,161,176
203,158,179
202,161,176
206,165,182
207,162,182
206,163,178
206,163,184
202,159,174
202,159,180
206,164,184
205,159,178
205,160,176
207,165,183
203,163,180
202,157,176
207,165,182
204,159,175
202,158,179
201,157,175
201,160,176
205,159,179
207,164,180
207,164,184
204,160,182
204,162,183
201,158,174
201,158,178
205,164,179
201,157,176
206,165,183
203,163,179
206,164,179
205,161,183
203,161,182
202,157,175
204,158,177
204,164,181
203,159,174
206,160,179
205,159,177
206,165,181
204,158,178
202,157,177
206,160,180
207,163,179
202,162,179
204,164,180
204,162,176
203,162,182
207,162,179
205,160,182
204,163,183
206,161,177
203,163,181
207,165,184
203,161,175
201,157,174
204,159,181
201,159,179
202,162,178
205,163,184
203,159,181
204,158,176
206,162,177
207,163,184
206,160,178
207,165,181
201,157,177
204,161,175
204,161,183
205,159,180
201,160,179
204,164,182
203,158,174
207,162,183
201,159,174
208,164,182
200,158,176
208,164,183
202,157,174
202,162,180
200,158,175
205,163,177
206,162,184
202,160,181
206,165,184
202,161,181
204,158,179
205,162,176
205,162,184
203,160,174
203,160,182
203,163,178
206,161,183
206,160,181
203,162,176
204,163,177
205,165,182
201,160,175
208,165,183
200,157,175
205,164,184
203,157,176
205,159,176
204,164,179
202,157,178
207,161,180
205,165,181
203,158,180
202,160,174
203,157,177
208,164,181
207,161,181
206,165,180
202,162,177
208,163,182
208,165,182
208,165,184
201,161,178
200,158,177
202,158,173
200,157,174
200,157,176
200,159,176
208,164,184
207,164,179
207,164,185
204,158,175
201,158,173
201,158,179
206,160,177
200,158,174
203,157,175
208,163,181
201,161,177
202,161,175
205,165,183
201,157,173
207,161,179
200,159,177
207,162,178
203,163,182
207,165,185
206,164,185
205,160,175
202,158,180
208,163,183
205,164,178
204,159,174
205,159,181
201,157,178
207,166,183
200,159,175
204,160,174
201,161,179
204,164,183
203,157,178
207,165,180
206,163,177
206,163,185
202,159,173
202,159,181
207,161,182
207,163,178
201,156,175
205,161,175
206,164,178
207,166,184
202,162,181
205,165,180
204,158,180
202,157,173
206,160,182
201,160,180
207,162,184
201,156,174
206,161,176
207,166,182
208,165,181
208,165,185
208,163,180
200,157,173
200,157,177
204,160,183
207,163,185
201,159,180
208,166,184
201,156,176
205,160,183
208,166,183
201,161,176
208,164,180
203,159,173
205,161,184
204,162,184
203,157,174
206,165,185
200,156,174
204,159,182
203,163,177
200,159,178
200,156,175
203,158,173
207,161,178
203,162,183
203,161,183
206,166,183
200,158,178
204,163,184
205,159,175
208,163,184
208,164,185
202,157,179
201,159,173
204,164,178
206,166,182
205,165,184
202,156,175
206,162,176
201,160,174
200,158,173
203,159,182
208,162,181
204,162,175
202,162,176
204,158,174
202,156,176
207,166,185
201,156,173
208,166,185
200,159,174
206,160,176
205,163,185
206,161,184
205,158,178
200,156,173
208,162,182
203,161,174
205,158,177
200,160,177
208,166,182
203,157,179
206,159,179
206,166,184
206,165,179
201,161,180
203,164,180
202,161,182
200,156,176
207,161,183
206,159,178
202,156,174
206,162,185
203,158,181
200,160,176
201,157,172
203,164,181
201,156,177
208,162,180
205,164,185
204,161,174
204,161,184
202,160,182
202,163,179
207,166,181
205,158,179
203,162,175
205,163,176
204,163,176
202,163,180
207,162,177
205,159,182
207,165,186
206,159,180
204,157,177
204,165,181
209,165,183
199,157,175
208,163,179
207,164,178
207,164,186
203,163,183
202,156,177
201,157,179
201,158,172
201,158,180
209,165,184
200,160,178
199,157,174
204,157,176
206,166,181
202,158,172
205,165,179
205,162,175
205,162,185
203,160,173
203,160,183
205,158,176
204,165,182
208,162,183
203,164,179
208,165,180
208,165,186
206,159,177
200,157,172
200,157,178
202,160,173
204,158,181
204,164,184
206,160,183
207,165,179
207,160,180
203,157,173
209,164,183
204,157,178
202,157,172
202,163,178
199,158,175
201,161,175
207,161,177
202,162,182
207,160,179
202,161,174
209,166,184
202,158,181
199,156,174
205,160,174
200,159,179
209,165,182
208,163,185
208,164,179
209,164,182
200,156,172
203,164,182
200,160,175
202,156,173
199,157,176
204,165,180
206,164,186
208,166,186
204,159,173
205,164,177
199,158,176
204,157,175
207,162,185
201,156,172
208,162,179
209,165,185
201,162,178
207,163,177
209,164,184
199,157,173
209,166,183
209,166,185
205,158,180
207,160,181
206,166,185
202,163,181
200,156,177
201,162,179
199,156,173
199,156,175
201,160,181
199,158,174
208,166,181
208,164,186
200,158,179
206,159,181
207,166,186
208,167,184
204,165,183
205,159,174
207,160,178
205,166,182
206,164,177
206,161,175
206,163,176
206,163,186
202,159,172
202,159,182
207,163,186
202,157,180
206,165,186
208,167,185
205,165,185
200,159,173
204,160,173
205,166,183
203,156,176
205,158,175
201,156,178
202,156,178
207,167,184
203,163,176
200,155,174
200,158,172
201,159,181
203,157,180
200,160,179
201,162,177
209,164,181
203,156,175
205,161,174
208,162,184
204,157,179
206,159,176
207,161,184
204,158,173
203,158,172
208,167,183
207,167,183
206,160,175
205,160,184
200,155,173
204,164,177
201,161,181
204,159,183
203,164,178
199,158,177
207,166,180
201,155,174
200,155,175
203,156,177
202,162,175
206,166,180
209,165,181
209,164,185
205,166,181
209,166,182
209,166,186
201,162,180
204,160,184
201,160,173
207,160,182
209,163,182
203,159,172
201,155,175
201,159,172
199,156,172
199,156,176
207,167,185
202,163,177
204,157,174
199,157,177
205,161,185
208,161,181
209,163,183
208,163,178
203,162,184
209,165,186
203,156,174
199,159,176
208,161,180
204,163,185
204,165,179
209,167,185
