157,51,215
156,51,215
158,51,215
159,51,215
155,51,215
160,51,215
154,51,215
153,51,215
161,51,215
158,51,216
156,51,214
157,51,216
157,51,214
159,51,216
155,51,214
156,51,216
158,51,214
157,50,215
157,52,215
156,50,215
158,52,215
160,51,216
154,51,214
158,50,215
156,52,215
155,51,216
159,51,214
155,50,215
159,52,215
152,51,215
162,51,215
159,50,215
155,52,215
158,52,216
161,51,216
156,50,214
153,51,214
154,50,215
157,52,216
159,52,216
160,52,215
155,50,214
157,50,214
154,51,216
160,51,214
160,52,216
156,52,216
158,50,214
154,50,214
160,50,215
154,52,215
153,50,215
161,52,215
162,51,216
152,51,214
161,52,216
155,52,216
163,51,215
151,51,215
153,50,214
159,50,214
153,51,216
161,51,214
161,50,215
153,52,215
152,50,215
162,52,215
154,52,216
162,52,216
152,50,214
160,50,214
163,51,216
151,51,214
157,50,216
158,50,216
157,52,214
152,51,216
156,52,214
156,50,216
162,51,214
158,52,214
150,51,215
164,51,215
162,50,215
159,50,216
152,52,215
155,52,214
155,50,216
153,52,216
163,52,216
151,50,214
161,50,214
151,50,215
159,52,214
163,52,215
160,50,216
154,52,214
164,51,216
150,51,214
154,50,216
160,52,214
151,51,216
161,50,216
163,51,214
163,50,215
153,52,214
151,52,215
164,52,216
152,52,216
162,50,214
150,50,214
149,51,215
165,51,215
158,51,217
156,51,213
150,50,215
153,50,216
159,51,217
155,51,213
159,52,217
155,50,213
158,52,217
164,52,215
157,51,217
156,50,213
157,51,213
161,52,214
160,51,217
160,52,217
154,50,213
154,51,213
157,52,217
157,50,213
162,50,216
156,51,217
165,51,216
158,51,213
152,52,214
161,52,217
149,51,214
153,50,213
161,51,217
153,51,213
156,52,217
158,50,213
150,51,216
152,50,216
164,50,215
155,51,217
164,51,214
159,51,213
150,52,215
162,52,214
151,52,216
165,52,216
149,50,214
163,50,214
162,52,217
152,50,213
162,51,217
155,52,217
163,50,216
152,51,213
149,50,215
159,50,213
158,53,216
159,53,216
165,52,215
151,52,214
156,49,214
148,51,215
166,51,215
155,49,214
157,53,216
160,53,216
154,51,217
157,49,214
160,51,213
154,49,214
156,49,215
158,53,215
163,52,217
157,49,215
157,53,215
151,50,213
156,53,216
166,51,216
151,50,216
155,49,215
159,53,215
163,51,217
158,49,214
161,53,216
154,52,217
158,49,215
148,51,214
156,53,215
151,51,213
160,50,213
153,49,214
163,52,214
154,49,215
160,53,215
165,50,215
149,51,216
164,50,216
155,53,216
159,49,215
150,52,216
166,52,216
148,50,214
164,50,214
155,53,215
153,51,217
149,52,215
159,49,214
165,51,214
162,53,216
161,51,213
150,52,214
164,52,217
152,49,214
153,49,215
150,50,213
148,50,215
161,53,215
164,51,217
166,52,215
153,52,217
160,49,215
161,50,213
150,51,213
154,53,215
150,50,216
154,53,216
160,49,214
167,51,215
147,51,215
163,53,216
164,52,214
152,49,215
151,49,214
167,51,216
162,53,215
152,51,217
158,50,217
165,50,216
147,51,214
162,51,213
157,50,217
165,52,217
159,50,217
161,49,215
156,52,213
149,50,213
153,53,215
157,52,213
155,52,213
166,50,215
159,53,217
156,50,217
149,52,216
167,52,216
148,51,216
165,51,217
149,52,214
147,50,214
165,50,214
160,50,217
153,53,216
158,53,217
160,53,217
152,52,217
161,49,214
155,49,213
148,52,215
158,52,213
162,50,213
154,49,213
156,49,213
166,51,214
154,52,213
149,51,213
151,49,215
161,53,217
157,53,217
164,53,216
150,49,214
163,53,215
155,50,217
147,50,215
157,49,213
153,49,213
161,50,217
149,50,216
159,52,213
167,52,215
162,49,215
153,52,213
151,51,217
162,53,217
156,53,217
152,53,215
165,52,214
152,49,213
158,49,213
166,52,217
157,49,216
163,51,213
154,50,217
156,49,216
158,49,216
162,50,217
148,50,213
152,53,216
162,49,214
166,50,216
157,53,214
168,51,215
146,51,215
158,53,214
156,53,214
168,51,216
160,52,213
166,51,217
155,49,216
150,49,215
159,49,216
151,52,217
152,52,213
155,53,217
163,53,217
165,53,216
149,49,214
164,53,215
146,51,214
159,53,214
163,50,213
148,52,214
155,53,214
151,49,213
159,49,213
148,51,213
167,50,215
148,52,216
168,52,216
154,49,216
166,50,214
146,50,214
163,49,215
153,50,217
160,49,216
147,51,216
163,50,217
147,52,215
160,53,214
151,53,215
154,53,214
167,51,214
148,50,216
161,52,213
150,51,217
154,53,217
164,53,217
151,52,213
146,50,215
153,49,216
163,49,214
151,53,216
167,52,217
150,49,213
160,49,213
161,49,216
164,51,213
168,52,215
149,49,215
166,52,214
159,52,218
155,50,212
147,50,213
160,52,218
154,50,212
161,53,214
158,52,218
156,50,212
153,53,214
167,51,217
152,50,217
165,53,215
148,49,214
161,52,218
166,53,216
167,50,216
153,50,212
150,52,217
164,50,217
157,52,218
164,50,213
157,50,212
164,49,215
147,51,213
152,49,216
162,52,213
162,52,218
152,50,212
169,51,216
165,53,217
153,53,217
162,49,216
147,52,214
145,51,215
169,51,215
150,52,213
159,51,218
150,53,215
155,51,212
158,51,218
161,49,213
149,49,213
160,51,218
156,51,212
162,53,214
154,51,212
156,52,218
145,51,214
158,50,212
152,53,214
157,51,218
169,52,216
147,52,216
145,50,214
167,50,214
168,50,215
161,51,218
149,51,217
157,51,212
163,52,218
153,51,212
164,49,214
151,50,212
150,53,216
146,51,216
147,50,216
151,50,217
148,49,215
146,52,215
168,52,217
165,50,217
156,51,218
151,49,216
165,51,213
162,51,218
168,51,214
155,52,218
158,51,212
146,50,213
163,49,216
166,53,215
147,49,214
152,51,212
159,50,212
145,50,215
167,53,216
167,52,214
163,52,213
168,51,217
152,53,217
166,53,217
149,52,217
163,53,214
164,52,218
149,52,213
165,49,215
148,49,213
162,49,213
169,52,215
150,50,212
168,50,216
151,53,214
155,51,218
165,50,213
163,51,218
146,51,213
159,51,212
149,53,215
151,51,212
154,52,218
160,50,212
146,52,214
150,50,217
150,49,216
170,51,216
164,49,216
166,50,217
165,49,214
165,52,218
148,51,217
154,51,218
149,53,216
160,53,218
147,49,215
159,53,218
144,51,215
170,51,215
164,51,218
149,50,212
161,53,218
154,49,212
155,49,212
160,51,212
158,53,218
144,51,214
164,53,214
146,52,216
170,52,216
146,50,216
169,52,217
144,50,214
168,50,214
164,52,213
151,53,217
167,53,217
150,51,212
153,49,212
169,50,215
167,53,215
150,53,214
146,49,214
156,49,212
166,51,213
147,49,213
163,49,213
162,53,218
148,52,213
159,54,216
168,53,216
158,54,216
145,50,213
145,51,216
153,52,218
157,53,218
160,54,216
152,49,212
145,52,215
166,49,215
169,51,217
157,54,216
155,48,214
161,50,212
156,48,214
157,49,212
148,52,217
154,48,214
168,52,214
169,51,214
153,51,218
161,54,216
144,50,215
163,53,218
157,48,214
149,49,216
166,52,218
165,51,218
166,50,213
148,53,215
169,50,216
156,54,216
156,53,218
151,49,212
149,50,217
153,48,214
165,49,216
161,51,212
145,51,213
148,50,212
170,52,215
149,51,212
158,49,212
158,48,214
167,50,217
162,54,216
158,49,217
157,49,217
165,53,214
166,49,214
164,53,218
152,48,214
146,49,215
159,49,217
155,54,216
152,52,218
145,52,214
156,49,217
148,53,216
149,53,214
150,53,217
168,53,217
156,48,215
158,54,215
147,51,217
