114,161,181
114,162,181
114,160,181
115,162,182
113,160,180
114,163,181
114,159,181
115,163,182
115,161,182
113,161,180
113,159,180
114,162,182
114,160,180
114,161,182
114,161,180
113,161,181
115,161,181
113,160,181
115,162,181
114,163,182
114,159,180
113,162,181
115,160,181
115,160,182
115,164,182
113,158,180
113,162,180
114,160,182
114,162,180
113,159,181
115,163,181
114,164,181
114,164,182
114,158,180
113,163,181
115,163,183
113,159,179
115,159,181
115,162,183
113,160,179
116,162,182
115,164,183
112,160,180
114,163,180
113,158,179
116,163,182
115,165,182
113,163,180
112,159,180
115,164,181
116,163,183
112,159,179
115,161,183
113,161,179
116,161,182
112,161,180
116,162,183
116,164,183
112,158,179
112,160,179
116,164,182
112,158,180
114,165,182
115,165,183
113,164,181
113,161,182
113,157,179
113,162,182
115,161,180
114,165,181
115,160,180
116,161,183
116,165,183
112,157,179
112,161,179
112,162,180
116,160,182
113,160,182
114,162,183
113,162,179
115,162,180
113,163,182
114,163,183
114,160,179
114,159,179
115,159,180
114,164,180
115,165,181
115,166,182
116,165,182
113,164,180
114,161,183
112,160,181
116,162,181
114,164,183
114,161,179
112,161,181
116,161,181
114,158,179
115,166,183
113,159,182
116,166,183
112,159,181
112,162,179
113,164,182
116,163,181
115,163,180
112,162,181
114,166,182
112,163,180
116,160,181
116,164,184
112,158,178
113,165,181
116,163,184
112,159,178
114,160,183
114,165,183
116,165,184
114,162,179
112,157,178
113,163,179
117,163,183
114,166,181
117,164,183
112,158,181
116,162,184
111,159,179
112,160,178
111,158,179
116,166,182
116,164,181
112,163,181
117,162,183
115,163,184
115,164,184
113,159,178
113,158,178
111,160,179
114,165,180
117,165,183
116,166,184
113,165,182
115,166,181
112,156,178
115,162,184
111,157,179
115,164,180
115,167,182
113,165,180
115,167,183
117,164,184
113,160,178
115,165,184
116,167,183
111,158,178
112,163,179
113,157,178
117,163,184
117,165,184
111,157,178
111,159,178
112,164,180
114,166,183
112,161,178
117,161,183
117,163,182
114,163,179
117,162,182
111,161,179
111,159,180
111,160,180
115,161,184
114,167,182
112,164,181
117,164,182
116,165,181
117,166,183
113,166,181
117,162,184
117,166,184
111,158,180
115,166,184
113,161,178
117,161,182
111,156,178
111,160,178
111,161,180
116,167,184
113,164,179
116,167,182
113,162,183
113,163,183
113,166,182
113,161,183
115,160,179
111,162,179
111,157,180
114,167,181
117,165,182
112,161,182
115,165,180
112,162,178
115,159,179
111,162,180
112,162,182
116,161,180
115,161,179
117,167,184
112,160,182
115,168,183
114,167,183
116,168,183
111,161,178
112,164,179
116,160,180
113,164,183
114,166,180
116,162,180
115,167,184
115,167,181
114,164,179
113,160,183
117,167,183
113,162,178
112,165,180
115,168,182
113,166,180
114,163,184
112,163,182
115,158,179
112,165,181
114,164,184
112,159,182
116,166,181
116,168,184
114,162,184
115,162,179
114,159,178
116,159,180
117,165,185
111,157,177
116,164,185
112,158,177
117,164,185
116,165,185
114,158,178
111,158,177
112,157,177
116,163,180
114,160,178
117,166,182
113,165,183
117,166,185
111,156,177
114,165,184
111,163,180
116,163,185
114,168,182
111,163,179
112,159,177
116,166,185
113,167,181
114,161,184
117,163,185
118,164,184
113,165,179
112,156,177
112,164,182
111,159,177
118,165,184
117,168,184
111,160,181
117,162,181
114,157,178
111,162,178
113,167,182
111,161,181
116,168,182
110,158,178
112,163,178
117,161,181
118,163,184
114,161,178
111,159,181
110,157,178
117,163,181
117,167,185
115,168,184
115,163,179
118,164,183
116,162,185
118,163,183
118,166,184
110,159,178
115,166,180
113,163,178
114,166,184
114,168,183
112,160,177
117,168,183
116,167,185
116,164,180
111,162,181
110,156,178
110,158,179
110,159,179
118,165,183
117,160,181
111,158,181
111,160,177
113,166,183
116,169,183
112,165,179
115,169,183
118,162,183
114,165,179
114,168,181
117,164,181
112,166,181
110,157,179
116,169,184
118,165,185
112,165,182
110,160,178
110,160,179
112,166,180
111,164,180
117,167,182
115,164,185
114,167,180
116,167,181
110,157,177
118,164,185
118,166,185
114,162,178
118,167,184
115,168,181
115,165,185
117,168,185
113,158,177
115,163,185
110,156,177
110,158,177
111,163,181
115,169,182
113,167,180
118,166,183
111,164,179
113,157,177
113,159,177
116,168,185
117,169,184
110,156,179
114,167,184
112,161,177
111,163,178
115,166,185
118,167,185
118,163,185
115,164,179
110,161,179
115,162,185
117,165,181
110,159,177
110,155,177
111,161,177
116,165,180
113,156,177
110,161,178
115,169,184
112,164,178
114,169,182
113,168,182
113,160,177
113,167,183
113,166,179
113,168,181
113,164,178
118,168,184
118,163,182
116,169,182
117,169,183
112,166,182
111,164,181
115,167,185
118,167,183
114,169,183
118,162,182
117,169,185
114,163,178
118,168,185
110,159,180
118,164,182
115,167,180
110,160,180
110,162,179
111,165,180
110,160,177
110,158,180
112,167,181
117,168,182
116,170,184
116,169,185
112,162,183
114,168,184
114,166,179
116,170,183
112,166,179
112,162,177
112,161,183
118,161,182
115,170,183
113,161,177
113,163,184
117,165,186
111,157,176
110,161,180
112,163,183
117,166,186
111,156,176
118,165,182
113,162,184
117,166,181
110,162,178
110,157,180
116,168,181
113,164,184
112,167,180
116,160,179
111,165,179
111,162,177
114,169,181
117,164,186
112,160,183
115,165,179
117,170,184
116,161,179
111,158,176
115,168,185
117,167,186
111,164,178
111,155,176
115,159,178
113,161,184
116,159,179
112,164,183
116,166,180
114,168,180
118,166,186
115,160,178
118,165,186
110,156,176
115,169,181
118,169,185
111,165,181
118,169,184
110,157,176
113,168,183
113,165,184
115,158,178
118,168,183
111,161,182
110,162,180
110,161,177
118,167,186
115,170,182
113,168,180
115,170,184
116,162,179
111,160,182
110,155,176
117,163,186
110,163,179
111,162,182
112,167,182
117,170,185
117,161,180
116,165,186
118,164,186
111,159,176
118,166,182
117,168,186
115,161,178
112,165,178
119,165,184
110,158,176
119,165,185
119,164,184
117,162,180
116,158,179
112,157,176
116,166,186
114,164,178
119,166,185
116,164,186
111,159,182
114,164,185
117,160,180
113,169,182
112,156,176
113,165,178
113,162,177
112,165,183
114,163,185
112,158,176
115,157,178
119,164,185
116,170,185
119,166,184
118,168,186
117,170,183
114,165,185
111,163,182
114,169,184
119,163,184
114,170,182
113,166,184
113,167,179
111,166,180
116,167,186
109,157,177
113,169,181
119,167,185
109,157,178
117,163,180
109,156,177
114,170,183
109,158,178
112,163,177
110,163,178
116,163,186
116,163,179
114,158,177
115,169,185
114,162,185
116,170,182
117,167,181
112,155,176
110,163,180
109,158,177
114,159,177
110,159,176
117,169,182
109,156,178
117,159,180
115,162,178
112,159,176
115,168,180
114,166,185
114,157,177
109,159,178
116,171,184
112,168,181
109,155,177
117,169,186
111,163,177
111,160,176
119,167,184
118,170,185
111,164,182
116,168,186
110,162,177
118,169,186
114,167,179
114,160,177
111,166,181
119,168,185
118,167,182
115,166,179
116,171,183
109,159,177
112,167,179
112,166,183
111,166,179
117,164,180
115,171,183
118,170,184
109,155,178
118,169,183
117,171,184
110,164,179
119,164,183
111,165,178
116,167,180
113,167,184
114,156,177
116,169,181
109,160,178
119,166,186
113,169,183
119,163,183
112,168,180
119,165,183
114,167,185
110,160,181
118,162,181
119,165,186
119,167,186
117,171,185
