199,192,71
199,193,71
199,191,71
199,194,71
199,190,71
199,195,71
199,189,71
200,193,71
198,191,71
200,192,71
198,192,71
200,194,71
198,190,71
200,191,71
198,193,71
199,192,70
199,192,72
200,195,71
200,193,72
198,189,71
198,191,70
199,191,70
199,193,72
199,193,70
199,188,71
199,196,71
199,191,72
200,194,72
200,192,72
198,192,70
198,190,70
199,190,70
199,194,72
199,194,70
200,195,72
200,191,72
199,190,72
198,193,70
198,189,70
200,190,71
198,194,71
200,196,71
198,188,71
199,189,70
199,195,72
199,195,70
200,190,72
200,196,72
198,194,70
198,188,70
199,189,72
199,197,71
199,187,71
200,189,71
198,195,71
200,197,71
198,187,71
199,188,70
199,196,72
199,196,70
200,189,72
200,197,72
198,195,70
198,187,70
199,188,72
200,188,71
198,196,71
199,198,71
199,186,71
200,198,71
200,193,70
198,191,72
198,186,71
200,192,70
200,194,70
201,194,72
197,190,70
198,192,72
198,190,72
201,193,72
197,191,70
201,195,72
197,189,70
199,187,70
200,191,70
199,197,72
199,197,70
200,188,72
200,198,72
198,196,70
198,186,70
198,193,72
200,195,70
199,187,72
201,192,72
198,189,72
197,192,70
201,196,72
197,188,70
201,194,71
197,190,71
200,190,70
201,193,71
197,191,71
201,195,71
197,189,71
198,194,72
200,196,70
200,187,71
201,191,72
197,193,70
201,197,72
198,188,72
198,197,71
197,187,70
200,199,71
201,192,71
197,192,71
201,196,71
198,185,71
197,188,71
200,193,73
199,199,71
199,185,71
199,186,70
198,191,69
200,194,73
200,192,73
198,190,69
198,192,69
199,198,72
200,189,70
199,198,70
200,199,72
200,187,72
198,197,70
198,185,70
201,191,71
199,186,72
198,195,72
200,197,70
197,193,71
200,195,73
201,190,72
201,197,71
200,191,73
197,194,70
198,189,69
201,198,72
198,193,69
197,187,71
198,187,72
197,186,70
200,196,73
198,188,69
200,190,73
201,190,71
200,186,71
198,194,69
200,188,70
199,192,69
199,192,73
197,194,71
200,200,71
198,198,71
201,198,71
199,191,69
199,193,73
201,194,73
199,193,69
199,191,73
197,190,69
201,195,73
201,193,73
197,186,71
198,196,72
200,198,70
198,184,71
201,189,72
197,195,70
199,185,70
197,191,69
197,189,69
201,199,72
199,190,69
199,194,73
197,185,70
198,186,72
199,194,69
199,199,70
199,199,72
198,199,71
199,184,71
199,190,73
200,200,72
200,186,72
198,198,70
198,184,70
201,192,73
201,196,73
200,197,73
198,187,69
197,192,69
197,188,69
199,185,72
200,189,73
198,195,69
201,189,71
199,189,69
199,195,73
197,195,71
199,195,69
201,199,71
201,191,73
201,197,73
199,189,73
200,187,70
197,193,69
197,187,69
197,185,71
201,188,72
200,199,70
198,197,72
200,185,71
197,196,70
201,200,72
200,198,73
198,186,69
199,188,69
197,184,70
199,200,71
200,188,73
198,196,69
197,198,71
199,196,73
198,185,72
199,196,69
201,190,73
201,198,73
198,183,71
199,188,73
199,184,70
201,188,71
197,194,69
197,186,69
198,199,70
198,199,72
199,200,72
200,185,72
201,194,70
197,198,70
198,183,70
201,193,70
197,196,71
201,200,71
201,195,70
199,184,72
197,190,72
197,199,71
199,183,71
197,191,72
202,195,72
196,189,70
200,186,70
197,189,72
201,192,70
202,194,72
196,190,70
197,184,71
199,187,69
202,196,72
196,188,70
201,196,70
199,197,73
197,192,72
198,185,69
200,199,73
199,197,69
201,187,72
202,193,72
200,200,70
196,191,70
201,189,73
201,199,73
198,198,72
198,197,69
197,188,72
202,197,72
200,187,73
196,187,70
197,195,69
197,185,69
201,201,72
199,187,73
197,197,70
201,191,70
197,183,70
201,197,70
198,184,72
197,193,72
200,184,71
201,187,71
202,192,72
196,192,70
200,193,69
202,198,72
197,187,72
200,192,69
198,200,71
196,186,70
200,194,69
196,198,71
198,191,73
201,201,71
197,197,71
201,190,70
199,186,69
198,192,73
199,183,70
198,190,73
202,195,73
200,191,69
198,182,71
196,189,69
202,194,73
202,196,73
199,198,73
200,195,69
197,199,70
201,198,70
199,198,69
196,190,69
196,188,69
198,200,72
200,184,72
198,193,73
197,199,72
197,183,71
196,198,70
198,182,70
197,194,72
202,191,72
201,188,73
201,200,73
200,185,70
198,184,69
196,193,70
197,196,69
197,184,69
198,189,73
202,193,73
200,200,73
202,199,72
199,186,73
199,183,72
202,195,71
202,197,73
200,190,69
198,198,69
196,191,69
202,194,71
197,186,72
196,185,70
196,187,69
196,189,71
200,186,73
202,196,71
201,186,72
196,190,71
199,200,70
196,199,71
199,182,71
200,196,69
196,188,71
197,198,72
198,194,73
200,201,72
202,193,71
201,189,70
196,197,70
202,197,71
202,192,73
196,191,71
198,188,73
202,198,73
197,182,70
196,192,69
201,186,71
196,187,71
196,186,69
201,199,70
198,183,72
202,190,72
200,189,69
197,195,72
199,185,69
202,192,71
196,194,70
202,200,72
200,201,71
200,197,69
196,192,71
202,198,71
198,195,73
196,197,71
200,183,71
199,199,69
199,199,73
196,184,70
197,185,72
201,201,73
201,187,73
202,191,73
196,186,71
202,199,73
197,197,69
197,183,69
197,200,71
196,193,69
198,187,73
195,198,71
196,185,69
201,188,70
199,185,73
198,183,69
197,182,71
200,193,74
202,191,71
199,182,70
201,194,74
200,184,70
200,194,74
199,200,73
200,188,69
200,192,74
201,195,74
197,198,69
201,193,74
198,191,68
196,199,70
196,193,71
202,199,71
200,185,73
198,190,68
197,200,72
200,183,72
195,198,70
198,181,70
202,189,72
196,199,72
198,192,68
201,200,70
197,190,68
200,195,74
201,185,72
200,198,69
201,196,74
197,189,68
197,196,72
198,200,70
200,191,74
197,191,68
201,192,74
198,196,73
196,185,71
196,195,70
198,189,68
202,201,72
199,201,72
202,190,73
196,198,72
198,193,68
195,197,70
202,200,73
197,188,68
196,194,69
197,192,68
199,184,69
196,183,70
201,185,71
202,190,71
198,186,73
200,196,74
197,184,72
197,181,70
196,184,69
195,199,71
201,197,74
200,190,74
201,191,74
198,188,68
198,182,72
198,199,69
200,187,69
198,194,68
202,200,71
196,194,71
201,187,70
198,199,73
199,201,71
197,187,68
200,201,73
201,186,73
197,193,68
196,197,69
197,182,69
195,197,71
196,184,71
200,199,69
199,184,73
200,197,74
202,188,72
201,201,70
198,197,73
201,198,74
198,182,69
198,187,68
202,189,73
201,190,74
200,189,74
197,181,71
197,197,72
198,200,73
202,201,73
196,198,69
198,195,68
202,202,72
196,196,70
202,189,71
196,195,69
200,183,70
197,186,68
196,200,71
197,194,68
196,183,69
200,184,73
198,185,73
194,198,71
196,182,70
199,192,68
199,192,74
202,201,71
199,191,68
197,183,72
199,193,74
201,184,72
196,195,71
195,199,70
197,200,70
199,193,68
202,195,74
199,191,74
200,186,69
196,200,72
199,183,69
194,198,70
202,194,74
202,196,74
195,199,72
200,198,74
198,201,72
199,190,68
198,186,68
201,199,74
199,194,74
195,198,72
201,186,70
194,197,70
199,194,68
201,184,71
201,189,74
196,189,68
199,190,74
200,188,74
196,183,71
202,193,74
202,197,74
198,196,68
196,190,68
196,188,68
197,185,68
200,200,69
197,199,69
197,195,68
197,199,73
199,201,73
201,185,73
202,188,73
198,198,73
199,189,68
202,187,72
195,197,69
197,181,69
199,195,74
200,201,70
198,201,71
196,191,68
196,187,68
202,188,71
202,202,73
