162,184,179
163,185,180
161,183,178
161,184,179
163,184,179
162,185,180
162,183,178
164,185,180
160,183,178
162,184,178
162,184,180
161,184,178
164,186,181
160,182,177
163,184,180
162,185,179
163,185,179
163,185,181
161,183,179
161,183,177
162,183,179
163,186,181
161,182,177
160,183,177
164,185,181
161,184,180
165,186,181
163,186,180
159,182,177
161,182,178
162,185,181
164,186,180
164,186,182
160,182,178
160,182,176
163,184,178
160,184,179
161,185,180
160,183,179
160,184,178
164,184,179
161,185,179
162,183,177
163,183,178
164,184,180
159,182,176
163,183,179
165,187,182
159,181,176
165,186,182
164,185,179
164,187,182
160,181,176
163,186,182
159,183,178
165,185,180
162,186,181
159,183,177
162,186,180
165,185,181
162,182,177
161,182,176
162,182,178
164,187,181
159,182,178
160,181,177
166,187,182
161,184,177
158,181,176
165,187,181
165,187,183
159,181,177
159,181,175
165,186,180
162,185,178
160,183,176
160,184,180
161,185,181
166,186,181
158,182,177
163,187,182
158,181,175
166,186,182
158,182,176
163,184,181
166,187,183
164,187,183
162,184,177
162,184,181
163,187,181
160,184,177
161,185,178
161,181,176
162,183,180
161,181,177
163,186,179
163,185,178
163,185,182
161,183,176
161,183,180
160,181,175
164,185,182
159,183,179
166,188,183
158,180,175
162,186,182
165,188,183
159,180,175
160,185,179
159,183,176
164,184,178
162,186,179
163,183,177
159,184,178
164,183,179
159,182,175
165,184,180
158,181,177
161,182,179
160,185,180
164,184,181
165,188,182
166,187,181
161,186,180
159,184,179
163,183,180
161,184,181
159,180,176
164,186,179
164,186,183
160,182,179
160,182,175
165,185,179
162,185,182
164,183,178
163,182,178
165,184,179
162,182,176
161,186,181
165,186,183
166,185,181
166,188,184
166,188,182
158,183,177
158,180,176
158,180,174
167,188,183
167,187,182
165,185,182
160,183,180
158,182,178
164,187,180
157,180,175
163,187,183
167,187,183
157,181,176
162,182,179
164,188,183
157,181,175
164,188,182
158,183,178
163,182,177
158,182,175
163,187,180
160,180,175
165,188,184
160,185,178
166,185,180
160,180,176
163,186,183
163,184,177
162,187,181
159,184,177
157,180,174
167,188,184
160,181,178
159,180,174
162,183,176
166,186,180
162,187,182
161,186,179
162,181,177
158,181,174
164,185,178
161,181,175
159,182,179
165,187,180
165,187,184
159,181,178
159,181,174
166,186,183
167,186,182
157,182,176
158,183,176
160,185,181
161,181,178
162,181,176
166,187,184
161,182,175
159,184,180
166,189,184
157,180,176
158,179,174
167,189,184
157,179,174
164,183,180
157,182,177
165,184,181
167,186,181
167,188,182
161,186,182
160,184,181
161,185,182
157,181,177
164,187,184
164,188,184
162,187,180
165,186,179
165,188,181
166,189,183
157,181,174
163,182,179
164,188,181
158,179,175
163,188,182
160,184,176
161,185,177
158,183,179
161,184,176
166,185,182
168,188,183
159,183,180
168,188,184
162,186,183
162,185,177
167,187,181
156,180,175
163,188,183
165,189,184
156,180,174
161,180,176
167,189,185
167,189,183
159,180,177
157,179,173
157,179,175
165,189,183
158,181,178
157,182,175
159,185,179
160,183,175
168,189,184
159,179,174
159,183,175
167,187,184
160,181,174
162,186,178
162,187,183
160,180,174
165,183,179
159,179,175
156,179,174
166,189,185
168,187,183
160,186,180
158,184,178
166,184,180
161,180,175
157,180,173
164,183,177
163,186,178
166,188,185
166,188,181
158,180,177
158,180,173
160,180,177
165,184,178
158,179,173
162,181,178
156,181,175
164,182,178
159,185,180
168,189,185
156,179,173
160,185,177
168,187,182
167,186,183
163,188,181
156,181,176
158,182,179
166,187,180
157,182,178
159,185,178
160,186,181
159,184,176
167,188,185
163,187,184
158,184,179
163,182,176
159,182,174
167,185,181
163,184,182
165,188,185
162,184,176
162,184,182
166,185,179
161,187,181
160,186,179
161,186,178
158,184,177
157,183,177
162,183,181
158,182,174
163,187,179
163,185,177
163,185,183
161,183,175
161,183,181
165,183,178
164,185,183
164,184,177
156,180,176
163,183,176
165,189,185
156,179,175
166,184,179
163,181,177
158,183,175
164,189,183
156,180,173
168,189,183
161,187,182
163,188,184
164,187,179
166,189,182
165,189,182
157,183,178
167,190,185
164,182,177
157,178,173
156,181,174
161,182,180
165,185,178
161,187,180
164,189,184
168,188,182
159,180,173
165,183,180
168,190,185
164,184,182
162,181,175
156,178,173
163,183,181
157,183,176
160,179,175
162,182,175
157,180,177
166,184,181
161,180,177
161,184,182
162,187,179
160,185,182
164,186,184
164,186,178
160,182,174
160,182,180
168,186,182
167,185,180
167,186,180
162,185,183
159,184,181
168,188,185
167,190,184
158,179,176
169,189,184
165,186,184
164,182,179
159,179,173
157,178,174
169,189,185
168,187,184
169,188,184
165,185,183
162,188,182
158,181,173
157,181,178
160,183,181
160,179,174
161,186,183
164,188,185
156,182,176
155,179,174
162,182,180
159,185,181
156,181,177
166,190,185
155,179,173
159,179,176
167,185,182
166,190,184
163,181,176
157,182,174
158,178,173
160,186,182
167,188,181
157,181,173
158,184,180
164,189,182
155,180,174
167,189,186
167,189,182
164,188,180
169,188,183
166,186,179
163,186,184
157,179,172
157,179,176
168,190,186
168,190,184
158,183,180
158,178,174
156,178,172
156,178,174
156,179,172
162,180,176
162,188,183
167,190,186
159,185,177
160,181,179
156,182,177
169,190,185
161,181,174
155,180,175
163,181,178
162,188,181
155,178,173
166,189,186
160,186,178
157,178,172
168,186,181
158,184,176
156,182,175
168,189,186
159,182,180
166,186,184
165,188,180
162,187,184
165,187,185
165,187,179
159,181,179
159,181,173
161,180,174
163,188,180
161,187,183
161,181,179
164,189,185
157,183,179
169,190,186
166,187,185
164,183,181
155,178,172
168,187,181
165,184,182
169,187,183
168,186,183
163,184,176
160,184,182
161,185,183
162,183,175
155,180,173
164,187,185
155,179,175
161,187,179
157,182,179
160,179,176
162,180,175
166,190,186
157,183,175
158,179,172
165,190,184
163,182,180
164,185,177
163,189,183
155,179,172
158,185,179
166,185,183
166,190,183
167,187,180
157,180,172
159,186,180
165,190,185
155,181,175
169,189,183
167,190,183
156,181,173
169,188,185
160,184,175
156,179,176
161,185,176
159,183,181
155,178,174
159,178,174
156,180,177
162,186,184
166,183,179
165,189,186
169,190,184
162,180,177
161,182,174
160,180,173
159,180,178
157,184,178
169,189,186
158,185,178
167,184,180
158,181,179
163,189,184
159,186,179
155,180,176
163,188,185
161,179,175
162,188,184
160,185,176
167,187,185
165,182,178
156,180,172
165,189,181
155,181,176
158,178,172
169,187,182
156,182,178
159,178,173
157,178,175
170,189,185
160,187,181
159,184,175
159,183,174
168,191,186
162,186,177
163,189,182
156,177,172
158,185,180
165,186,178
162,181,179
159,186,181
157,184,177
155,181,174
160,180,178
168,189,182
166,188,186
166,188,180
158,180,178
158,180,172
161,186,177
158,178,175
170,190,185
169,191,186
165,190,183
155,177,172
162,188,180
161,184,175
165,183,177
167,186,184
170,190,186
160,179,173
170,189,184
160,187,180
168,185,181
156,182,174
169,187,184
164,189,181
166,184,178
162,185,176
168,191,185
157,184,179
158,182,180
163,187,185
156,177,173
167,188,186
166,189,181
154,179,173
158,183,174
154,178,173
168,190,187
168,190,183
164,181,177
166,183,180
156,183,177
156,178,171
156,178,175
160,183,174
167,191,186
165,188,186
164,182,176
154,178,172
156,181,178
159,185,182
160,187,182
167,191,185
169,188,182
