158,152,74
158,151,74
158,153,74
158,150,74
158,154,74
159,153,74
157,151,74
159,153,75
157,151,73
159,152,74
157,152,74
159,154,74
157,150,74
159,152,75
159,154,75
157,150,73
157,152,73
158,149,74
158,155,74
159,151,74
157,153,74
158,152,73
158,152,75
159,155,74
157,149,74
159,151,75
159,155,75
157,149,73
157,153,73
158,151,73
158,153,75
158,153,73
158,151,75
158,150,73
158,154,75
158,154,73
159,150,74
158,150,75
157,154,74
159,156,74
160,154,75
156,150,73
159,150,75
159,156,75
157,148,73
157,154,73
157,148,74
158,148,74
158,156,74
160,153,75
156,151,73
160,155,75
156,149,73
158,149,73
158,155,75
160,152,75
158,155,73
156,152,73
158,149,75
160,156,75
156,148,73
159,149,74
157,155,74
159,157,74
159,149,75
159,157,75
157,155,73
157,147,73
157,147,74
160,151,75
160,154,74
156,153,73
156,150,74
160,157,75
158,147,74
158,157,74
160,153,74
158,148,73
156,147,73
156,151,74
160,155,74
159,153,73
158,156,75
157,151,75
156,149,74
159,152,73
158,156,73
159,154,73
160,154,76
157,152,75
158,148,75
156,150,72
159,153,76
157,150,75
160,152,74
160,153,76
160,155,76
157,151,72
159,154,76
156,152,74
156,149,72
156,151,72
159,152,76
160,156,74
159,151,73
157,150,72
157,152,72
156,148,74
157,153,75
159,148,74
159,155,73
160,150,75
160,152,76
160,156,76
157,149,75
157,156,74
159,158,74
159,155,76
156,148,72
156,152,72
156,154,73
157,149,72
159,148,75
159,158,75
157,146,73
157,156,73
160,158,75
159,151,76
160,151,74
157,153,72
157,146,74
156,146,73
156,153,74
159,150,73
160,157,74
158,147,73
157,154,75
159,156,73
158,157,75
156,147,74
158,157,73
160,151,76
160,157,76
158,158,74
159,156,76
156,153,72
156,147,72
157,148,72
157,148,75
158,147,75
161,155,75
155,149,73
159,150,76
157,154,72
161,154,75
155,150,73
161,156,75
155,148,73
160,150,74
161,155,76
155,149,72
160,149,75
161,154,76
161,156,76
159,149,73
155,150,72
161,153,75
155,148,72
156,154,74
155,151,73
156,155,73
160,158,74
158,152,72
158,152,76
160,159,75
161,157,75
158,151,72
158,153,76
155,147,73
157,155,75
159,157,73
158,153,72
156,145,73
158,151,76
159,159,74
157,157,74
161,153,76
155,151,72
159,159,75
156,146,74
161,157,76
157,157,73
160,150,76
160,158,76
157,147,72
159,157,76
155,147,72
156,154,72
156,146,72
158,150,72
157,147,75
157,155,72
158,154,76
159,149,76
161,152,75
158,154,72
155,152,73
158,150,76
158,158,75
158,158,73
161,158,75
160,149,74
161,152,76
155,146,73
155,152,72
161,158,76
159,148,73
158,149,72
155,146,72
157,158,74
158,155,76
156,155,74
160,159,74
158,155,72
159,158,73
157,156,75
161,151,75
158,149,76
160,160,75
156,156,73
157,146,72
160,149,76
160,159,76
159,158,76
156,155,72
156,145,72
155,153,73
160,154,73
161,159,75
157,156,72
160,153,73
161,151,76
159,148,76
160,155,73
161,155,74
155,153,72
161,159,76
156,150,75
158,148,72
155,145,73
158,159,74
161,154,74
156,157,74
156,151,75
158,159,75
160,152,73
156,157,73
155,145,72
161,156,74
155,149,74
158,156,76
156,149,75
155,150,74
158,156,72
160,156,73
161,153,74
155,148,74
160,154,77
156,152,75
158,148,76
160,155,77
157,158,73
160,153,77
161,157,74
161,150,75
157,158,75
155,151,74
156,148,75
156,150,71
160,151,73
161,155,77
160,160,74
156,156,74
156,149,71
161,154,77
161,156,77
156,151,71
155,147,74
159,159,73
155,154,73
160,156,77
161,152,74
161,160,75
155,149,71
157,157,75
160,152,77
161,150,76
160,157,73
162,156,76
154,148,72
160,160,76
155,148,71
155,150,71
156,153,75
158,147,72
162,155,76
156,156,72
154,149,72
159,159,76
156,148,71
161,160,76
155,154,72
162,157,76
156,158,74
154,147,72
157,157,72
161,153,77
161,157,77
161,158,74
156,152,71
155,152,74
159,160,75
155,156,73
159,153,72
155,144,72
158,157,76
159,152,72
156,147,75
158,157,72
162,154,76
155,147,71
155,151,71
160,150,73
154,150,72
159,154,72
160,157,77
157,151,76
162,158,76
155,146,74
157,152,76
154,146,72
160,151,77
161,151,74
159,151,72
157,150,76
159,153,77
156,147,71
159,154,77
161,152,77
161,158,77
156,153,71
160,158,73
159,152,77
159,155,72
157,159,74
162,156,75
157,151,71
157,153,76
156,154,75
162,153,76
162,155,75
155,157,74
157,150,71
154,148,73
157,159,75
155,157,73
155,146,71
155,152,71
161,159,74
157,152,71
154,151,72
162,157,75
154,149,73
155,153,74
159,155,77
157,149,76
162,159,76
154,147,73
159,150,72
161,161,75
162,154,75
155,155,73
159,160,74
154,145,72
159,151,77
157,149,71
160,158,77
156,158,73
156,146,75
154,150,73
155,156,74
160,149,73
158,159,73
157,153,71
162,158,75
156,158,75
161,161,76
159,156,72
162,156,77
160,150,77
155,155,72
157,154,76
155,145,74
156,146,71
156,157,75
162,155,77
159,160,76
161,150,74
162,157,77
154,146,73
161,151,77
161,159,77
154,148,71
156,154,71
155,156,72
158,159,76
158,158,76
158,158,72
162,152,76
159,156,77
156,157,72
154,149,71
162,153,75
154,147,71
157,148,71
157,148,76
155,145,71
155,153,71
160,159,73
154,152,72
162,154,77
159,149,72
159,150,77
162,158,77
154,151,73
162,160,76
158,160,75
157,154,71
156,155,75
162,159,75
161,160,74
154,150,71
154,156,73
154,146,71
155,154,74
154,144,72
155,158,74
159,157,72
154,145,73
157,155,76
160,159,77
162,153,77
162,152,75
156,145,71
159,157,77
162,159,77
157,147,71
160,149,77
154,151,71
161,150,77
161,160,77
162,151,76
156,155,71
160,161,75
154,145,71
157,147,76
154,152,73
154,155,73
159,149,77
157,155,71
162,160,75
159,148,72
156,159,74
155,144,71
155,154,71
154,153,72
160,161,76
158,160,74
156,159,75
154,157,74
154,157,73
162,161,76
154,155,72
157,159,73
160,160,73
157,158,72
154,156,74
154,144,73
162,152,77
157,158,76
159,158,72
161,161,74
155,158,73
156,156,75
158,160,76
155,157,75
162,160,77
162,151,75
157,156,76
154,156,72
158,152,71
158,152,77
155,157,72
155,158,75
157,159,76
154,152,71
161,155,73
155,155,74
158,151,71
158,153,77
161,154,73
157,146,71
158,153,71
159,158,77
154,144,71
158,151,77
161,156,73
160,160,77
161,153,73
158,150,71
158,154,77
157,156,71
162,161,75
154,153,73
157,160,75
156,156,71
161,161,77
158,154,71
155,149,75
162,156,74
161,157,73
158,150,77
155,150,75
162,155,74
153,156,73
162,157,74
155,155,71
155,148,75
162,151,77
161,152,73
162,162,76
154,154,72
158,149,71
163,157,76
153,147,72
162,154,74
163,156,76
155,151,75
153,148,72
162,161,77
158,155,77
154,158,74
159,161,75
163,158,76
154,148,74
153,146,72
154,149,74
154,153,71
159,159,72
161,155,78
158,155,71
162,158,74
160,154,72
159,160,73
160,153,72
153,155,73
161,158,73
163,155,76
163,157,77
154,147,74
161,156,78
155,147,75
159,161,76
161,154,78
153,149,72
153,147,71
154,143,71
163,156,77
158,149,77
157,157,76
160,155,72
160,161,74
163,158,77
153,148,71
162,153,74
153,155,72
154,150,74
163,159,76
153,146,71
160,152,72
156,158,72
157,160,74
153,145,72
155,156,75
159,159,77
161,151,73
155,152,75
158,148,71
161,157,78
163,155,77
