76,141,176
76,142,176
76,140,176
76,139,176
76,142,177
76,140,175
76,141,177
76,141,175
76,138,176
77,142,177
75,140,175
76,143,177
76,139,175
77,143,177
77,141,177
75,141,175
75,139,175
76,140,177
75,141,176
77,141,176
75,140,176
77,142,176
77,140,177
75,138,175
76,138,175
75,142,176
77,140,176
75,139,176
76,139,177
76,137,176
77,139,176
77,139,177
75,137,175
75,138,176
76,137,175
76,138,177
77,143,178
75,139,174
77,142,178
75,140,174
77,138,176
77,144,178
75,138,174
75,137,176
76,136,176
77,141,178
77,138,177
75,136,175
76,136,175
75,137,174
76,137,177
75,141,177
77,140,178
75,142,177
77,141,175
77,140,175
76,142,178
75,140,177
77,137,176
76,143,178
76,140,174
77,142,175
76,139,174
76,141,178
77,139,175
76,141,174
75,136,176
75,136,174
78,142,177
76,138,174
75,139,177
78,143,177
77,137,177
75,135,175
74,140,175
74,139,175
77,139,178
78,141,177
76,140,178
76,135,176
74,141,175
78,143,178
76,135,175
74,138,175
77,138,175
74,139,174
78,144,178
78,142,178
74,140,174
74,138,174
76,137,174
76,136,177
78,140,177
75,138,177
78,141,178
77,136,176
76,139,178
74,137,175
74,137,174
75,135,174
75,135,176
77,138,178
77,137,175
78,139,177
77,136,177
76,136,174
75,134,175
78,140,178
74,136,174
74,140,176
78,142,176
75,137,177
74,141,176
78,141,176
74,136,175
74,139,176
78,143,176
76,138,178
76,134,175
76,134,176
78,140,176
77,143,179
75,139,173
76,135,177
77,144,179
75,138,173
75,134,174
74,138,176
77,142,179
77,136,175
75,140,173
77,135,176
78,139,178
78,138,177
74,135,174
77,137,178
75,137,173
76,135,174
78,139,176
75,134,176
78,144,179
74,135,175
78,143,179
77,141,179
74,138,173
75,136,177
74,139,173
74,137,176
78,145,179
76,137,178
74,137,173
78,142,179
77,135,177
75,133,175
75,136,173
78,138,176
77,140,179
74,136,173
75,142,178
78,138,178
78,141,179
75,141,178
74,134,174
75,143,178
76,133,175
78,137,177
77,140,174
77,135,175
75,133,174
76,133,176
74,136,176
77,141,174
77,139,174
76,134,174
76,134,177
75,135,173
75,140,178
77,136,178
74,134,175
77,134,176
75,135,177
74,135,173
77,138,174
78,140,179
77,139,179
76,143,179
76,136,178
75,133,176
78,137,176
76,142,179
76,144,179
75,139,178
76,139,173
76,140,173
76,138,173
76,141,179
78,137,178
77,134,177
77,137,174
75,132,175
74,135,176
74,141,177
74,133,174
75,134,173
79,143,178
74,140,177
79,144,178
76,137,173
74,142,177
78,136,177
78,141,175
74,134,173
79,142,178
78,142,175
78,140,175
75,138,178
77,134,175
73,139,174
78,139,179
73,138,174
76,140,179
74,139,177
75,132,174
76,133,174
74,133,175
77,138,179
73,140,174
76,132,175
73,137,174
78,139,175
79,141,178
77,135,178
76,136,173
75,134,177
78,136,176
77,136,174
76,132,176
76,133,177
79,143,177
74,138,177
79,142,177
76,135,178
79,144,179
77,133,176
79,144,177
73,139,175
73,136,174
76,139,179
79,145,179
79,143,179
73,140,175
79,141,177
74,134,176
73,138,175
75,137,178
75,133,173
73,138,173
78,138,175
75,132,176
74,133,173
79,140,178
73,139,173
73,137,173
78,136,178
79,142,179
74,132,174
78,138,179
76,135,173
73,137,175
74,137,177
73,136,173
78,135,177
79,140,177
77,137,179
73,135,174
78,144,180
74,138,172
78,145,180
74,137,172
77,133,177
75,131,175
77,135,174
78,143,180
74,139,172
77,133,175
79,141,179
76,138,179
74,132,175
78,146,180
78,137,175
74,136,172
76,132,174
78,135,176
79,139,178
75,131,174
73,136,175
73,135,173
77,144,180
78,142,180
75,136,178
75,138,172
75,133,177
77,143,180
77,145,180
79,139,177
77,134,178
75,139,172
75,137,172
74,136,177
76,134,178
76,131,175
74,132,173
74,135,172
76,134,173
73,134,174
75,132,173
74,133,176
77,142,180
79,140,179
78,137,179
76,132,177
75,136,172
78,141,180
76,131,176
73,134,173
78,135,178
77,132,176
73,135,175
74,131,174
77,136,179
76,137,179
78,136,175
77,134,174
77,141,180
75,131,176
79,138,178
74,134,172
79,138,177
73,140,176
79,142,176
75,135,172
78,134,177
73,139,176
79,143,176
73,141,176
79,141,176
79,145,180
74,135,177
79,144,180
75,135,178
78,140,180
79,139,179
73,133,174
74,131,175
73,138,176
78,134,176
79,146,180
73,137,172
77,132,175
73,138,172
76,133,173
79,140,176
77,140,180
75,143,179
77,132,177
79,143,180
75,130,175
75,142,179
73,133,173
76,131,174
73,134,175
73,136,172
75,144,179
74,131,173
73,139,172
75,141,179
75,130,174
75,132,177
75,134,172
74,133,172
75,131,173
74,132,176
78,136,179
73,137,176
77,139,173
79,142,180
77,140,173
77,133,178
76,133,178
73,135,172
78,135,175
76,136,179
79,139,176
79,137,178
79,137,177
75,140,179
77,138,173
74,142,178
74,141,178
77,133,174
78,139,180
77,135,179
76,130,175
74,143,178
77,139,180
74,140,178
78,134,178
79,138,179
74,130,174
76,131,177
74,134,177
73,136,176
77,137,173
79,141,180
73,134,172
73,132,174
78,140,174
78,141,174
73,132,173
77,131,176
76,130,176
75,139,179
75,134,178
73,133,175
74,139,178
78,139,174
76,144,180
79,138,176
76,143,180
75,133,172
75,130,176
76,132,173
78,133,177
74,132,172
76,145,180
76,142,180
76,138,172
76,139,172
78,133,176
74,130,175
77,136,173
78,138,174
74,130,173
76,137,172
74,138,178
78,138,180
73,133,172
77,131,175
73,135,176
79,140,180
77,138,180
78,134,175
76,141,180
79,136,177
76,135,179
75,138,179
78,135,179
76,130,174
79,136,178
74,131,176
75,130,173
77,131,177
75,129,175
75,131,177
76,136,172
79,137,179
75,129,174
79,137,176
80,144,179
78,137,174
77,132,174
80,145,179
76,132,178
74,133,177
77,132,178
76,140,180
73,131,173
73,131,174
80,143,179
75,132,172
77,134,179
80,144,178
77,135,173
73,132,175
80,143,178
74,137,178
80,145,178
74,131,172
78,133,178
80,142,178
75,133,178
76,135,172
73,132,172
74,129,174
80,142,179
79,139,180
72,138,173
73,134,176
75,137,179
72,137,173
78,145,181
74,137,171
76,131,173
76,129,175
72,138,174
78,144,181
72,139,174
72,139,173
74,138,171
78,146,181
74,136,171
77,137,180
72,136,173
78,137,180
78,136,174
76,130,177
72,137,174
73,141,177
73,140,177
76,139,180
80,141,178
78,143,181
73,142,177
77,130,176
79,135,177
78,132,177
74,135,171
73,139,177
80,141,179
79,136,176
78,133,175
76,129,176
79,141,175
76,134,179
72,136,174
74,136,178
79,142,175
78,132,176
75,129,176
72,135,173
77,134,173
74,129,173
79,135,178
74,129,175
76,134,172
80,145,180
79,140,175
79,145,181
79,136,179
79,146,181
78,134,179
78,142,181
80,146,180
80,144,180
73,138,177
73,137,171
73,136,171
79,144,181
75,131,172
80,140,178
74,130,176
74,134,171
73,130,173
77,130,175
75,129,173
73,138,171
79,147,181
74,132,177
73,131,175
75,136,179
73,131,172
72,135,174
73,130,174
79,138,180
80,143,180
73,135,171
73,133,176
76,129,174
79,139,175
77,131,174
76,138,180
72,134,173
74,130,172
79,143,181
78,135,174
80,140,179
72,137,172
75,130,177
80,143,177
72,138,172
72,136,172
77,133,179
80,144,177
73,137,177
80,142,177
77,130,177
77,145,181
75,128,175
76,131,178
78,141,181
