216,211,207
217,212,208
215,210,206
218,213,209
214,209,205
216,210,206
216,210,205
217,211,207
216,212,209
215,209,205
217,211,206
215,211,208
216,211,206
216,212,208
215,209,204
217,213,210
217,212,207
215,211,207
217,213,209
215,210,205
218,212,208
219,214,210
213,208,204
218,212,207
214,208,204
214,210,207
216,211,208
214,208,203
218,214,211
218,213,208
214,210,206
215,210,207
218,214,210
217,212,209
214,209,204
219,213,209
214,209,206
216,209,204
219,213,208
218,213,210
213,207,203
217,210,205
213,209,206
215,208,203
219,215,212
219,214,209
213,207,202
213,209,205
220,215,211
212,207,203
219,215,211
213,208,203
218,211,206
216,209,205
217,210,206
216,210,204
216,213,210
215,208,204
217,211,205
213,208,205
215,212,209
214,207,202
217,214,211
219,214,211
215,209,203
220,214,210
220,214,209
218,211,207
218,212,206
212,208,205
212,206,202
219,212,207
214,211,208
214,207,203
216,210,207
216,212,207
220,215,210
212,208,204
218,215,212
220,216,213
216,209,203
212,206,201
214,208,202
217,210,204
217,211,208
217,213,208
215,211,206
215,209,206
220,216,212
212,207,202
216,211,205
213,206,201
215,208,202
217,212,206
221,216,212
211,206,202
215,210,204
218,211,205
219,212,208
212,207,204
219,213,207
216,213,211
218,212,209
218,214,209
214,210,205
214,208,205
213,210,207
220,215,212
215,212,210
217,214,212
213,206,202
218,213,207
219,216,213
220,213,208
214,207,201
213,207,201
214,209,203
216,208,203
217,209,204
214,211,209
221,215,211
221,215,210
219,212,206
211,207,204
218,215,213
215,207,202
211,205,201
219,213,210
219,215,210
213,209,204
213,207,204
221,216,211
218,210,205
211,207,203
212,205,200
221,217,214
219,214,208
211,205,200
220,213,209
220,214,208
221,217,213
211,206,201
212,209,206
213,208,202
213,206,200
213,210,208
214,206,201
212,205,201
211,206,203
216,213,209
216,212,210
216,208,204
220,217,214
216,208,202
217,209,205
217,209,203
215,212,208
215,211,209
219,216,214
221,216,213
219,211,206
217,214,210
217,213,211
222,217,213
212,206,200
210,205,201
220,213,207
215,207,203
221,214,209
215,207,201
218,210,204
218,210,206
216,210,203
220,214,211
220,216,211
212,206,203
212,208,203
214,211,207
214,210,208
217,211,204
220,215,209
218,215,211
216,209,206
218,214,212
214,206,202
213,205,200
215,209,202
217,210,207
215,208,205
222,216,211
222,216,212
216,214,212
216,209,202
217,210,203
212,209,207
221,215,209
218,212,205
210,206,203
221,214,210
214,206,200
215,213,211
212,207,201
211,204,199
212,205,199
217,215,213
219,211,205
210,204,200
211,208,205
220,212,207
222,217,212
215,208,201
210,206,202
219,211,207
218,211,204
218,211,208
220,217,215
222,218,215
213,209,207
213,210,206
214,207,204
222,218,214
214,208,201
210,204,199
210,205,200
214,212,210
211,204,200
219,216,212
221,218,215
219,215,213
221,214,208
218,216,214
216,212,206
213,205,201
219,213,206
210,205,202
211,205,199
217,213,207
215,211,205
214,207,200
222,217,214
219,212,205
213,205,199
221,217,212
221,215,212
211,205,202
211,207,202
222,215,210
216,211,204
212,204,199
221,216,210
219,212,209
220,212,206
217,212,205
213,206,203
216,207,202
213,211,209
217,208,203
218,214,208
215,210,203
220,212,208
223,218,214
209,204,200
213,207,200
214,210,204
211,208,206
212,208,206
212,209,205
219,217,215
218,213,206
215,206,201
211,206,200
221,213,208
218,209,204
217,209,202
216,208,201
216,211,209
211,204,198
220,217,213
222,216,210
220,214,207
220,216,214
222,215,211
215,210,208
221,218,216
213,206,199
217,212,210
214,209,202
210,207,204
218,210,203
212,204,200
220,213,206
210,203,198
223,217,212
223,217,213
215,207,200
217,208,202
216,207,201
219,215,209
209,205,202
214,205,200
213,209,203
220,213,210
214,209,207
219,210,205
219,214,207
209,203,199
212,204,198
222,215,209
223,218,213
210,203,199
209,205,201
212,210,208
218,213,211
218,209,203
222,219,216
212,205,202
215,206,200
221,213,207
216,207,203
223,219,216
217,208,204
219,211,204
223,219,215
209,203,198
209,204,199
212,206,199
210,204,198
211,203,198
214,206,199
220,218,216
221,213,209
215,206,202
213,208,201
222,218,213
222,216,213
210,204,201
210,206,201
209,204,201
222,217,211
211,207,205
218,209,205
211,208,204
216,208,205
219,210,204
213,208,206
217,209,206
223,218,215
223,216,211
221,215,208
214,205,199
215,207,204
212,205,198
216,213,208
210,207,205
213,204,199
221,218,214
219,214,212
220,216,210
221,217,215
222,214,209
221,214,207
220,211,206
215,212,207
217,214,209
214,205,201
220,215,208
212,208,202
210,205,199
218,210,207
211,203,199
220,212,205
219,210,206
210,203,197
222,219,217
214,206,203
221,214,211
213,205,198
216,210,202
217,211,203
214,211,206
211,209,207
224,219,215
223,217,211
208,203,199
217,210,202
216,209,201
218,215,210
223,216,212
211,204,201
211,203,197
220,211,205
212,207,200
209,206,203
215,209,201
216,214,211
218,211,203
218,212,204
222,214,208
213,204,198
212,207,205
209,202,197
215,208,200
221,219,217
215,213,210
211,205,198
219,211,208
213,204,200
217,215,212
223,216,210
224,218,213
220,215,213
217,208,201
224,218,214
222,214,210
216,207,200
212,203,198
209,202,198
208,204,201
213,205,202
223,220,217
213,210,205
210,202,197
221,212,207
210,206,204
214,212,209
220,211,207
221,217,211
218,209,202
219,216,211
210,207,203
216,210,208
214,208,200
219,212,204
224,219,214
211,204,197
221,216,209
208,202,198
208,204,200
219,213,205
222,216,209
218,216,213
221,213,206
215,209,207
209,203,197
217,211,209
214,207,199
215,206,199
211,207,201
223,218,212
222,215,208
223,219,214
223,217,214
209,203,200
209,205,200
224,220,217
222,219,215
224,220,216
212,204,197
216,212,205
222,218,216
208,203,198
217,207,202
208,202,197
216,206,201
216,214,213
217,213,206
209,206,204
219,210,203
221,212,206
215,213,212
208,203,200
215,211,204
217,209,201
223,215,210
214,208,206
217,215,214
220,212,209
216,208,200
216,215,214
210,202,198
218,212,210
218,208,203
213,211,208
222,215,212
212,203,197
224,217,212
215,205,200
215,214,213
210,208,206
211,206,199
212,203,199
224,219,216
218,210,202
217,216,215
216,211,203
211,206,204
209,204,198
214,205,198
217,212,204
218,214,207
213,207,199
219,217,214
212,209,204
220,213,205
210,203,200
214,212,211
212,204,201
215,207,199
220,214,206
217,207,201
223,220,218
214,210,203
220,217,212
215,210,202
218,216,215
209,202,196
221,216,214
216,206,200
213,206,198
210,202,196
214,213,212
218,213,205
221,212,208
222,220,218
219,209,204
218,208,202
218,217,216
211,202,197
213,207,205
223,215,209
210,204,197
219,211,203
224,218,212
220,211,204
214,204,199
219,213,211
224,217,213
215,205,199
222,213,208
208,205,202
219,215,208
216,206,202
222,218,212
214,209,201
217,207,203
222,214,207
213,211,210
214,206,198
222,217,210
216,207,204
223,215,211
212,210,207
225,220,216
207,202,198
217,208,205
219,209,203
213,204,197
224,217,211
213,209,202
210,206,200
208,201,196
219,214,206
219,217,216
211,203,196
210,203,196
209,205,203
215,205,201
215,206,203
213,212,211
209,206,202
221,213,210
218,208,204
209,201,196
223,217,210
220,218,215
222,213,207
219,218,217
223,216,209
212,206,198
221,214,206
218,209,206
214,204,198
224,221,218
208,201,197
220,210,205
220,212,204
225,219,214
211,202,198
221,215,207
211,208,203
211,202,196
223,220,216
213,203,198
225,219,215
212,205,197
212,206,204
211,203,200
207,203,200
223,219,217
214,205,202
