186,165,199
187,166,200
185,164,198
185,165,199
187,165,199
186,164,199
186,166,199
185,164,199
187,166,199
187,165,200
185,165,198
186,166,200
188,166,200
184,164,198
186,164,198
186,165,200
186,165,198
187,167,200
185,163,198
184,163,198
188,167,200
188,167,201
184,163,197
187,164,199
185,166,199
188,166,201
188,165,200
184,164,197
187,166,201
184,165,198
185,164,197
184,164,199
187,167,201
189,167,201
183,163,197
185,163,197
185,165,200
188,166,199
186,163,198
184,165,199
188,165,199
186,167,200
187,165,198
186,164,200
185,163,199
186,166,198
187,167,199
183,163,198
188,168,201
184,162,197
187,164,200
185,166,200
189,166,200
183,164,198
187,164,198
186,163,199
189,166,201
189,168,201
189,167,200
183,162,197
185,166,198
186,167,199
183,164,197
187,165,201
186,166,201
185,164,200
184,163,199
185,165,197
188,168,200
184,162,198
186,164,197
188,165,201
187,166,198
188,167,199
189,168,202
183,162,196
189,167,202
185,162,198
184,165,197
183,163,196
187,168,200
185,162,197
188,167,202
188,164,199
184,163,196
187,168,201
186,167,201
190,167,201
182,163,197
186,163,197
189,165,200
186,165,201
188,164,200
182,162,197
187,163,199
183,162,198
188,168,202
190,168,202
182,162,196
184,162,196
184,166,199
190,168,201
186,165,197
189,168,200
183,165,198
187,163,198
183,164,199
184,166,198
185,167,199
190,167,202
184,165,200
182,163,196
188,166,202
185,167,200
189,165,201
184,164,196
189,169,202
189,169,201
189,166,199
190,166,201
183,161,196
186,162,198
187,167,202
183,161,197
190,169,202
189,166,202
182,163,198
184,164,200
182,161,196
188,165,198
183,163,199
185,163,196
183,164,196
188,169,201
184,161,197
186,163,200
183,165,199
189,165,199
183,165,197
182,164,197
186,168,200
186,167,198
190,167,200
187,166,202
185,166,201
185,162,199
187,168,199
185,163,200
184,166,200
190,166,200
182,164,198
188,164,198
182,161,197
188,166,198
189,167,199
186,162,197
185,165,201
187,164,201
185,164,196
190,169,201
187,167,198
187,168,202
191,168,202
184,161,196
181,162,196
185,162,196
184,162,199
187,163,200
182,162,198
188,169,202
185,166,197
187,164,197
188,168,199
186,168,201
186,164,201
190,168,203
182,162,195
186,162,199
189,168,203
181,161,196
190,169,203
185,167,198
182,161,195
183,162,195
190,166,202
191,169,202
189,164,200
188,164,201
181,162,197
186,166,197
188,163,199
186,168,199
188,169,200
187,165,197
190,168,200
185,161,197
184,161,198
191,167,202
182,164,196
185,167,201
191,167,201
181,163,197
187,163,197
191,168,201
189,169,203
191,169,203
184,166,197
187,169,201
181,161,195
183,161,195
189,164,199
184,163,200
183,161,198
189,169,200
189,167,203
181,163,196
188,165,202
191,168,203
190,165,200
183,163,195
190,165,201
190,170,202
183,162,199
181,162,195
185,161,198
187,162,198
186,167,202
186,166,202
184,165,196
190,167,203
182,160,196
187,169,200
187,165,202
185,164,201
182,163,195
188,168,203
183,166,198
184,167,199
189,170,202
188,163,200
188,163,198
181,161,197
183,160,196
184,162,195
189,165,202
183,166,199
190,170,203
188,167,198
186,163,196
185,165,196
187,162,199
188,167,203
182,164,199
183,164,200
182,160,195
191,170,203
182,165,198
182,163,199
189,168,199
185,161,196
181,160,195
183,165,200
189,164,201
186,164,196
191,166,201
191,169,201
184,163,195
191,170,202
181,160,196
183,165,196
189,170,201
187,169,202
182,165,197
185,168,200
184,167,200
182,161,198
187,166,197
181,163,198
183,160,197
184,167,198
180,161,196
188,169,203
192,169,203
184,165,201
180,161,195
184,161,195
191,167,203
191,166,202
190,170,201
190,166,199
186,165,202
181,162,198
185,168,199
186,168,202
192,168,202
180,162,196
186,162,196
189,170,203
183,160,195
182,160,197
181,164,197
186,161,198
190,169,200
186,161,197
189,165,198
187,162,197
184,166,201
192,169,202
184,160,196
188,170,201
184,160,197
181,163,195
189,166,203
183,166,197
192,168,203
188,170,202
180,160,195
183,163,200
192,170,203
191,167,200
190,165,202
182,165,199
190,165,199
189,166,198
190,167,199
185,162,200
186,162,200
183,164,195
191,169,204
181,161,194
188,166,203
182,162,199
180,162,195
190,169,204
182,161,194
187,167,203
187,168,198
186,163,201
185,168,201
186,168,198
187,163,201
186,165,196
186,169,200
183,166,200
191,166,200
181,164,198
189,164,198
184,164,201
191,170,204
190,164,200
190,166,203
181,164,196
192,167,202
181,160,194
187,168,203
186,169,201
180,162,197
189,163,199
188,164,197
184,164,195
184,161,199
185,161,199
180,160,196
188,169,199
187,169,199
186,167,197
185,167,197
188,165,197
189,163,200
185,166,202
191,168,200
190,168,204
181,160,197
182,162,194
191,171,203
185,162,195
184,162,200
182,164,195
190,170,204
192,170,204
187,162,200
180,161,197
185,163,195
180,160,194
182,160,194
188,162,199
192,169,204
191,168,204
192,170,202
182,165,196
191,165,201
180,161,194
185,163,201
181,162,194
180,163,196
181,159,195
190,171,203
181,161,198
191,170,201
190,164,201
188,163,201
188,162,198
192,168,201
187,164,202
185,167,202
190,171,202
188,164,202
185,160,197
189,169,204
183,161,199
187,166,203
182,159,195
189,168,204
184,167,201
192,167,201
180,163,197
188,163,197
186,161,199
184,160,195
183,161,194
192,167,203
189,167,198
185,165,202
188,168,198
189,170,200
186,161,196
188,170,200
188,170,203
182,159,196
190,164,199
183,162,194
185,168,198
191,171,202
185,166,196
192,171,203
190,168,199
183,160,198
184,166,196
184,160,198
185,160,196
191,165,200
180,159,195
191,166,203
189,169,199
191,171,204
187,170,201
187,161,198
187,167,197
187,169,203
193,169,203
181,159,196
179,161,195
185,161,195
179,160,195
186,169,199
192,171,204
186,164,202
187,163,196
184,167,197
189,171,202
188,166,197
181,159,194
187,164,196
192,169,201
189,164,202
192,168,204
182,164,200
180,159,194
182,166,198
183,167,199
181,163,199
189,163,198
183,159,196
186,169,202
185,164,195
193,170,203
191,165,202
179,161,196
190,167,204
192,166,202
189,170,204
193,170,204
180,163,195
183,162,200
179,160,194
183,160,194
187,170,202
182,160,198
191,169,200
183,159,195
180,162,194
185,160,198
188,162,200
189,171,203
183,167,198
187,161,197
182,163,194
192,166,201
193,168,203
181,164,199
189,167,204
184,163,201
186,167,203
184,168,199
193,169,204
183,165,201
180,160,197
182,166,199
190,171,204
189,163,201
182,165,200
182,163,200
181,165,197
190,170,200
188,165,203
184,168,200
189,165,203
182,159,194
180,162,198
181,164,195
182,161,199
186,166,196
191,167,204
187,170,200
181,165,198
188,168,204
179,160,196
187,161,199
183,166,196
183,163,194
193,169,202
181,162,199
180,159,196
185,168,202
193,168,202
179,162,196
187,162,196
179,161,194
182,166,197
193,171,204
180,163,198
187,165,196
190,171,201
179,159,194
189,171,201
183,164,201
183,167,200
192,171,202
188,169,204
179,162,195
186,166,203
184,165,195
179,159,195
188,162,197
183,165,195
181,163,194
186,168,203
186,160,197
182,159,197
183,159,197
185,169,200
184,159,196
185,164,202
187,165,203
184,162,194
183,166,201
193,171,203
192,170,205
180,160,193
190,165,203
190,164,202
184,161,194
191,170,205
180,164,197
181,160,193
190,163,200
188,167,204
191,166,199
180,161,198
192,170,201
188,171,202
186,163,195
191,172,203
189,162,199
181,160,198
190,165,198
193,170,202
184,166,202
192,166,203
191,169,205
189,168,198
192,171,205
193,167,202
193,168,204
185,160,195
180,164,196
181,161,193
185,169,201
192,172,204
180,159,193
