153,119,171
152,119,171
154,119,171
154,120,172
152,118,170
155,120,172
153,120,172
151,118,170
153,118,170
154,119,172
152,119,170
153,118,171
153,120,171
153,119,172
153,119,170
152,118,171
154,120,171
151,119,171
155,119,171
155,119,172
151,119,170
154,118,171
152,120,171
152,119,172
156,120,172
152,120,172
150,118,170
154,118,170
151,118,171
154,119,170
155,120,171
155,120,173
151,118,169
154,120,173
152,118,169
155,121,173
154,121,172
151,117,169
152,117,170
155,121,172
151,117,170
156,121,173
154,121,173
156,120,173
150,117,169
152,117,169
156,119,172
150,118,169
155,118,171
150,119,170
153,117,170
153,121,172
150,119,171
156,119,171
151,120,171
153,120,173
153,118,169
150,117,170
151,119,172
156,121,172
150,118,171
155,119,170
156,120,171
157,120,172
151,120,172
149,118,170
155,118,170
153,118,172
157,121,173
153,121,173
149,117,169
153,117,169
153,120,170
154,118,172
152,120,170
157,120,173
149,118,169
154,119,173
154,117,170
152,118,172
152,119,169
155,119,173
152,121,172
154,120,170
151,119,169
152,120,173
152,117,171
154,121,171
156,121,174
155,118,172
150,117,168
153,117,171
154,118,169
153,121,171
157,119,172
153,119,173
155,121,174
151,117,168
149,117,170
156,118,171
151,120,170
157,121,172
153,119,169
155,122,173
149,119,170
156,122,173
151,117,171
151,116,169
156,119,173
150,120,171
155,121,171
150,116,169
157,121,174
149,117,168
150,119,169
151,118,172
150,119,172
154,117,171
149,119,171
157,119,171
154,121,174
156,122,174
149,118,171
158,121,173
152,121,173
148,117,169
154,117,169
154,122,173
152,117,168
150,116,168
152,121,171
152,116,169
155,120,170
156,119,170
157,122,174
155,122,174
157,120,171
152,119,173
157,122,173
158,120,173
149,116,168
151,116,168
155,120,174
149,116,169
151,118,168
156,118,172
156,120,174
158,120,172
150,120,172
148,118,170
156,118,170
155,117,170
150,118,168
148,118,169
150,117,171
154,119,169
151,121,172
158,121,174
154,120,174
157,119,173
150,120,170
155,122,172
156,121,171
148,117,168
151,120,173
152,118,168
151,116,170
154,122,172
152,116,170
157,120,174
155,117,171
148,117,170
153,116,169
153,122,173
158,122,174
154,122,174
153,121,174
148,116,168
152,116,168
155,118,169
149,119,169
149,118,168
156,122,172
153,117,168
150,116,170
158,121,172
150,118,172
151,121,171
158,119,172
157,118,171
148,116,169
158,122,173
153,116,170
153,122,172
153,120,174
151,119,173
148,119,170
149,120,171
156,120,170
159,121,173
151,121,173
155,117,169
147,117,169
153,118,168
149,117,171
157,118,172
149,119,172
158,120,174
148,118,171
157,122,175
149,116,167
159,121,174
149,116,170
155,119,169
156,122,175
150,116,167
154,118,173
159,120,173
157,122,172
158,119,173
148,119,171
158,119,171
147,117,168
159,122,174
153,122,174
157,121,171
153,116,168
147,116,168
156,123,174
148,118,168
156,117,170
153,117,172
153,118,173
152,120,169
155,118,173
154,116,169
157,119,170
157,123,174
158,120,171
158,122,175
149,120,170
156,117,171
153,121,170
156,121,175
148,116,167
152,122,173
154,116,170
147,118,169
150,117,167
150,115,168
152,117,172
157,121,175
152,121,174
154,117,172
149,115,168
153,120,169
149,117,167
151,120,169
150,121,172
155,122,175
159,120,172
149,120,172
152,122,172
157,118,170
147,118,170
151,116,167
154,121,170
155,123,174
152,121,170
148,119,169
150,120,173
154,117,168
152,120,174
155,119,174
155,121,175
147,116,169
151,115,168
151,117,167
152,118,173
150,121,171
147,117,170
158,123,174
149,118,172
156,123,173
159,122,173
156,118,173
154,119,174
156,119,174
151,119,168
158,121,175
155,123,173
157,123,175
148,115,168
151,117,172
156,118,169
149,115,167
155,117,172
148,117,167
150,115,169
154,118,168
159,122,175
150,119,173
148,116,170
152,119,168
159,121,172
151,115,169
156,123,175
158,123,175
150,119,168
154,120,169
147,116,167
159,120,174
152,116,171
154,122,171
157,123,173
148,115,167
150,115,167
150,120,169
155,121,170
148,117,171
159,119,172
151,121,170
149,115,169
151,116,171
158,122,172
158,118,171
154,121,175
154,122,175
153,116,171
153,119,174
154,123,174
155,122,171
153,122,171
157,119,174
154,123,173
157,120,170
158,118,172
152,115,168
152,116,167
160,121,174
152,115,169
152,117,167
155,116,170
160,122,174
152,122,174
160,121,173
150,121,173
156,117,169
146,117,169
147,118,168
154,116,168
146,116,168
151,118,173
159,123,174
159,121,175
159,123,175
155,123,175
156,119,169
159,119,173
153,119,168
147,119,170
157,118,173
147,115,168
155,116,169
148,120,171
151,115,167
147,115,167
146,117,168
149,119,168
150,117,172
158,121,171
150,116,171
156,117,172
154,116,171
151,122,172
157,117,171
148,119,172
158,123,173
147,117,167
160,120,173
151,122,173
156,120,175
147,118,171
148,115,169
156,122,171
151,121,174
151,120,174
152,122,171
157,117,170
160,122,175
155,120,175
148,120,170
157,120,175
150,118,167
152,119,174
155,120,169
146,116,169
158,119,174
146,116,167
156,121,170
149,120,169
153,115,169
153,123,173
159,119,171
147,119,171
155,117,168
153,121,175
151,118,167
146,118,169
149,118,167
158,119,170
150,121,170
147,119,169
159,120,171
147,116,170
149,121,172
153,115,168
153,123,174
160,122,173
153,122,175
148,118,172
149,121,171
149,120,173
155,123,172
154,120,175
155,118,168
160,123,175
154,123,175
160,120,174
158,120,175
149,116,171
160,120,172
148,120,172
158,118,170
146,118,170
153,117,167
153,116,167
146,117,170
152,115,167
146,115,167
155,116,171
157,122,176
151,115,170
149,116,166
154,119,168
158,123,176
149,119,173
156,123,172
148,115,166
160,121,175
158,122,176
150,118,173
154,123,172
157,123,176
148,116,166
149,115,166
148,119,168
146,115,168
159,122,172
150,115,170
160,123,174
158,118,173
152,115,170
147,115,169
152,118,167
147,117,171
149,117,172
157,124,175
156,122,176
148,118,167
157,118,169
156,116,170
157,122,171
159,123,173
157,117,172
158,124,175
159,123,176
150,116,166
147,115,166
160,121,172
151,122,171
159,122,176
146,117,167
157,124,174
156,123,176
159,118,172
161,121,174
161,122,174
151,122,174
149,114,167
150,115,166
156,124,174
147,116,166
155,116,168
145,116,168
146,118,168
156,124,175
148,114,167
151,119,174
158,120,170
149,115,170
157,123,172
154,115,169
160,119,172
153,120,175
153,115,170
159,119,174
159,118,171
153,123,172
161,122,175
156,116,169
159,120,175
160,119,173
159,124,175
158,124,174
150,122,172
149,114,168
150,114,167
152,123,173
157,119,169
155,122,176
152,121,175
156,120,169
150,114,168
161,121,173
149,121,173
145,117,168
157,117,169
145,117,169
158,117,171
150,120,174
154,117,173
160,123,176
157,121,170
147,114,167
153,117,173
145,116,167
159,121,171
155,124,174
148,120,169
148,116,171
151,116,166
146,115,166
150,122,173
155,118,174
154,115,168
150,121,174
157,121,176
148,114,168
149,121,170
154,118,174
156,116,171
161,123,175
153,123,175
158,124,176
152,123,174
160,122,176
153,118,167
152,122,175
146,119,170
155,123,176
155,117,173
153,115,167
145,115,167
156,121,176
149,117,166
147,120,171
161,120,173
158,121,176
155,124,175
152,121,169
151,114,168
147,118,167
146,116,170
145,116,169
148,114,166
153,121,169
152,117,173
157,124,176
159,124,176
151,115,166
147,119,172
156,118,174
146,118,171
158,117,170
146,116,166
148,115,170
154,117,167
155,119,168
150,117,166
147,120,170
161,121,175
148,117,166
153,118,174
146,115,169
151,114,167
159,124,174
154,115,170
151,120,168
153,116,172
