204,95,41
204,94,41
204,93,41
204,92,41
205,95,41
204,91,41
203,94,41
205,94,41
203,93,41
205,93,41
203,92,41
204,94,40
204,95,42
204,93,40
204,90,41
204,94,42
205,92,41
204,92,40
205,96,42
203,91,41
203,94,40
204,93,42
205,95,42
203,93,40
205,94,42
203,92,40
204,91,40
205,91,41
204,89,41
204,92,42
203,90,41
205,93,42
203,91,40
204,90,40
205,90,41
204,91,42
205,92,42
203,90,40
205,94,40
203,89,41
203,95,42
204,88,41
203,94,42
205,93,40
204,89,40
203,93,42
205,91,42
205,92,40
203,89,40
205,89,41
204,90,42
203,92,42
205,91,40
203,88,41
204,88,40
202,94,41
206,95,41
204,87,41
202,93,41
206,94,41
205,90,42
203,88,40
206,96,42
203,91,42
202,93,40
204,89,42
202,92,41
206,95,42
205,88,41
205,90,40
206,93,41
202,92,40
206,94,42
202,91,41
202,91,40
203,87,41
206,92,41
204,87,40
203,90,42
206,93,42
205,89,42
203,87,40
205,89,40
202,90,40
204,86,41
202,90,41
204,88,42
206,91,41
205,87,41
206,92,42
205,97,43
205,96,43
202,89,40
203,89,42
203,93,39
205,88,40
205,95,43
204,86,40
203,92,39
203,86,41
202,89,41
204,96,43
204,93,39
205,88,42
203,86,40
204,95,43
206,90,41
204,92,39
206,91,42
203,91,39
205,94,43
204,94,43
204,91,39
204,87,42
202,88,40
204,85,41
203,90,39
205,86,41
205,93,43
206,95,40
204,93,43
203,88,42
202,88,41
206,94,40
205,87,40
202,95,42
204,90,39
206,89,41
202,94,42
206,90,42
206,93,40
203,89,39
204,85,40
202,93,42
205,87,42
203,85,41
205,92,43
203,85,40
204,92,43
206,92,40
202,87,40
204,89,39
202,92,42
206,97,43
206,96,43
204,86,42
202,87,41
203,88,39
206,91,40
202,93,39
203,87,42
202,92,39
206,88,41
206,89,42
206,95,43
205,86,40
205,91,43
204,84,41
205,85,41
204,91,43
202,91,42
202,91,39
204,88,39
205,94,39
206,94,43
205,93,39
202,86,40
203,96,43
206,90,40
202,90,39
203,95,43
204,84,40
205,92,39
205,86,42
203,87,39
203,84,40
203,84,41
202,90,42
203,94,43
206,93,43
204,90,43
205,90,43
205,91,39
202,86,41
202,89,39
204,87,39
206,88,42
206,87,41
201,93,40
207,96,42
203,93,43
203,86,42
206,89,40
201,92,40
204,85,42
207,95,42
205,85,40
205,90,39
207,96,41
201,94,41
206,92,43
207,95,41
201,91,40
201,93,41
202,89,42
205,84,41
207,94,42
203,86,39
202,85,40
202,88,39
203,92,43
204,83,41
207,94,41
201,92,41
204,89,43
201,90,40
205,89,43
207,93,42
205,89,39
207,93,41
204,86,39
204,83,40
205,85,42
206,88,40
201,91,41
203,83,40
202,85,41
206,91,43
206,87,42
203,91,43
203,83,41
206,86,41
202,87,39
201,89,40
202,88,42
207,92,41
207,92,42
201,90,41
203,85,42
203,85,39
205,84,40
205,88,39
204,84,42
202,84,40
204,88,43
205,88,43
207,91,41
203,90,43
206,87,40
204,85,39
201,88,40
206,90,43
205,83,41
201,89,41
207,91,42
202,86,39
204,82,41
202,87,42
205,87,39
202,84,41
206,86,42
204,82,40
205,84,42
206,85,41
203,82,40
207,90,41
203,84,39
207,97,43
201,87,40
207,96,43
203,89,43
203,82,41
201,88,41
201,93,39
201,92,39
207,90,42
203,84,42
205,83,40
206,89,43
206,86,40
204,87,43
207,95,43
201,91,39
202,83,40
202,85,39
205,87,43
204,84,39
204,83,42
201,90,39
205,86,39
207,94,43
207,89,41
206,94,39
202,86,42
207,95,40
206,93,39
205,82,41
201,86,40
207,94,40
201,87,41
201,89,39
205,97,44
207,89,42
203,88,43
201,94,42
206,85,42
206,92,39
202,83,41
207,93,43
202,95,43
205,96,44
207,93,40
206,84,41
203,83,39
204,81,41
201,93,42
203,93,38
203,92,38
202,94,43
206,88,43
205,83,42
203,81,40
204,81,40
205,95,44
203,91,38
206,91,39
206,85,40
202,84,39
207,92,40
201,88,39
201,92,42
204,86,43
202,93,43
207,88,41
204,83,39
205,85,39
203,90,38
205,86,43
205,82,40
207,92,43
203,83,42
205,94,44
203,81,41
202,82,40
206,90,39
204,93,38
204,97,44
201,85,40
201,91,42
201,86,41
207,91,40
204,92,38
204,96,44
202,92,43
202,85,42
207,88,42
203,89,38
204,91,38
204,95,44
206,98,44
201,87,39
203,87,43
206,97,44
204,82,42
205,93,44
206,96,44
204,90,38
207,91,43
206,89,39
201,90,42
204,94,44
206,87,43
203,82,39
207,90,40
202,91,43
206,84,42
202,92,38
203,88,38
206,95,44
207,87,41
205,81,41
202,82,41
202,83,39
202,91,38
206,83,41
206,84,40
205,84,39
205,92,44
204,89,38
202,90,38
204,93,44
201,86,39
204,85,43
206,94,44
204,82,39
204,80,41
201,85,41
205,82,42
201,84,40
203,80,40
204,80,40
205,85,43
206,88,39
207,87,42
201,89,42
203,87,38
207,89,40
202,90,43
202,89,38
207,90,43
202,81,40
205,81,40
203,82,42
202,84,42
204,88,38
203,86,43
204,92,44
206,93,44
203,80,41
205,91,44
202,88,38
208,97,42
200,93,40
207,86,41
208,96,42
200,92,40
206,86,43
201,85,39
202,82,39
203,86,38
206,87,39
208,95,42
201,88,42
203,81,39
200,91,40
204,81,42
207,88,40
202,89,43
204,87,38
205,83,39
206,83,40
206,83,42
206,92,44
204,91,44
207,89,43
206,82,41
208,94,42
201,84,41
202,81,41
202,87,38
200,90,40
201,83,40
207,86,42
205,80,41
204,84,43
205,93,38
205,90,44
204,81,39
205,92,38
208,96,41
205,84,43
200,93,41
208,95,41
208,93,42
203,85,43
200,89,40
203,96,44
205,91,38
200,92,41
203,85,38
204,86,38
205,81,42
202,83,42
203,79,40
201,84,39
208,94,41
206,86,39
201,87,42
204,79,40
203,95,44
207,87,40
202,88,43
206,91,44
204,79,41
202,80,40
202,86,38
207,85,41
205,80,40
204,90,44
200,91,41
205,90,38
203,81,42
203,94,44
208,93,41
208,92,42
206,85,43
207,98,44
207,97,44
207,88,43
200,88,40
202,81,39
205,82,39
203,79,41
205,89,44
207,96,44
200,90,41
203,80,39
205,89,38
206,82,40
201,83,41
203,93,44
208,98,43
208,97,43
208,92,41
201,82,40
201,92,38
204,85,38
207,85,42
201,91,38
207,95,44
200,92,39
208,96,43
203,84,38
206,82,42
202,85,38
206,90,44
208,91,42
200,91,39
204,80,42
206,85,39
206,81,41
201,86,42
201,90,38
207,86,40
202,87,43
201,83,39
202,80,41
204,89,44
200,87,40
200,89,41
208,95,43
204,80,39
204,83,43
205,88,38
200,90,39
203,92,44
207,94,44
208,91,41
203,84,43
201,89,38
205,83,43
205,79,41
207,84,41
208,94,43
202,82,42
200,89,39
207,87,43
205,88,44
208,90,42
207,94,39
201,88,38
200,88,41
204,84,38
202,79,40
205,80,42
206,84,43
203,78,40
202,84,38
207,93,44
205,87,38
207,93,39
203,91,44
204,78,40
205,79,40
206,89,44
200,86,40
203,83,38
202,80,39
208,90,41
205,81,39
208,93,43
200,88,39
204,78,41
203,80,42
207,92,39
206,84,39
201,82,41
204,88,44
207,85,40
201,85,42
206,81,40
201,81,40
207,84,42
202,86,43
203,79,39
201,95,43
201,87,38
201,82,39
201,94,43
207,91,39
