169,161,179
170,162,180
168,160,178
168,160,179
170,162,179
169,160,179
169,161,180
169,161,178
169,162,179
171,163,181
167,159,177
170,161,180
167,159,178
168,161,178
171,163,180
168,159,178
170,163,180
170,161,179
168,161,179
170,162,181
168,160,177
171,162,180
169,162,180
169,160,178
167,160,178
171,162,181
167,160,177
166,158,177
172,164,181
168,159,179
170,163,179
169,160,180
169,162,178
167,158,177
171,164,181
172,164,182
166,158,176
172,163,181
170,163,181
168,159,177
166,159,177
171,164,180
167,158,178
170,161,181
168,161,177
171,163,182
167,159,176
172,163,182
167,159,179
168,160,180
166,159,176
167,160,179
168,161,180
165,157,176
173,165,182
166,158,178
169,159,179
171,163,179
172,165,181
170,160,180
166,159,178
170,162,178
169,161,181
166,157,176
166,157,177
170,160,179
172,165,182
171,162,182
171,161,180
173,164,182
171,164,182
167,158,176
165,158,176
171,162,179
167,160,176
172,164,180
169,159,178
168,158,178
170,161,178
169,162,181
171,161,181
169,161,177
173,165,183
165,157,175
172,163,180
169,163,179
168,162,178
168,162,179
172,162,181
165,158,177
165,157,177
172,164,183
167,161,178
166,158,175
170,162,182
173,164,183
168,159,180
169,160,177
169,163,180
170,164,180
165,158,175
167,158,179
168,158,177
170,163,178
171,164,179
173,165,181
167,161,177
173,166,182
167,157,177
169,159,180
173,164,181
169,160,181
168,158,179
165,156,176
172,162,182
170,163,182
166,160,177
168,160,176
172,163,183
174,166,183
169,162,177
164,156,175
166,157,178
172,165,180
170,160,181
166,159,175
165,156,175
173,166,183
169,163,178
170,164,179
174,165,183
172,165,183
166,157,175
164,157,175
170,164,181
173,163,182
171,161,179
167,161,179
171,165,181
167,157,178
164,157,176
168,159,176
168,162,180
172,162,180
170,160,178
166,160,178
164,156,176
170,161,182
166,160,176
168,162,177
171,165,180
166,159,179
167,160,180
171,163,183
167,157,176
174,166,182
171,161,182
165,159,176
167,159,180
168,161,176
173,166,181
174,165,182
174,166,184
164,156,174
166,158,179
166,156,176
165,156,177
165,158,178
169,163,181
173,163,181
169,159,177
165,159,177
173,165,184
173,163,183
168,161,181
165,157,174
168,160,181
167,159,175
174,165,184
166,156,177
171,164,183
174,167,183
171,165,182
164,157,174
167,161,176
172,166,181
165,157,178
172,166,182
170,159,179
164,155,175
171,160,180
174,164,183
170,159,180
173,164,184
171,162,183
169,158,179
167,158,175
165,158,174
165,159,175
164,157,177
169,158,178
172,161,181
175,167,184
169,161,182
163,156,175
169,162,182
163,155,174
172,162,183
171,160,181
175,166,184
173,166,184
165,156,174
163,156,174
167,160,175
174,167,184
174,167,182
164,155,174
174,164,182
170,164,182
168,158,176
164,158,176
168,158,180
163,155,175
164,158,175
166,160,179
168,157,178
166,156,175
164,155,176
167,161,180
171,163,178
172,164,179
164,156,177
167,157,179
170,164,178
175,167,183
169,159,181
175,166,183
172,164,184
171,165,179
172,163,179
165,159,178
171,162,178
165,155,176
167,158,180
165,155,175
166,160,175
173,167,182
168,157,177
169,163,177
170,162,177
173,165,180
172,161,182
171,160,179
166,157,179
173,162,182
174,164,184
168,159,181
172,166,183
173,164,180
168,162,181
172,166,180
172,161,180
166,158,174
166,156,178
170,161,177
172,165,184
173,167,183
170,160,182
170,159,178
163,156,176
170,162,183
167,156,177
175,167,185
163,155,173
164,158,177
170,163,183
169,158,180
175,168,184
174,166,185
172,163,184
164,156,173
175,165,184
165,156,178
171,164,178
175,166,185
173,162,181
168,157,179
172,165,179
169,160,182
168,162,176
170,159,181
163,156,173
163,154,174
164,158,174
169,161,176
166,157,174
174,166,181
175,165,183
171,165,183
167,157,175
163,157,175
174,165,181
173,163,184
163,155,176
166,159,174
175,168,183
172,162,179
173,167,181
170,163,177
168,163,179
169,158,177
174,165,185
167,162,178
169,163,182
171,161,178
166,159,180
169,160,176
167,156,176
162,155,174
173,166,180
164,157,173
173,162,183
168,163,178
165,158,179
169,164,179
163,157,174
173,163,180
165,155,177
163,154,175
174,163,183
167,156,178
169,164,180
171,161,183
171,160,182
167,160,181
165,155,174
165,159,174
162,154,174
174,168,183
176,168,185
166,161,177
176,167,185
174,167,185
164,155,173
162,155,173
176,167,184
164,154,175
163,157,176
167,162,177
162,154,173
170,165,180
176,168,184
174,163,182
170,160,177
175,168,185
167,162,179
164,155,177
164,157,178
163,154,173
166,155,176
173,165,185
169,162,176
166,158,180
170,161,183
166,161,178
167,161,175
164,154,174
174,164,181
168,163,180
171,163,184
165,157,179
162,155,175
167,159,181
173,167,184
175,166,182
168,160,175
174,167,181
175,167,182
170,165,181
168,157,176
175,165,185
171,164,184
168,161,182
174,168,184
174,168,182
165,159,179
165,157,173
166,160,180
169,164,178
165,160,177
166,155,177
170,165,179
165,160,176
166,161,176
170,164,183
168,159,175
171,166,181
172,161,183
173,166,185
171,159,180
164,156,178
173,164,185
169,159,176
170,158,179
163,156,177
168,160,182
169,164,181
168,163,177
164,158,178
176,166,184
172,166,184
166,156,174
162,156,174
162,154,175
164,154,176
167,161,181
174,163,184
166,155,175
176,166,185
171,166,180
172,160,181
172,162,184
174,164,185
163,157,173
176,169,185
168,161,175
167,157,180
175,164,183
165,158,173
165,156,173
175,164,184
176,169,184
175,165,182
169,157,178
168,158,181
176,168,186
170,158,180
162,156,175
162,154,172
163,154,176
175,167,186
166,161,179
172,161,179
163,155,172
176,167,186
171,162,184
162,153,173
171,165,178
164,159,176
171,166,182
169,157,179
175,168,182
166,156,179
171,159,181
162,155,172
173,162,180
167,162,180
165,160,178
171,160,178
168,157,180
172,166,179
169,162,183
162,156,173
167,162,176
166,160,174
163,157,177
169,158,181
162,153,174
171,159,179
172,160,180
165,154,175
161,154,173
164,158,173
175,169,184
175,166,186
170,164,177
168,162,182
176,167,183
173,161,182
163,155,177
169,159,182
165,160,175
167,159,174
172,167,182
176,168,183
163,156,172
172,167,181
167,156,179
167,156,175
164,159,175
169,161,183
170,165,182
163,153,174
165,154,176
164,154,173
173,167,180
170,158,178
177,168,185
168,156,178
173,162,184
175,169,183
168,158,175
173,161,181
162,155,176
172,164,185
174,163,181
168,163,181
164,159,177
170,159,177
166,157,180
172,160,182
161,153,173
168,156,177
170,159,182
177,169,185
165,155,178
161,154,174
167,158,181
167,158,174
171,165,184
177,168,186
175,168,186
163,154,172
161,154,172
177,169,186
174,166,186
172,165,185
165,156,179
169,163,176
174,168,185
163,153,173
161,153,172
176,169,186
166,155,178
170,165,178
167,160,174
162,153,172
176,166,183
171,166,179
170,160,183
166,161,175
163,153,175
168,159,182
163,158,175
175,169,185
176,166,186
169,157,177
162,156,176
173,163,185
176,165,184
174,168,181
174,162,183
169,164,177
164,156,172
175,164,185
174,162,182
165,154,174
161,153,174
169,163,183
172,167,183
177,167,185
173,167,185
167,155,177
161,155,173
165,155,173
173,168,182
171,160,183
176,169,183
170,163,184
175,164,182
169,164,182
174,165,186
169,158,176
163,158,176
162,153,175
164,155,178
173,161,183
174,167,186
162,154,176
172,167,180
161,155,174
176,165,185
169,157,180
172,163,185
170,162,184
165,158,180
164,154,177
170,158,181
171,166,183
164,159,174
175,165,186
173,168,183
167,155,176
163,158,174
164,157,179
177,167,186
172,164,178
165,160,179
162,156,172
168,162,175
