165,75,175
170,75,175
160,75,175
160,70,170
165,70,170
175,75,175
155,70,170
170,70,170
155,75,175
160,75,170
165,75,170
165,70,175
170,70,175
175,75,170
150,70,170
160,70,175
155,75,170
170,75,170
170,70,165
175,70,175
170,75,180
175,75,180
155,70,175
165,75,180
150,75,175
180,75,180
150,75,170
170,75,165
175,70,170
175,75,165
155,70,165
160,70,165
145,70,170
160,75,180
170,70,160
150,70,165
165,70,165
180,75,175
150,70,175
170,80,180
175,80,180
165,80,175
170,80,175
165,80,180
175,70,165
180,80,180
145,75,170
145,75,175
170,75,160
145,70,165
160,80,175
155,75,180
175,80,175
165,70,160
175,75,160
140,70,170
180,75,170
160,80,180
170,70,155
160,65,170
145,70,175
180,80,175
165,65,170
155,80,175
155,65,165
175,80,170
160,65,165
155,65,170
170,70,180
175,70,180
170,65,170
150,65,165
140,70,165
175,70,160
165,70,180
165,70,155
165,65,165
150,75,180
180,70,180
150,65,170
140,75,170
155,80,180
160,75,165
155,75,165
170,75,155
140,75,175
160,70,180
180,80,170
170,65,165
180,75,165
145,65,165
165,75,165
150,80,175
165,65,160
175,80,165
150,75,165
135,70,170
180,70,175
140,70,175
175,80,185
180,80,185
145,65,170
170,80,185
155,70,180
175,75,185
185,80,185
165,80,170
180,75,185
160,80,170
135,70,165
165,75,160
170,65,160
165,70,150
145,75,180
140,65,165
170,75,185
150,80,180
145,75,165
165,65,175
170,65,175
180,70,170
165,80,185
185,75,185
165,65,155
170,80,170
160,65,175
155,80,170
180,80,165
185,80,180
165,75,185
175,65,175
135,75,170
145,80,175
155,70,160
150,65,160
155,65,160
150,70,160
175,80,160
150,70,180
140,65,170
155,65,175
185,75,180
135,75,175
170,80,165
145,65,160
160,70,160
160,80,185
160,65,160
145,70,160
175,65,170
135,70,175
165,75,155
150,80,170
130,70,170
170,65,155
160,75,185
135,65,165
140,75,165
180,70,165
185,80,175
150,65,175
165,65,150
145,80,180
170,85,180
140,75,180
175,85,180
185,75,175
130,70,165
140,65,160
160,65,155
160,70,155
140,70,160
145,70,180
175,65,165
165,85,180
180,85,180
135,65,170
155,80,185
170,80,160
155,75,185
145,80,170
140,80,175
175,85,185
180,85,185
145,65,175
185,80,170
165,75,150
130,75,170
160,85,180
170,85,185
180,85,175
135,65,160
185,75,170
130,65,165
185,85,185
160,65,150
135,75,165
160,70,150
130,75,175
175,65,160
130,70,175
135,70,160
165,85,185
125,70,170
150,75,185
140,70,180
185,85,180
140,80,180
150,80,185
175,70,185
170,85,175
180,70,185
165,85,175
135,75,180
170,70,185
140,65,175
170,80,155
155,85,180
125,70,165
130,65,170
180,85,170
140,80,170
185,70,185
175,85,175
160,85,175
165,70,185
130,65,160
155,60,165
160,60,165
160,65,145
160,85,185
180,80,190
170,65,180
185,80,190
175,65,180
150,60,165
185,85,175
165,65,180
135,80,175
160,70,145
175,80,190
185,70,180
165,60,165
125,65,165
130,70,160
190,80,190
180,65,180
175,85,170
160,70,185
155,85,175
130,75,165
160,65,180
145,75,185
145,60,165
170,80,190
155,75,160
125,75,170
150,60,160
150,85,180
150,75,160
155,60,160
165,60,160
145,80,185
135,65,175
180,85,165
135,70,180
180,65,175
190,80,185
185,70,175
125,70,175
160,60,170
165,60,170
145,60,160
160,80,165
155,85,185
160,75,160
155,80,165
155,65,180
160,60,160
155,60,170
125,75,175
150,65,155
145,65,155
155,70,185
145,75,160
165,80,190
135,80,180
170,60,170
140,60,165
125,65,170
185,85,170
180,85,190
165,80,165
185,85,190
175,85,165
130,75,180
120,70,170
135,80,170
125,65,160
155,65,155
180,75,190
150,60,170
150,80,165
140,65,155
175,85,190
140,60,160
150,85,175
185,75,190
180,65,170
165,60,155
175,75,190
190,80,180
190,85,190
160,60,155
120,70,165
160,75,155
170,60,165
185,70,170
190,75,190
150,65,180
170,85,190
170,75,190
140,75,160
165,80,160
160,80,190
125,70,160
140,75,185
155,65,150
145,60,170
150,70,185
190,85,185
135,65,155
135,60,165
120,65,165
145,85,180
130,80,175
135,60,160
145,80,165
190,75,185
130,65,175
150,85,185
180,65,165
140,80,185
160,60,150
165,75,190
170,60,160
125,75,165
130,70,180
190,80,175
165,60,150
165,85,190
175,85,160
145,65,180
160,75,150
150,70,155
145,70,155
145,85,175
140,60,170
190,85,180
190,75,180
155,65,145
120,70,175
155,80,190
165,80,155
155,70,155
120,75,170
135,75,160
120,65,170
130,65,155
120,65,160
160,75,190
145,70,185
140,70,155
130,60,160
130,80,180
130,60,165
130,80,170
170,60,155
140,80,165
145,60,155
150,60,155
165,85,170
120,75,175
125,75,180
160,85,190
160,85,170
160,60,145
165,60,175
170,60,175
140,60,155
155,60,155
115,70,170
135,75,185
160,60,175
175,90,185
155,70,150
180,90,185
170,85,170
190,75,175
140,65,180
145,85,185
190,85,175
135,60,170
155,85,170
175,60,175
140,85,180
125,65,175
115,70,165
120,70,160
135,70,155
170,90,185
185,90,185
155,60,175
155,75,190
115,65,165
135,60,155
155,65,140
150,80,190
135,80,185
155,60,150
175,60,170
125,70,180
170,85,165
125,65,155
140,85,175
140,70,185
125,60,160
125,80,175
150,60,175
165,90,185
130,75,160
175,90,180
185,90,180
170,90,180
155,85,190
150,85,170
125,60,165
120,75,165
155,70,145
135,80,165
180,90,180
165,90,180
175,60,165
130,60,155
180,90,190
130,70,155
130,60,170
185,90,190
135,65,180
115,65,160
155,60,145
150,75,190
115,65,170
175,65,185
145,60,175
180,65,185
115,70,175
175,90,190
170,65,185
190,90,190
160,90,185
180,70,190
170,85,160
185,90,175
185,70,190
180,90,175
175,70,190
185,65,185
130,75,185
125,80,180
125,80,170
160,90,180
165,65,185
115,75,170
140,85,185
145,80,190
190,70,190
120,75,180
145,85,170
120,65,175
170,90,190
170,70,190
175,60,160
185,80,195
135,85,180
190,90,185
150,85,190
135,70,185
185,65,180
115,75,175
190,80,195
120,65,155
185,85,195
120,60,160
180,80,195
160,65,185
190,85,195
140,60,175
190,70,185
180,85,195
115,70,160
125,60,155
110,70,170
195,80,195
120,60,165
165,70,190
155,60,140
130,80,185
135,85,175
195,85,195
175,80,195
125,75,160
180,90,170
120,70,180
145,75,190
110,70,165
110,65,165
125,60,170
155,90,185
165,90,190
175,85,195
155,90,180
125,70,155
185,65,175
185,90,170
130,65,180
130,80,165
155,65,185
195,80,190
190,90,180
190,70,180
195,85,190
170,80,195
160,70,190
120,80,175
170,85,195
145,65,150
140,85,170
140,65,150
135,60,175
115,75,165
140,80,190
195,80,185
185,65,170
110,65,160
110,65,170
150,65,150
150,65,185
195,85,185
160,90,190
145,85,190
190,70,175
165,80,195
125,75,185
120,60,155
130,70,185
135,85,185
135,65,150
180,90,165
155,70,190
190,90,175
170,90,175
115,60,160
170,60,180
110,70,175
165,90,175
150,90,180
115,65,175
145,60,150
140,60,150
175,60,180
165,60,180
165,85,195
115,65,155
140,75,190
150,90,185
155,80,160
150,55,160
150,80,160
155,55,160
115,60,165
175,90,175
120,80,180
120,80,170
180,60,180
150,60,150
120,60,170
150,65,145
195,80,180
130,85,180
160,60,180
150,75,155
145,55,160
135,60,150
185,75,195
160,90,175
155,55,165
115,75,180
125,65,180
160,80,160
