156,159,83
157,159,83
155,159,83
158,159,83
154,159,83
157,160,84
155,158,82
157,160,83
155,158,83
158,160,84
156,160,84
156,158,82
154,158,82
156,160,83
156,158,83
158,160,83
154,158,83
156,159,82
156,159,84
159,159,83
153,159,83
159,160,84
155,160,84
157,158,82
153,158,82
155,159,82
155,160,83
157,159,84
157,159,82
155,159,84
157,158,83
159,160,83
153,158,83
154,159,82
158,159,84
158,159,82
154,159,84
158,161,84
154,157,82
157,161,84
155,157,82
159,161,84
153,157,82
154,160,83
160,160,84
154,160,84
158,158,82
152,158,82
160,160,83
158,158,83
152,158,83
159,158,83
152,159,83
156,161,84
156,157,82
153,159,82
160,161,84
152,157,82
159,159,82
159,159,84
153,159,84
158,161,85
154,157,81
153,160,83
157,160,85
160,159,84
153,160,84
158,157,82
151,158,82
159,161,85
157,161,85
160,159,83
155,161,84
155,158,81
155,157,81
153,157,81
158,161,83
158,157,83
161,161,84
157,157,82
158,160,85
154,157,83
157,160,82
156,160,85
151,158,83
154,158,81
151,157,82
157,161,83
156,158,81
155,158,84
159,161,83
156,160,82
155,157,83
158,160,82
153,157,83
156,158,84
152,159,82
154,158,84
159,158,82
160,161,85
156,161,85
159,158,84
156,157,81
152,157,81
159,160,85
152,159,84
159,157,83
151,159,83
156,161,83
153,158,81
155,160,85
157,158,81
155,160,82
160,161,83
156,157,83
159,160,82
157,158,84
152,157,83
153,158,84
154,161,84
161,160,84
157,156,82
161,161,85
155,161,85
152,160,83
157,157,81
151,157,81
150,157,82
155,161,83
152,158,81
160,160,85
160,158,84
152,160,84
158,156,82
150,158,82
154,160,82
160,158,83
159,162,85
153,156,81
158,158,81
154,160,85
161,161,83
158,156,83
157,157,83
160,160,82
158,162,85
159,162,84
160,162,85
154,156,81
158,158,84
152,156,81
153,156,82
150,158,83
151,157,83
158,162,84
151,159,82
154,156,82
160,162,84
152,158,84
152,156,82
156,159,81
156,159,85
159,157,82
159,157,84
155,159,81
157,159,85
157,159,81
157,162,85
155,159,85
151,159,84
161,162,85
155,156,81
151,156,81
157,162,84
155,156,82
161,162,84
159,156,83
150,159,83
151,156,82
161,160,85
154,161,85
154,161,83
154,159,81
157,156,81
150,157,81
153,160,82
151,158,81
153,161,84
158,159,85
158,159,81
160,159,85
158,157,81
161,160,83
154,159,85
161,159,84
153,160,85
160,159,82
157,155,82
157,156,83
158,157,84
156,162,85
149,157,82
162,162,85
156,156,81
156,162,84
150,157,83
150,156,81
151,160,83
151,158,84
162,162,84
156,156,82
160,157,83
153,159,81
160,157,84
151,160,84
158,155,82
149,158,82
150,156,82
159,159,85
159,159,81
158,155,83
150,159,82
153,159,85
149,158,83
158,161,86
159,156,82
159,161,86
153,161,83
157,161,86
159,156,84
152,160,82
154,157,80
159,162,86
161,159,85
153,161,85
150,158,81
157,155,81
149,157,81
155,162,85
150,159,84
155,162,84
153,157,80
161,159,83
160,162,86
158,162,86
155,157,80
158,156,81
162,161,85
160,158,85
158,161,82
153,156,80
156,155,81
160,158,82
152,160,85
157,161,82
162,161,84
149,156,81
154,156,80
152,156,80
152,161,84
160,161,86
159,161,82
152,159,81
157,155,83
156,155,82
156,161,86
158,156,84
154,157,84
159,162,83
161,158,84
159,158,81
152,157,80
155,157,84
158,162,83
149,159,83
159,155,83
149,156,82
161,162,86
157,162,86
159,158,85
156,157,80
149,157,83
157,154,82
160,162,83
153,157,84
156,161,82
150,158,84
153,156,83
148,157,82
155,156,80
151,156,80
152,159,85
160,161,82
154,156,83
152,156,83
160,163,85
152,155,81
157,162,83
156,157,84
159,163,85
153,155,81
161,163,85
161,162,83
151,155,81
161,161,86
150,160,83
152,157,84
155,161,86
157,160,86
155,156,83
151,157,80
160,156,83
158,160,86
155,161,82
160,156,84
150,160,84
157,157,80
156,162,86
162,162,86
148,158,82
158,154,82
154,162,85
156,160,86
154,162,84
155,158,80
151,156,83
158,163,85
152,161,83
157,160,81
162,160,85
154,155,81
154,158,80
158,154,83
151,160,82
161,161,82
162,163,85
156,156,80
150,156,80
149,159,82
156,158,80
156,160,81
156,154,81
150,155,81
162,160,84
151,159,81
156,162,83
149,158,81
158,160,81
161,158,85
152,161,85
155,158,85
148,158,83
148,156,81
159,155,82
157,154,81
148,157,81
161,158,83
158,155,81
159,160,86
156,158,85
157,157,84
156,154,82
160,157,82
162,162,83
159,157,81
160,157,85
154,158,85
155,160,86
160,163,86
153,158,80
159,155,84
155,160,81
152,155,80
151,160,85
159,157,85
157,158,80
159,163,86
151,157,84
161,163,86
148,156,82
156,156,83
157,154,83
159,160,81
149,159,84
153,155,80
157,163,85
151,155,80
158,155,84
161,160,86
151,161,84
157,158,85
151,159,85
163,163,85
155,155,81
154,161,86
154,161,82
150,156,83
150,157,80
160,163,84
157,156,80
148,157,83
153,158,85
162,161,86
155,162,86
161,157,84
159,163,84
149,155,81
158,163,86
152,155,82
149,158,84
161,163,84
162,163,86
161,160,82
160,160,86
155,162,83
153,155,82
154,155,80
149,156,80
156,155,80
152,158,80
154,160,81
157,153,82
150,155,80
151,155,82
154,160,86
158,158,80
158,163,84
160,160,81
162,161,83
159,154,83
157,156,84
162,163,84
153,162,84
153,162,85
158,158,85
154,155,82
162,159,85
156,163,85
156,155,83
150,159,81
157,163,86
150,155,82
162,159,84
150,157,84
163,163,86
152,158,85
156,153,81
151,161,83
163,162,85
155,155,80
155,154,81
150,160,82
147,156,81
149,155,80
159,156,81
157,163,84
149,156,83
153,161,82
160,155,83
156,153,82
148,158,81
161,159,86
148,155,81
153,160,81
151,158,80
149,157,80
160,155,84
158,153,82
161,157,83
161,157,85
151,161,85
160,159,86
163,163,84
157,153,81
147,157,81
153,161,86
160,156,82
158,154,81
157,155,80
159,156,85
162,160,86
154,162,86
158,157,80
154,162,83
155,155,82
147,156,82
158,153,83
161,159,82
160,159,81
153,160,86
160,156,85
159,154,82
156,154,80
148,156,80
150,160,85
150,159,85
149,155,82
162,160,83
158,157,85
157,153,83
156,163,86
158,154,84
159,154,84
163,162,86
157,155,84
156,159,80
156,159,86
155,163,85
156,163,84
155,154,80
151,158,85
155,159,80
157,159,86
148,155,80
157,159,80
155,159,86
156,154,83
163,161,85
159,162,87
161,156,84
163,162,84
149,157,84
160,162,87
155,153,81
152,162,84
158,162,87
152,160,81
154,159,80
150,158,80
152,162,85
155,154,82
158,159,86
157,152,82
148,156,83
158,159,80
152,161,82
149,159,81
147,155,81
162,158,85
160,158,86
158,156,80
154,159,86
162,158,84
160,158,81
153,156,79
161,162,87
148,157,80
160,163,87
148,155,82
161,158,86
157,162,87
156,152,81
153,162,83
152,160,86
152,156,79
154,156,79
159,155,81
157,154,80
161,163,87
159,163,87
152,161,86
161,158,82
159,162,82
159,153,83
162,159,86
153,162,86
161,164,86
151,154,80
158,162,82
155,163,86
153,159,80
160,164,86
158,156,85
156,152,82
160,162,82
152,154,80
162,164,86
156,153,80
147,156,80
163,161,86
155,163,84
150,154,80
152,155,79
161,164,85
162,159,83
158,161,87
159,159,80
159,159,86
151,156,79
151,154,81
159,155,85
155,156,79
161,156,83
160,164,85
155,153,80
162,163,87
158,163,87
159,161,87
153,155,79
151,155,79
