175,93,183
174,93,183
176,93,183
173,93,183
177,93,183
176,94,184
174,92,182
176,93,184
174,93,182
175,93,184
175,94,184
177,94,184
175,93,182
173,92,182
175,92,182
177,93,184
173,93,182
175,92,183
175,94,183
172,93,183
178,93,183
174,92,183
176,94,183
176,92,183
174,94,183
174,93,184
176,93,182
174,94,184
178,94,184
172,92,182
176,92,182
178,93,184
172,93,182
173,92,183
177,94,183
177,92,183
173,94,183
173,93,184
177,93,182
173,94,184
179,94,184
177,92,182
171,92,182
179,93,183
171,93,183
179,93,184
171,93,182
172,92,183
178,94,183
177,94,185
173,92,181
178,92,183
172,94,183
176,94,185
174,92,181
178,94,185
172,92,181
175,94,185
172,93,184
175,92,181
179,94,185
178,93,182
171,92,181
172,94,184
180,94,184
178,92,182
170,92,182
180,93,184
176,95,184
171,92,183
170,93,182
174,91,182
176,92,184
179,94,183
177,95,184
174,94,182
175,92,184
175,95,184
173,91,182
170,93,183
180,93,183
179,92,183
175,94,182
175,91,182
177,92,184
171,94,183
173,94,182
177,95,185
174,94,185
173,91,181
176,92,181
177,93,185
173,93,181
176,95,185
178,95,185
174,92,184
180,94,185
176,93,185
178,95,184
172,91,181
174,91,181
172,91,182
170,92,181
174,93,181
176,94,182
178,93,185
174,95,184
176,91,182
172,93,181
178,92,184
172,94,182
175,93,185
175,95,185
179,95,185
171,93,184
171,91,181
175,91,181
175,93,181
179,93,185
179,93,182
171,94,184
181,94,184
169,92,182
179,92,182
173,92,184
181,93,184
171,93,181
170,92,183
179,95,184
171,91,182
177,94,182
173,94,185
169,93,182
180,94,183
177,91,182
173,95,184
177,92,181
179,92,184
180,92,183
181,94,185
174,93,185
175,91,183
175,95,183
169,92,181
171,94,182
174,95,185
180,95,185
170,94,183
176,93,181
174,91,183
176,95,183
176,91,181
170,91,181
181,93,183
169,93,183
176,91,183
174,95,183
180,93,185
170,93,181
173,91,183
172,92,184
177,95,183
170,91,182
180,95,184
177,91,183
178,94,182
173,95,183
178,91,182
173,93,185
172,95,184
180,92,184
170,93,184
172,94,185
173,95,185
181,95,185
178,95,186
172,91,180
177,93,181
172,91,183
180,93,182
177,91,181
169,91,181
182,94,184
170,94,184
178,92,181
180,92,182
168,92,182
178,94,186
170,94,182
172,92,180
169,92,183
182,93,184
177,95,186
178,95,183
173,91,180
182,94,185
177,94,186
179,95,186
181,93,185
173,92,180
171,91,180
179,94,186
171,92,180
168,92,181
181,94,183
178,91,183
168,93,182
181,92,183
169,93,181
172,95,183
176,95,186
176,94,186
174,91,180
174,92,180
171,92,184
180,95,186
169,94,183
170,91,180
180,94,186
169,91,182
170,92,180
181,95,184
171,91,183
179,94,182
172,93,185
182,93,183
168,93,183
179,91,182
181,92,184
179,95,183
171,95,184
175,94,186
175,95,186
175,91,180
175,92,180
172,95,185
182,95,185
178,93,181
177,96,185
179,91,183
168,91,181
178,91,181
181,95,186
171,94,185
169,91,180
178,96,185
181,94,186
182,93,185
169,94,182
177,92,185
176,96,185
173,90,181
176,92,185
171,95,183
169,92,180
169,93,184
179,92,181
172,90,181
178,92,185
174,90,181
173,94,181
183,94,185
174,94,181
168,93,181
179,96,185
175,92,185
168,92,183
183,94,184
169,94,184
181,93,182
181,92,182
167,92,182
172,94,181
167,92,181
183,93,184
175,96,185
170,92,184
171,90,181
174,94,186
170,91,183
174,95,186
175,90,181
175,94,181
179,92,185
182,94,183
182,92,183
176,96,184
176,91,180
176,92,180
167,93,182
168,91,182
182,95,186
177,96,184
178,96,186
176,91,184
180,95,183
175,91,184
174,90,182
171,93,185
182,94,186
182,95,184
175,96,184
168,91,180
174,92,185
171,94,181
177,96,186
179,96,186
173,90,182
174,95,182
172,90,180
180,94,182
178,93,186
168,94,183
180,96,185
177,91,184
180,91,182
175,95,182
177,93,186
175,90,182
180,91,183
182,92,184
173,90,180
171,90,180
168,92,180
174,96,185
170,90,181
172,93,180
178,96,184
179,93,186
174,91,184
170,95,184
173,95,182
173,93,180
176,94,181
183,95,185
171,95,185
176,90,181
172,90,182
179,91,181
167,91,181
180,92,185
179,93,181
176,96,186
180,96,186
176,93,186
170,95,183
174,96,184
171,93,180
176,95,182
183,93,185
178,91,184
176,90,182
170,90,180
174,90,180
167,93,183
183,93,183
168,94,182
174,93,180
170,94,185
180,93,186
173,94,186
172,95,182
170,94,181
173,92,185
173,91,184
173,95,186
179,96,184
171,90,182
170,93,180
180,92,181
175,93,186
167,93,181
177,91,180
184,94,185
181,96,185
177,92,180
169,91,183
183,95,186
175,96,186
181,96,186
177,95,182
169,90,181
168,93,184
183,94,186
173,96,184
173,96,185
169,92,184
179,91,184
177,90,182
167,91,180
175,90,180
169,90,180
177,94,181
175,93,180
177,90,181
166,92,181
181,92,185
167,92,183
181,93,186
181,95,183
168,94,184
184,94,184
166,92,182
182,92,182
184,93,184
182,93,182
167,91,182
167,92,180
170,93,185
171,95,182
181,91,183
172,91,184
179,95,187
171,91,179
178,95,187
172,91,179
183,95,184
169,93,180
183,92,183
183,94,183
174,93,186
180,95,187
170,90,182
181,94,182
170,91,179
181,91,182
180,96,184
183,92,184
172,92,185
169,94,181
166,93,182
174,96,186
182,96,186
169,95,183
178,95,182
177,95,187
169,95,184
172,94,186
184,95,185
170,95,185
173,91,179
180,91,181
166,91,181
167,94,183
180,91,184
180,93,181
178,90,182
176,90,180
168,90,180
184,93,185
182,96,185
176,93,180
172,96,184
181,95,187
172,95,186
168,90,181
169,91,179
182,93,186
172,96,185
178,94,181
178,91,180
178,90,181
178,92,180
167,94,182
175,90,183
175,96,183
184,95,186
182,92,185
174,90,183
176,96,183
169,94,185
184,94,186
170,95,182
168,91,183
176,95,187
179,96,187
171,91,184
176,90,183
174,96,183
174,91,179
171,90,179
166,91,180
178,96,187
180,96,187
179,94,187
168,93,180
173,93,186
183,93,182
166,93,183
166,93,181
172,90,179
178,94,187
173,90,183
169,90,182
182,95,187
170,90,179
171,92,179
177,96,183
185,94,185
181,92,181
172,92,179
180,94,187
181,96,184
168,91,179
168,92,184
166,92,180
177,96,187
170,92,179
177,90,183
171,92,185
177,94,187
182,95,183
173,96,186
183,96,186
168,94,181
181,96,187
179,95,182
173,96,183
173,90,179
182,91,183
167,93,184
181,91,184
173,92,179
169,90,179
179,90,182
165,92,181
167,90,180
177,90,180
177,93,180
166,91,182
169,93,185
172,90,183
181,94,187
175,95,187
183,93,186
171,96,184
178,96,183
166,92,183
169,92,179
175,91,179
167,90,181
183,96,185
171,94,186
184,93,183
184,94,183
167,94,184
182,92,181
165,92,182
176,94,187
184,95,184
176,96,187
182,93,181
182,91,182
184,92,184
178,90,183
183,95,187
182,94,182
168,95,183
182,96,187
174,90,179
171,95,186
179,90,181
179,94,181
183,92,185
171,96,185
174,92,179
170,91,184
183,92,182
169,95,182
172,96,183
183,94,182
167,91,179
168,90,179
169,95,185
185,95,185
165,91,181
181,91,181
168,95,184
182,94,187
172,93,186
185,93,185
167,93,180
181,93,181
165,93,182
179,91,180
185,95,186
171,90,183
179,92,180
168,90,182
185,94,186
178,97,186
179,97,186
168,92,179
166,94,183
177,97,186
179,96,183
167,91,183
182,96,184
175,94,187
165,91,180
