174,183,40
173,183,40
175,183,40
172,183,40
176,183,40
177,183,40
171,183,40
175,184,40
173,182,40
174,184,40
174,182,40
176,184,40
172,182,40
170,183,40
178,183,40
173,184,40
175,182,40
177,184,40
171,182,40
172,184,40
176,182,40
178,184,40
170,182,40
174,183,39
174,183,41
173,183,39
175,183,41
175,183,39
173,183,41
175,184,41
173,182,39
169,183,40
179,183,40
174,184,41
176,184,41
172,183,39
176,183,41
172,182,39
174,182,39
176,183,39
172,183,41
171,184,40
177,182,40
173,184,41
177,184,41
179,184,40
175,182,39
171,182,39
169,182,40
171,183,39
177,183,41
177,183,39
171,183,41
172,184,41
178,184,41
176,182,39
170,182,39
168,183,40
180,183,40
170,184,40
178,182,40
170,183,39
180,184,40
178,183,41
178,183,39
168,182,40
170,183,41
171,184,41
179,184,41
169,182,39
177,182,39
175,184,39
173,182,41
174,184,39
176,184,39
174,182,41
172,182,41
169,183,39
179,183,41
173,184,39
169,184,40
179,183,39
175,182,41
169,183,41
177,184,39
179,182,40
181,184,40
171,182,41
167,183,40
181,183,40
176,185,40
172,181,40
170,184,41
180,184,41
167,182,40
168,182,39
178,182,39
175,185,40
173,181,40
177,185,40
171,181,40
172,184,39
176,185,41
172,181,39
174,185,40
176,182,41
175,185,41
178,184,39
174,181,40
177,185,41
173,181,39
171,181,39
178,185,40
170,181,40
170,182,41
174,185,41
174,181,39
178,185,41
170,181,39
168,183,39
173,185,40
180,183,41
175,181,40
171,184,39
180,183,39
179,185,40
168,183,41
169,181,40
177,182,41
168,184,40
179,184,39
169,184,41
181,184,41
173,185,41
179,182,39
167,182,39
175,181,39
180,182,40
179,185,41
182,184,40
169,182,41
169,181,39
166,182,40
172,185,40
166,183,40
182,183,40
176,181,40
180,185,40
170,184,39
168,181,40
172,185,41
176,181,39
180,185,41
178,182,41
168,181,39
180,184,39
167,183,39
181,183,41
181,183,39
168,182,41
171,185,40
167,183,41
168,184,41
182,184,41
166,182,39
180,182,39
177,181,40
167,184,40
181,185,40
171,185,41
181,182,40
183,184,40
167,181,40
177,181,39
169,184,39
181,185,41
165,182,40
167,181,39
179,182,41
181,184,39
175,184,42
165,183,40
183,183,40
176,184,42
174,184,42
173,182,38
172,182,38
167,182,41
170,185,40
174,182,38
166,183,39
177,184,42
173,184,42
178,181,40
171,182,38
182,183,41
182,185,40
175,182,38
182,183,39
170,185,41
166,183,41
174,183,38
174,183,42
178,181,39
166,181,40
182,185,41
167,184,41
183,184,41
173,183,38
175,183,42
165,182,39
181,182,39
178,184,42
175,183,38
173,183,42
168,184,39
166,181,39
176,185,39
172,184,42
175,185,39
170,182,38
177,185,39
176,182,38
166,184,40
172,183,38
176,183,42
172,181,41
176,183,38
173,181,41
172,183,42
174,185,39
180,182,41
182,184,39
171,181,41
184,184,40
182,182,40
178,185,39
174,181,41
169,185,40
164,182,40
171,183,38
179,184,42
177,183,42
166,182,41
170,181,41
171,184,42
169,182,38
173,185,39
177,183,38
176,185,42
171,183,42
177,182,38
179,181,40
183,185,40
175,185,42
177,185,42
179,185,39
169,185,41
175,181,41
183,182,40
164,183,40
172,181,38
165,183,39
171,181,38
173,181,38
179,181,39
183,185,41
165,181,40
174,185,42
178,185,42
169,181,41
170,183,38
183,183,39
183,183,41
165,181,39
178,183,42
172,185,39
167,184,39
174,181,38
170,181,38
177,186,41
178,183,38
171,180,39
180,184,42
176,186,41
165,183,41
172,180,39
170,183,42
166,184,41
184,184,41
178,186,41
168,182,38
170,180,39
164,182,39
182,182,39
170,184,42
180,185,39
173,185,42
179,185,42
176,181,41
178,182,38
175,186,41
183,184,39
181,182,41
173,180,39
179,186,41
175,181,38
169,181,38
169,180,39
168,185,40
165,184,40
168,181,41
169,183,38
177,186,40
176,186,40
171,180,40
171,185,39
184,183,40
165,182,41
172,180,40
179,183,42
178,186,40
174,186,41
182,181,40
174,180,39
170,180,40
180,181,40
179,183,38
184,185,40
172,185,42
180,185,42
180,186,41
175,186,40
168,185,41
168,180,39
169,183,42
173,180,40
181,185,39
179,186,40
177,181,41
181,184,42
168,181,38
176,181,38
184,185,41
180,181,39
167,182,38
169,180,40
164,181,40
169,184,42
179,182,38
164,181,39
175,184,38
174,186,40
174,184,38
173,186,41
164,183,39
176,184,38
167,181,41
174,180,40
175,180,39
166,184,39
173,182,42
180,186,40
181,186,41
183,181,40
174,182,42
168,183,38
173,184,38
183,182,39
167,180,39
170,185,39
183,182,41
172,182,42
168,180,40
171,185,42
181,185,42
177,184,38
180,183,42
175,182,42
180,183,38
184,183,41
165,184,41
184,184,39
182,181,39
163,182,39
173,186,40
167,181,38
177,181,38
182,182,41
171,182,42
172,184,38
167,185,40
182,185,39
168,183,42
175,180,40
178,181,41
172,186,41
181,186,40
178,184,38
176,182,42
176,180,39
182,184,42
166,182,38
167,180,40
182,186,41
164,182,41
185,185,40
181,181,40
167,185,41
168,184,42
180,182,38
170,182,42
166,180,39
166,181,41
171,184,38
184,182,40
185,185,41
172,186,40
181,181,39
182,180,40
170,185,42
182,185,42
167,183,38
169,185,39
179,184,38
163,181,40
163,181,39
176,180,40
177,182,42
178,181,38
166,181,38
181,183,42
182,186,40
181,183,38
171,186,41
165,184,39
169,182,42
183,185,39
166,180,40
177,180,39
179,181,41
167,183,42
177,186,42
170,184,38
183,186,41
176,186,42
178,186,42
183,181,39
171,180,38
165,180,39
183,181,41
184,183,39
171,186,40
172,180,38
165,182,38
183,180,40
175,186,42
170,180,38
180,184,38
183,184,42
166,185,40
179,186,42
182,181,41
178,182,42
184,182,41
165,181,41
182,180,39
181,182,38
167,184,42
173,180,38
169,185,42
183,185,42
177,180,40
169,180,38
183,186,40
166,183,38
168,185,39
168,182,42
174,186,42
185,184,40
179,181,38
165,181,38
166,185,41
180,186,42
181,180,40
170,186,41
169,184,38
165,180,40
174,180,38
182,183,42
185,184,41
182,183,38
168,180,38
181,180,39
178,180,39
184,186,41
184,185,39
181,184,38
180,181,41
170,186,40
173,186,42
166,183,42
184,181,40
179,182,42
181,186,42
164,180,39
182,179,40
175,180,38
167,180,38
178,180,40
177,186,39
164,182,38
184,186,40
167,182,42
176,186,39
184,184,42
164,181,41
178,186,39
168,185,42
184,185,42
182,182,38
168,184,38
175,186,39
166,184,42
184,182,39
164,181,38
180,181,38
167,185,39
171,180,41
172,186,42
165,183,38
169,186,41
172,180,41
179,186,39
183,180,39
164,180,40
182,186,42
170,180,41
182,180,41
183,180,41
174,186,39
173,180,41
176,180,38
182,184,38
179,180,39
184,181,41
185,186,41
182,179,39
183,183,42
183,183,38
166,180,38
183,179,40
180,182,42
169,180,41
169,186,40
185,183,40
180,186,39
185,185,39
181,179,40
174,180,41
163,180,39
181,181,41
185,183,41
176,185,38
173,186,39
175,185,38
165,183,42
181,179,39
177,185,38
166,182,42
171,186,42
179,180,40
185,186,40
168,180,41
174,185,38
183,186,42
167,184,38
181,186,39
178,185,38
177,180,38
167,185,42
185,185,42
172,181,42
175,180,41
163,182,38
173,181,42
175,184,43
163,181,41
173,185,38
165,180,38
176,184,43
171,181,42
184,183,42
184,180,40
174,184,43
168,186,41
163,181,38
181,181,38
178,187,41
170,179,39
