175,153,57
175,154,57
175,152,57
175,155,57
175,151,57
175,150,57
175,156,57
176,154,57
174,152,57
176,153,57
174,153,57
176,155,57
174,151,57
176,152,57
174,154,57
176,156,57
174,150,57
176,154,58
174,152,56
175,149,57
175,157,57
176,155,58
176,153,58
174,153,56
174,151,56
175,153,56
175,153,58
175,152,56
175,154,58
176,151,57
174,155,57
175,154,56
175,152,58
176,152,58
176,156,58
174,154,56
174,150,56
176,157,57
175,151,56
175,155,58
174,149,57
175,155,56
175,151,58
176,150,57
176,151,58
176,157,58
175,150,56
174,149,56
174,155,56
174,156,57
175,156,58
175,148,57
175,158,57
175,156,56
176,158,57
175,150,58
174,148,57
175,149,56
176,150,58
176,158,58
175,157,58
174,148,56
174,156,56
176,149,57
177,155,58
173,151,56
174,157,57
177,154,58
173,152,56
175,157,56
177,156,58
175,149,58
173,150,56
176,159,57
175,159,57
175,147,57
177,153,58
173,153,56
176,154,56
176,153,56
174,147,57
174,152,58
174,153,58
177,157,58
173,149,56
177,155,57
176,155,56
177,154,57
173,151,57
173,152,57
176,152,56
174,151,58
175,148,56
177,156,57
174,154,58
173,150,57
175,158,58
176,149,58
176,159,58
177,153,57
174,147,56
174,157,56
177,152,58
173,153,57
173,154,56
176,156,56
174,150,58
176,148,57
177,158,58
175,158,56
176,151,56
177,157,57
173,148,56
175,148,58
173,149,57
174,158,57
174,155,58
177,152,57
173,154,57
176,160,57
177,151,58
176,157,56
173,155,56
174,146,57
174,149,58
177,158,57
176,150,56
175,146,57
175,147,56
173,148,57
177,159,58
177,151,57
174,156,58
173,147,56
175,159,58
176,148,58
176,160,58
174,158,56
174,146,56
173,155,57
176,154,59
176,155,59
175,159,56
174,152,55
176,153,59
176,158,56
174,151,55
176,147,57
175,147,58
174,153,55
177,150,58
177,159,57
176,156,59
173,156,56
174,148,58
176,149,56
174,150,55
173,147,57
176,152,59
177,150,57
174,154,55
174,157,58
177,160,58
177,155,59
173,156,57
173,146,56
177,154,59
177,156,59
176,157,59
173,151,55
174,149,55
174,145,57
175,146,56
173,152,55
173,150,55
176,151,59
177,153,59
177,157,59
175,145,57
176,159,56
176,147,58
174,155,55
174,145,56
173,153,55
173,149,55
177,160,57
175,153,55
175,153,59
175,152,55
175,154,59
177,149,58
174,147,58
176,148,56
173,157,56
175,154,55
175,152,59
173,146,57
176,158,59
175,151,55
175,155,59
177,149,57
174,148,55
175,146,58
177,152,59
177,158,59
176,146,57
178,156,58
172,150,56
174,158,58
178,155,58
172,151,56
173,148,55
173,154,55
177,161,58
173,157,57
176,150,59
175,155,55
178,157,58
175,151,59
172,149,56
174,156,55
173,145,56
178,154,58
172,152,56
175,150,55
175,156,59
177,154,56
177,155,56
178,158,58
172,148,56
177,151,59
177,159,59
178,153,58
175,145,56
177,153,56
175,156,55
172,153,56
176,159,59
173,152,58
177,156,56
173,151,58
174,147,55
175,150,59
173,155,55
173,147,55
174,144,57
175,149,55
177,148,58
176,147,56
173,153,58
174,146,58
176,146,58
173,150,58
175,157,59
174,144,56
173,145,57
177,148,57
177,152,56
178,159,58
176,149,59
174,157,55
177,157,56
175,144,57
172,147,56
178,152,58
173,154,58
172,154,56
173,149,58
175,157,55
175,145,58
178,155,57
178,156,57
177,150,59
177,160,59
175,149,59
173,144,56
177,151,56
172,151,57
176,145,57
172,150,57
178,156,59
175,148,55
173,146,55
173,156,55
178,154,57
177,158,56
178,155,59
178,157,57
172,150,55
178,157,59
174,146,55
176,160,59
175,158,59
172,152,57
172,151,55
178,160,58
172,149,57
172,149,55
173,155,58
178,154,59
172,146,56
173,148,58
178,151,58
178,153,57
172,152,55
178,158,59
178,158,57
172,155,56
174,158,55
172,153,57
172,148,55
176,148,59
176,146,56
172,148,57
175,144,56
177,147,58
174,145,58
177,150,56
175,158,55
178,153,59
177,147,57
173,144,57
177,159,56
172,153,55
174,143,57
175,148,59
176,153,55
176,154,55
178,152,57
178,159,59
177,149,59
177,161,59
176,145,58
175,147,55
174,143,56
178,159,57
176,152,55
173,156,58
173,157,55
173,145,55
178,161,58
172,147,55
174,153,59
176,155,55
174,152,59
172,154,57
175,159,59
173,147,58
172,147,57
172,145,56
174,154,59
174,145,55
174,151,59
175,143,57
178,150,58
178,152,59
176,151,55
173,143,56
176,156,55
172,154,55
172,156,56
175,144,58
177,149,56
178,160,59
178,151,57
174,155,59
177,160,56
176,144,57
174,150,59
178,160,57
172,146,55
176,147,59
172,155,57
176,150,55
176,157,55
172,146,57
175,147,59
173,157,58
175,146,55
176,145,56
178,151,59
177,148,59
173,146,58
177,146,58
174,144,58
177,146,57
174,156,59
173,144,55
173,143,57
174,149,59
172,155,55
175,143,56
172,144,56
178,149,58
178,161,59
178,150,57
178,161,57
177,148,56
176,149,55
174,144,55
172,145,55
176,158,55
174,142,57
176,144,58
174,142,56
172,156,57
174,157,59
172,145,57
173,142,56
177,155,60
174,148,59
178,150,59
177,156,60
177,154,60
175,142,57
176,146,59
172,156,55
175,145,55
175,146,59
173,145,58
175,143,58
177,157,60
173,151,54
176,148,55
178,162,59
176,154,60
176,155,60
173,150,54
177,147,59
178,149,57
177,153,60
176,143,57
173,152,54
176,159,55
179,156,58
179,157,58
171,150,56
171,149,56
173,143,55
176,153,60
178,148,58
172,143,56
176,144,56
172,144,55
176,156,60
174,152,54
173,149,54
174,151,54
179,155,58
179,158,58
171,151,56
177,147,56
177,158,60
177,145,57
171,148,56
177,145,58
174,143,58
173,153,54
174,153,54
174,158,59
174,150,54
173,142,57
176,152,60
177,152,60
174,147,59
179,154,58
174,143,55
176,157,60
172,144,57
173,148,54
179,159,58
179,157,59
171,152,56
178,155,56
179,156,59
175,142,56
174,154,54
178,149,59
178,156,56
171,147,56
171,149,55
171,150,55
178,154,56
179,158,59
174,149,54
173,154,54
179,155,59
171,148,55
177,159,60
178,157,56
178,156,60
171,151,55
176,147,55
178,155,60
178,157,60
176,151,60
172,151,58
178,153,56
179,153,58
176,143,58
172,150,58
174,141,56
179,159,59
173,144,58
174,141,57
179,160,58
177,151,60
176,158,60
174,155,54
178,148,57
172,152,58
171,153,56
175,144,55
171,147,55
173,147,54
179,154,59
175,145,59
178,154,60
178,158,60
171,146,56
178,158,56
173,141,56
172,150,54
171,152,55
174,148,54
172,149,58
176,145,59
172,143,55
172,151,54
172,149,54
173,155,54
177,146,59
172,153,58
178,152,56
178,147,58
172,142,56
179,160,59
177,146,56
173,142,55
174,146,59
177,160,60
172,152,54
172,148,54
178,153,60
178,159,60
176,150,60
177,154,55
171,146,55
179,152,58
175,142,58
179,153,59
172,148,58
177,155,55
175,141,57
178,159,56
179,161,58
174,156,54
177,153,55
171,153,55
176,143,56
176,159,60
171,154,56
172,143,57
178,148,59
173,146,54
177,156,55
177,150,60
176,142,57
171,145,56
174,147,54
177,144,57
172,154,58
175,152,54
175,154,60
175,153,54
175,153,60
172,153,54
172,147,54
177,144,58
176,146,55
177,152,55
174,142,58
178,151,56
173,152,59
174,142,55
173,151,59
173,141,57
175,151,54
179,161,59
175,155,60
175,154,54
173,156,54
175,152,60
179,156,57
178,152,60
178,160,60
173,153,59
177,157,55
179,157,57
172,147,58
