216,213,218
217,214,219
215,212,217
218,215,220
214,211,216
215,211,218
216,212,219
214,210,217
219,216,221
213,210,215
216,212,218
217,213,219
215,211,217
217,213,220
213,209,216
218,214,220
215,210,218
217,215,218
214,210,216
216,211,219
216,214,217
218,216,219
214,209,217
218,214,221
220,217,222
212,209,214
212,208,215
217,212,220
215,213,216
219,217,220
213,208,216
219,215,221
213,209,215
216,214,218
215,212,218
216,213,219
215,213,217
217,215,219
214,211,217
218,213,221
214,212,215
219,215,222
220,218,221
217,214,220
214,212,216
212,207,215
218,216,220
213,210,216
211,207,214
221,218,223
211,208,213
220,216,222
214,209,218
212,208,214
215,210,219
213,208,217
218,215,221
213,211,215
219,214,222
216,211,220
219,217,221
212,209,215
216,211,218
213,211,214
221,219,222
217,212,219
215,209,218
215,210,217
214,210,218
217,216,218
212,207,216
216,210,219
211,206,214
215,211,219
220,216,223
216,215,217
214,208,217
218,217,219
213,209,217
218,213,220
210,206,213
217,211,220
217,212,221
214,209,216
216,212,220
221,217,223
214,208,218
215,214,216
219,218,220
215,209,219
211,207,213
213,207,216
212,208,216
219,216,222
212,210,214
220,218,222
211,208,214
213,207,217
211,206,215
222,219,224
210,207,212
216,210,220
220,215,223
219,214,221
218,212,221
212,210,213
217,213,221
213,208,215
222,220,223
214,213,215
212,206,216
220,219,221
218,213,222
210,205,213
211,207,215
212,206,215
217,211,221
221,217,224
217,214,218
216,213,217
218,215,219
210,205,214
209,205,212
220,217,223
219,213,222
211,209,213
220,215,222
221,219,223
210,207,213
222,218,224
211,205,215
218,214,222
212,207,214
210,206,212
215,212,216
213,212,214
219,216,220
221,220,222
210,206,214
221,216,224
218,212,222
211,205,214
219,214,223
223,220,225
209,206,211
211,209,212
223,221,224
214,211,215
220,217,221
209,204,212
214,207,218
215,208,219
213,208,218
215,208,218
214,209,219
216,209,219
220,214,223
210,204,214
209,204,213
216,210,218
221,216,223
213,206,217
217,211,219
212,207,217
214,207,217
219,215,223
216,209,220
215,209,217
213,207,218
214,208,219
222,218,225
212,211,213
211,206,213
221,218,224
215,210,220
217,210,220
210,208,212
222,220,224
222,221,223
209,206,212
219,213,223
218,212,220
212,206,217
209,205,213
215,209,220
208,204,211
210,204,213
212,205,216
211,206,216
213,206,216
214,208,216
213,210,214
223,219,225
221,218,222
217,210,221
214,211,218
220,215,224
209,205,211
215,212,219
216,211,221
218,211,221
213,210,217
211,205,216
222,217,225
219,213,221
216,210,221
210,208,211
216,213,220
209,203,213
213,207,215
212,209,216
224,222,225
211,204,215
210,205,215
212,205,215
221,215,224
224,221,226
208,205,210
222,217,224
208,203,212
218,211,222
220,216,224
208,203,211
213,209,218
219,212,222
217,212,222
211,210,212
214,210,219
210,204,215
210,205,212
220,214,224
212,209,213
223,222,224
217,214,221
212,208,217
222,219,223
217,211,222
214,207,219
213,206,218
220,214,222
222,219,225
209,207,211
211,208,215
208,204,212
215,211,220
223,221,225
209,203,212
208,205,211
215,208,220
212,205,217
223,219,226
212,206,214
211,207,216
211,204,214
209,204,214
210,203,214
221,216,225
215,213,218
217,213,218
207,203,210
219,212,223
224,220,226
216,214,219
218,214,219
214,212,217
216,212,217
216,212,221
216,209,221
211,204,216
218,215,222
209,203,214
208,204,210
208,202,212
218,213,223
220,213,223
215,207,219
214,206,218
223,218,226
210,207,214
218,212,223
222,216,225
210,206,215
219,215,220
217,215,220
213,211,216
215,211,216
221,215,223
209,207,210
223,218,225
216,208,220
213,205,217
221,217,225
211,208,212
207,202,211
225,223,226
223,220,224
215,207,218
216,208,219
210,209,211
216,209,218
221,215,225
209,204,211
217,210,222
217,210,219
211,205,213
210,203,215
217,213,222
224,223,225
207,202,210
214,206,217
215,208,217
208,203,213
210,203,213
217,209,220
209,202,213
217,209,221
225,222,227
207,204,209
212,204,216
220,216,221
218,216,221
212,210,215
214,210,215
207,203,211
218,211,220
208,202,211
219,216,223
223,220,226
220,213,224
208,206,210
209,205,214
224,222,226
214,207,216
208,202,213
207,204,210
213,205,216
209,206,213
219,214,224
221,214,224
213,207,219
218,210,221
212,206,218
219,213,224
222,217,226
224,220,227
219,212,221
218,210,222
214,208,220
211,205,217
222,216,224
211,203,215
212,207,218
218,211,223
213,208,219
214,206,219
207,201,211
209,202,214
213,205,218
221,217,222
219,217,222
213,209,214
211,209,214
218,214,223
211,206,217
213,206,215
215,207,220
206,202,209
225,221,227
214,209,220
212,204,215
212,204,217
223,217,226
210,207,211
210,204,212
215,209,221
207,203,209
210,204,216
219,211,222
224,221,225
224,219,226
224,219,227
222,218,226
207,202,212
209,202,212
208,201,212
208,204,213
210,205,216
216,208,221
220,213,222
206,201,210
222,216,226
220,217,224
209,208,210
208,206,209
215,210,221
213,206,219
212,205,218
208,203,210
211,203,216
225,224,226
219,211,223
226,224,227
221,214,225
210,202,214
208,205,212
214,207,220
207,201,212
211,204,217
212,205,214
206,202,210
216,210,222
220,215,225
222,215,225
220,218,223
222,218,223
212,208,213
210,208,213
209,203,215
206,201,209
219,212,224
207,201,210
211,203,214
208,201,213
220,214,225
217,209,222
209,204,215
219,215,224
220,212,223
215,208,221
217,212,218
224,221,227
223,217,225
207,205,209
226,223,228
206,203,208
216,211,222
218,213,219
216,211,217
225,223,227
210,202,215
210,203,216
206,203,209
221,214,223
215,206,219
223,218,227
214,205,218
219,214,220
206,200,210
213,210,218
215,210,216
209,203,211
216,207,220
214,211,219
207,203,212
217,211,223
220,212,224
212,209,217
213,204,217
216,209,222
225,221,228
208,202,214
209,201,213
209,206,210
206,201,211
208,201,211
211,204,213
225,222,226
221,218,225
212,208,218
216,208,218
218,210,223
207,200,211
213,209,219
217,209,219
208,203,214
215,212,220
224,218,227
209,202,215
216,207,219
215,206,218
210,202,213
211,207,217
215,207,217
217,208,221
221,219,224
223,219,224
211,207,212
209,207,212
211,208,216
220,215,221
217,212,223
225,220,227
226,222,228
207,204,211
223,219,227
205,201,208
214,209,215
218,210,220
214,210,220
209,201,214
222,215,226
220,213,225
217,208,220
212,203,216
214,205,217
221,213,224
206,200,211
223,217,227
207,200,212
206,202,208
208,207,209
225,220,228
205,200,209
221,216,226
223,216,226
220,216,225
213,205,219
210,206,216
214,206,216
207,202,209
216,213,221
226,225,227
212,204,218
222,215,224
221,215,226
207,205,208
217,210,223
214,206,220
214,205,219
218,209,221
219,211,221
215,211,221
210,207,215
213,204,216
218,209,222
213,204,218
227,225,228
205,201,209
224,218,226
211,203,217
215,206,220
218,212,224
206,200,209
221,216,222
207,201,213
208,201,214
211,202,215
213,208,214
219,211,224
215,207,221
212,203,217
207,202,213
205,200,208
221,213,225
209,205,215
213,205,215
208,200,212
210,203,212
206,202,211
216,207,221
217,214,222
218,213,224
225,222,228
206,204,208
210,202,216
208,202,210
219,210,222
209,201,212
208,200,213
212,203,215
226,224,228
216,212,222
220,212,222
205,202,208
209,206,214
227,224,229
205,202,207
222,219,226
222,220,225
224,220,225
208,206,211
210,206,211
205,199,209
224,219,228
211,202,216
205,200,210
207,200,210
219,210,223
212,206,219
222,214,225
216,208,222
211,205,218
208,205,209
206,199,210
218,211,224
226,223,227
213,207,220
221,214,226
217,208,222
206,203,210
