210,217,172
209,217,172
211,217,172
211,218,173
209,216,171
210,217,171
210,217,173
211,218,172
209,216,172
210,218,173
208,216,171
209,217,171
211,217,173
210,218,172
210,216,172
209,217,173
211,218,174
209,216,170
208,216,172
208,217,172
208,216,170
212,218,174
212,219,174
210,218,174
208,215,170
208,217,171
212,219,173
208,215,171
209,218,173
207,216,171
209,218,172
211,219,173
211,219,174
207,215,170
209,215,171
211,218,171
209,216,173
210,217,170
210,217,174
208,217,173
207,215,171
210,218,171
209,217,170
207,216,170
210,216,173
211,217,174
207,216,172
212,219,175
208,215,169
208,216,173
209,217,174
209,218,174
210,219,173
213,219,175
207,215,169
212,219,172
208,215,172
209,218,171
211,218,175
211,219,172
210,219,174
206,215,170
208,217,170
209,216,169
211,219,175
209,215,172
207,217,172
212,218,175
208,216,169
207,217,171
208,218,172
206,215,171
208,218,173
206,216,171
213,220,174
207,215,172
207,214,170
210,218,175
213,220,175
207,214,169
206,215,169
210,219,172
212,220,174
208,214,170
206,216,170
207,216,169
212,220,175
206,214,169
206,214,170
207,217,173
207,216,173
208,217,174
210,219,175
206,216,172
208,218,171
209,219,173
207,217,170
213,220,173
207,214,171
211,218,170
210,218,170
212,220,173
212,219,176
209,216,174
211,220,174
208,214,171
210,216,174
209,219,174
205,215,170
208,215,168
208,218,174
213,219,176
213,220,176
207,215,168
210,217,169
210,217,175
209,217,169
211,217,175
206,215,172
207,214,168
209,218,175
211,220,175
205,214,169
214,220,176
212,219,171
211,219,171
209,219,172
206,214,168
206,214,171
209,218,170
205,214,170
211,219,176
208,215,173
209,215,173
206,216,169
205,215,169
205,215,171
212,220,176
211,220,173
206,217,171
208,216,174
208,217,169
206,217,172
207,218,172
206,215,168
209,217,175
210,219,171
211,218,176
207,218,173
205,216,171
212,218,176
209,216,168
208,216,168
207,215,173
205,214,168
205,216,170
209,219,175
214,221,175
206,213,169
210,220,174
206,216,173
207,217,174
207,218,171
213,221,175
206,217,170
208,218,170
207,213,169
213,220,172
212,220,172
211,220,176
205,214,171
214,221,176
206,213,168
208,219,173
210,219,176
207,216,168
207,214,172
210,218,176
205,213,169
208,214,172
207,217,169
210,220,173
206,217,173
210,220,175
204,214,169
213,221,176
205,213,168
214,221,174
205,216,172
206,213,170
209,219,171
207,216,174
205,215,168
213,221,174
205,215,172
213,220,177
208,218,175
207,213,170
211,220,172
204,214,170
208,219,174
204,215,170
208,219,172
208,217,175
214,220,177
207,214,167
205,216,169
212,221,175
207,218,174
206,214,167
206,214,172
204,215,169
206,215,173
204,214,168
205,213,170
212,220,177
212,219,177
213,219,177
212,221,174
206,216,168
204,213,169
214,221,177
212,221,176
204,213,168
208,215,167
204,215,171
207,215,167
210,218,169
206,213,167
211,218,169
205,214,167
215,221,177
210,216,175
209,218,176
205,213,167
205,217,171
207,218,170
209,216,175
211,219,170
210,220,172
213,221,177
212,219,170
209,220,174
210,220,176
206,218,172
211,219,177
209,218,169
209,217,168
206,217,169
209,215,174
206,215,167
211,217,176
205,217,172
210,217,168
204,214,171
214,221,173
213,221,173
208,215,174
210,217,176
209,219,176
209,220,173
208,219,175
208,219,171
210,219,170
211,221,175
206,213,171
207,213,171
204,216,170
204,213,170
205,214,172
204,215,168
206,218,173
204,216,171
206,218,171
211,220,177
205,217,170
208,217,168
205,216,173
206,217,174
204,213,167
211,221,174
209,220,175
203,214,169
208,216,175
212,221,173
206,216,174
212,220,171
207,219,173
213,220,171
204,214,167
207,217,175
212,221,177
207,215,174
209,217,176
208,218,169
211,221,176
205,213,171
203,213,168
215,222,176
205,212,168
205,216,168
203,214,170
203,213,169
203,214,168
208,214,173
212,218,177
207,219,172
205,215,167
214,222,176
207,214,173
211,218,177
206,212,168
209,219,170
204,215,172
205,215,173
211,220,171
204,216,169
208,216,167
207,218,175
209,216,167
210,219,177
205,217,173
204,212,168
215,222,175
207,217,168
209,220,172
215,222,177
205,212,169
207,219,174
203,215,170
205,212,167
214,222,175
204,216,172
214,221,178
206,212,169
203,215,169
213,220,178
214,220,178
207,216,167
215,221,178
211,221,173
214,222,177
208,218,176
204,212,167
206,213,166
203,213,167
206,218,170
206,218,174
207,214,166
206,214,166
205,213,166
213,222,176
204,212,169
206,214,173
210,218,177
213,221,178
207,216,175
205,217,169
213,222,175
210,220,171
209,220,176
210,221,175
203,213,170
212,220,178
210,220,177
210,221,174
204,213,171
207,219,171
208,220,174
207,218,169
203,215,171
204,214,172
203,212,168
206,215,174
205,214,166
208,217,176
213,221,172
208,220,173
214,221,172
211,221,177
204,213,166
203,214,171
203,214,167
206,216,167
213,222,177
208,219,170
208,219,176
203,212,167
203,215,168
204,215,167
215,222,174
214,222,174
215,222,178
204,217,171
207,213,172
213,219,178
206,217,168
205,212,170
212,221,172
206,213,172
212,219,178
206,212,170
205,218,172
205,212,166
216,222,178
210,221,176
202,213,168
204,216,168
207,219,175
207,215,166
203,212,169
204,212,166
208,215,166
214,222,178
208,220,175
202,214,169
205,218,171
212,221,178
212,222,176
213,222,174
204,217,170
210,221,173
204,217,172
209,219,177
212,222,175
202,213,169
203,216,170
205,216,174
210,218,168
211,219,169
205,214,173
209,218,177
204,214,166
208,220,172
202,214,168
204,212,170
206,215,166
211,220,178
206,217,175
211,218,168
209,220,171
212,219,169
204,216,173
210,216,176
205,217,174
205,218,173
203,216,171
205,213,172
211,219,178
203,213,166
202,213,167
209,218,168
210,219,169
206,219,173
209,215,175
211,221,172
209,216,176
204,215,173
206,219,172
203,212,166
202,214,170
203,216,169
205,216,167
208,215,175
202,212,168
212,222,177
209,217,167
211,217,177
202,212,167
212,220,170
213,222,178
210,217,167
203,213,171
203,215,172
206,218,169
212,222,174
206,216,175
213,220,170
210,217,177
206,218,175
207,218,176
208,217,167
205,215,166
205,218,170
214,221,179
209,221,174
215,221,179
211,220,170
207,219,170
202,215,169
208,218,168
209,221,175
209,219,169
216,223,177
204,211,167
202,213,170
205,215,174
207,217,176
208,214,174
206,219,174
202,215,170
209,220,177
204,217,169
205,217,168
203,215,167
210,221,177
208,216,176
215,223,177
214,222,173
204,217,173
202,214,167
205,211,167
203,212,170
216,223,176
215,222,173
207,214,174
204,211,168
202,212,169
206,219,171
215,223,176
207,215,175
206,213,165
203,216,172
205,213,165
215,222,179
205,211,168
203,211,167
208,220,176
211,222,175
211,221,178
203,214,166
203,214,172
211,222,176
216,222,179
213,221,179
204,213,172
210,219,178
214,220,179
206,212,171
202,212,166
210,221,172
213,222,173
207,220,173
216,223,178
209,217,177
207,217,167
213,220,179
205,212,171
212,218,178
204,211,166
210,220,170
205,218,174
207,220,174
209,221,173
205,212,165
203,211,168
202,213,166
202,215,168
204,212,165
208,220,171
211,218,178
208,216,166
214,222,179
204,213,165
215,223,178
210,220,178
214,223,177
214,223,176
203,211,166
213,221,171
209,221,176
209,216,166
202,214,171
201,213,168
204,214,173
208,218,177
203,216,168
206,214,165
207,219,176
214,221,171
207,214,165
212,222,178
206,214,174
202,215,171
211,222,174
207,216,166
207,218,168
204,215,166
208,219,169
204,216,167
216,223,175
212,221,171
208,219,177
215,223,175
202,211,167
212,220,179
204,212,171
207,220,172
203,212,165
211,222,177
