43,96,125
43,97,125
43,95,125
43,94,125
43,97,126
43,95,124
43,96,126
43,96,124
43,98,126
43,94,124
43,95,126
43,93,125
44,97,126
42,95,124
43,93,124
44,98,126
44,96,126
42,96,124
42,94,124
43,94,126
44,95,126
42,93,124
42,96,125
44,96,125
42,95,125
44,97,125
43,92,125
44,98,127
42,94,123
44,97,127
42,95,123
43,92,124
42,97,125
44,95,125
42,94,125
44,99,127
42,93,123
43,93,126
44,96,127
44,94,126
42,92,124
44,94,125
43,97,127
42,92,123
42,93,125
43,98,127
43,95,123
43,94,123
44,95,127
43,96,127
43,96,123
43,91,125
43,91,124
43,93,123
44,93,126
42,91,124
43,92,126
43,95,127
44,93,125
42,91,123
42,92,125
44,94,127
43,92,123
42,96,126
42,97,126
44,96,124
43,94,127
44,95,124
42,95,126
44,98,128
42,94,122
44,97,124
44,99,128
42,93,122
44,92,125
43,90,124
44,97,128
44,94,124
42,95,122
44,92,126
42,90,124
42,90,123
43,90,125
42,94,126
42,91,125
42,92,122
43,91,126
43,91,123
44,93,127
44,96,128
43,93,127
44,93,124
45,98,127
42,91,122
42,93,126
45,99,127
45,97,127
41,94,123
41,95,123
41,93,123
44,95,128
45,96,127
44,91,125
45,97,126
43,90,123
42,89,123
45,98,126
44,91,126
41,92,123
42,89,124
44,92,124
42,90,125
43,89,124
41,95,124
41,94,124
45,96,126
44,92,127
45,99,128
45,98,128
42,90,122
43,90,126
41,96,124
43,92,127
42,92,126
41,93,122
43,89,125
45,100,128
41,94,122
43,98,128
41,93,124
45,95,127
45,97,128
43,97,128
43,99,128
41,92,122
43,94,122
44,94,128
45,95,126
41,91,123
43,95,122
43,93,122
43,96,128
41,92,124
45,96,128
41,91,122
43,92,122
44,91,124
43,89,123
45,94,127
42,89,122
44,90,125
45,94,126
43,95,128
42,97,127
42,88,123
42,91,126
41,90,123
42,96,127
42,89,125
42,98,127
44,90,126
44,91,127
42,88,124
43,91,127
41,91,124
44,93,128
41,90,122
45,95,128
44,95,123
43,91,122
43,88,124
42,95,127
44,96,123
44,99,129
44,94,123
42,93,121
41,95,125
45,97,125
44,98,129
41,96,125
45,96,125
43,89,126
44,100,129
42,94,121
42,92,121
41,94,125
43,94,128
45,98,125
43,88,125
45,93,126
45,95,125
44,93,123
44,97,129
45,99,129
42,94,127
45,100,129
45,93,127
41,93,121
44,90,124
42,91,121
41,92,121
45,98,129
41,93,125
41,89,123
42,88,122
41,94,121
41,90,124
41,89,122
45,94,128
43,90,122
42,90,126
41,91,121
44,96,129
45,94,125
43,88,123
45,97,129
44,92,123
44,89,125
44,92,128
42,87,123
43,93,128
42,90,121
42,93,127
41,92,125
42,88,125
43,90,127
44,90,127
41,90,121
44,89,126
42,87,124
45,92,126
45,96,129
44,95,129
45,93,125
45,92,127
43,87,124
41,89,124
41,88,122
44,91,123
43,89,122
41,88,123
45,93,128
43,88,126
44,89,124
41,91,125
42,89,121
42,92,127
41,89,121
42,87,122
43,87,125
42,89,126
43,92,128
45,95,129
44,91,128
44,94,129
43,87,123
45,92,125
45,91,126
44,88,125
43,99,129
43,98,129
41,96,126
43,89,127
42,86,123
44,90,123
41,95,126
42,87,125
41,97,126
41,90,125
43,100,129
41,88,121
44,89,127
43,97,129
42,88,121
45,91,127
41,88,124
41,87,122
45,96,124
43,88,122
45,92,128
42,91,127
46,99,128
41,94,126
43,93,121
45,97,124
43,94,121
44,88,126
41,87,123
45,95,124
42,86,124
46,100,128
46,98,128
45,94,129
43,92,121
43,96,129
43,91,128
45,100,130
41,92,120
44,93,129
44,88,124
42,98,128
46,97,128
45,94,124
42,97,128
45,99,130
45,101,130
46,98,127
43,86,124
41,93,120
41,93,126
46,99,127
41,91,120
42,86,122
45,91,125
42,99,128
43,87,126
40,93,122
42,96,128
42,88,126
46,97,127
43,91,121
40,94,122
40,92,122
45,98,130
46,100,129
46,99,129
43,95,129
41,90,120
44,90,128
41,89,125
46,101,129
46,96,128
43,86,125
44,89,123
41,87,121
45,93,124
40,91,122
40,94,123
46,98,129
42,95,128
44,100,130
46,96,127
44,99,130
40,93,123
44,94,122
45,90,126
44,95,122
42,87,121
41,92,126
42,92,120
43,86,123
42,93,120
40,95,123
45,97,130
44,101,130
42,90,127
44,98,130
44,93,122
45,93,129
40,92,123
40,92,121
40,93,121
43,90,121
41,87,124
42,91,120
41,86,122
43,88,127
45,91,128
41,89,120
43,87,122
45,90,127
46,97,129
40,91,121
44,87,125
40,90,122
42,85,123
42,94,128
43,94,129
42,86,125
44,92,129
41,86,123
44,97,130
46,95,127
46,95,128
44,92,122
44,88,127
40,91,123
43,90,128
45,92,124
42,90,120
45,96,130
40,90,121
45,90,125
41,91,126
44,87,126
42,85,124
46,96,129
46,98,126
46,97,126
44,87,124
41,88,120
44,96,130
43,89,121
40,89,122
41,88,125
46,99,126
42,85,122
41,86,121
40,90,123
44,91,122
42,87,126
42,93,128
44,88,123
46,96,126
46,94,127
42,89,120
40,89,121
40,94,124
40,95,124
43,85,124
43,93,129
42,86,121
46,94,128
44,89,128
45,92,129
43,86,126
42,89,127
40,93,124
46,100,130
45,95,130
46,101,130
45,89,126
45,91,124
46,99,130
46,95,126
46,95,129
44,95,130
40,92,124
41,86,124
41,85,122
44,91,129
45,90,128
41,90,126
40,92,120
43,86,122
43,85,125
40,91,120
43,85,123
40,89,123
40,88,122
46,98,130
45,89,127
41,87,120
44,90,122
40,93,120
40,88,121
42,92,128
43,87,127
43,88,121
42,88,120
41,85,123
41,97,127
43,89,128
41,96,127
40,90,120
45,89,125
46,93,127
40,91,124
41,98,127
44,86,125
41,95,127
46,94,126
42,85,125
42,84,123
43,92,129
46,93,128
46,97,130
44,87,127
45,94,130
41,87,125
40,89,120
41,85,121
44,94,130
46,94,129
41,94,127
45,90,124
44,87,123
45,95,123
45,91,129
45,96,123
44,86,124
44,86,126
42,84,124
40,88,123
42,85,121
42,88,127
42,86,126
41,89,126
40,90,124
40,87,122
42,84,122
40,87,121
45,94,123
44,89,122
42,91,128
41,86,120
46,96,130
42,87,120
45,101,131
41,91,119
45,100,131
41,92,119
44,88,128
46,93,126
41,93,127
40,88,120
45,88,126
43,99,130
45,102,131
43,100,130
44,90,129
41,90,119
43,87,121
45,99,131
46,92,127
43,98,130
45,93,123
43,84,124
41,85,124
43,85,126
45,89,128
41,84,122
45,93,130
43,85,122
43,91,129
40,95,125
46,97,125
46,92,128
43,97,130
44,93,130
45,98,131
40,94,125
46,98,125
40,96,125
41,89,119
46,96,125
45,88,127
46,93,129
43,88,128
40,89,124
45,88,125
42,98,129
42,99,129
41,84,123
41,92,127
43,93,120
43,84,123
40,93,125
42,97,129
46,95,130
45,92,123
43,92,120
43,86,127
40,87,123
40,87,120
45,89,124
43,84,125
46,95,125
41,86,125
43,94,120
40,86,121
43,96,130
40,86,122
46,92,126
41,84,121
45,97,131
42,96,129
44,88,122
41,88,126
43,91,120
46,101,131
42,90,128
41,88,119
46,100,131
42,86,120
46,102,131
40,92,125
45,90,129
44,85,125
42,84,125
41,85,120
42,83,123
44,86,127
44,86,123
40,91,119
46,94,125
42,87,127
46,99,131
40,92,119
44,100,131
