211,145,44
211,144,44
211,146,44
211,147,44
211,143,44
211,142,44
211,148,44
211,141,44
211,149,44
212,146,44
210,144,44
212,145,44
210,145,44
212,147,44
210,143,44
212,144,44
210,146,44
212,148,44
210,142,44
211,145,43
211,145,45
211,144,43
211,146,45
212,143,44
210,147,44
211,146,43
211,144,45
211,140,44
211,150,44
211,143,43
211,147,45
212,149,44
210,141,44
211,147,43
211,143,45
212,142,44
211,142,43
211,148,45
212,146,45
210,148,44
210,144,43
212,147,45
212,145,45
210,143,43
210,145,43
212,144,45
212,148,45
210,146,43
210,142,43
211,148,43
211,142,45
211,141,43
212,150,44
211,149,45
210,140,44
211,139,44
211,151,44
212,141,44
210,149,44
212,143,45
212,149,45
210,147,43
210,141,43
211,149,43
211,141,45
211,140,43
211,150,45
212,151,44
212,142,45
212,150,45
210,140,43
210,148,43
210,139,44
212,140,44
212,145,43
210,150,44
212,146,43
210,145,45
211,138,44
211,152,44
210,144,45
212,144,43
210,146,45
212,147,43
211,150,43
210,143,45
211,140,45
212,143,43
211,139,43
210,147,45
211,151,45
212,151,45
212,141,45
210,139,43
210,149,43
212,148,43
210,142,45
212,152,44
210,138,44
212,142,43
210,148,45
212,139,44
210,151,44
212,149,43
211,151,43
210,141,45
211,139,45
211,137,44
211,153,44
212,141,43
212,152,45
212,140,45
213,146,44
211,138,43
210,138,43
210,150,43
209,144,44
213,147,44
209,143,44
211,152,45
210,149,45
213,145,44
209,145,44
213,148,44
209,142,44
213,147,45
213,146,45
209,143,43
209,144,43
213,144,44
212,153,44
212,150,43
209,146,44
213,148,45
209,142,43
210,137,44
213,145,45
209,145,43
210,140,45
213,149,44
212,138,44
209,141,44
212,140,43
213,149,45
210,152,44
209,141,43
213,143,44
213,144,45
209,147,44
209,146,43
210,150,45
211,152,43
211,138,45
212,153,45
212,139,45
210,137,43
210,151,43
213,150,44
211,137,43
209,140,44
213,150,45
212,151,43
211,136,44
211,154,44
211,153,45
209,140,43
213,143,45
209,147,43
213,142,44
210,139,45
209,148,44
212,139,43
212,154,44
212,146,46
212,147,46
210,136,44
213,151,44
210,151,45
213,151,45
210,144,42
210,143,42
212,145,46
209,139,43
209,139,44
212,137,44
212,148,46
213,142,45
211,144,42
211,146,46
210,145,42
211,145,42
211,145,46
209,148,43
210,142,42
210,153,44
211,143,42
211,147,46
213,141,44
211,153,43
212,144,46
212,152,43
211,146,42
212,154,45
212,138,45
211,144,46
209,149,44
210,136,43
210,152,43
211,137,45
212,149,46
210,146,42
211,142,42
211,148,46
210,141,42
211,136,43
210,138,45
211,154,45
211,147,42
213,152,45
211,143,46
213,152,44
212,143,46
212,138,43
209,138,43
210,147,42
211,135,44
211,155,44
209,138,44
211,141,42
212,150,46
213,141,45
211,149,46
210,140,42
209,149,43
210,152,45
213,140,44
212,155,44
211,148,42
211,142,46
209,150,44
210,135,44
213,146,43
212,142,46
213,145,43
212,153,43
211,140,42
213,147,43
212,136,44
210,148,42
209,144,45
211,150,46
212,151,46
209,145,45
209,143,45
213,144,43
210,139,42
213,153,45
211,154,43
210,154,44
212,155,45
212,137,45
213,153,44
210,135,43
210,153,43
213,148,43
210,137,45
209,137,43
209,146,45
211,136,45
213,140,45
211,149,42
209,142,45
209,137,44
211,135,43
211,141,46
209,150,43
213,143,43
212,137,43
211,155,45
213,149,43
209,147,45
213,139,44
212,141,46
211,139,42
213,147,46
210,149,42
210,153,45
211,151,46
213,148,46
213,146,46
209,141,45
212,152,46
209,151,44
209,143,42
210,138,42
213,142,43
209,142,42
209,144,42
211,134,44
211,156,44
213,145,46
213,149,46
211,150,42
209,148,45
213,150,43
212,156,44
213,154,45
209,141,42
209,145,42
212,154,43
212,145,42
211,140,46
213,154,44
209,136,43
212,144,42
212,146,42
210,134,44
209,140,45
213,144,46
213,150,46
213,139,45
210,145,46
210,146,46
212,135,44
212,143,42
210,136,45
211,138,42
209,136,44
210,144,46
209,151,43
209,140,42
209,146,42
212,140,46
213,141,43
210,150,42
212,147,42
211,155,43
212,136,45
212,156,45
210,134,43
210,154,43
211,152,46
210,147,46
210,155,44
212,136,43
212,153,46
213,138,44
210,143,46
210,137,42
211,135,45
209,149,45
212,142,42
213,151,43
213,143,46
213,151,46
211,134,43
212,148,42
210,148,46
209,152,44
211,151,42
209,139,42
209,147,42
210,154,45
209,139,45
211,156,45
210,142,46
211,139,46
212,141,42
213,140,43
213,155,45
209,135,43
211,137,42
213,155,44
212,149,42
210,149,46
212,155,43
214,147,45
213,152,46
213,142,46
208,143,43
213,138,45
212,139,46
210,151,42
214,148,45
208,142,43
209,150,45
213,152,43
211,153,46
214,146,45
208,144,43
211,133,44
211,157,44
209,138,42
209,148,42
209,152,43
210,141,46
212,157,44
209,135,44
214,149,45
208,141,43
210,136,42
212,154,46
212,140,42
214,145,45
210,135,45
208,145,43
214,147,44
209,138,45
210,133,44
208,143,44
214,146,44
213,137,44
208,144,44
214,148,44
211,152,42
212,134,44
208,142,44
214,150,45
212,135,43
208,140,43
212,150,42
212,135,45
212,157,45
210,150,46
210,133,43
210,155,43
214,145,44
211,156,43
213,139,43
208,145,44
214,144,45
214,149,44
211,138,46
209,153,44
210,156,44
208,146,43
208,141,44
213,153,46
213,141,46
211,134,45
210,140,46
214,144,44
209,137,42
209,149,42
210,155,45
211,133,43
211,136,42
213,153,43
214,151,45
209,151,45
208,146,44
213,156,45
208,139,43
212,139,42
214,150,44
210,152,42
212,138,46
208,140,44
211,157,45
209,134,43
213,156,44
211,154,46
214,143,45
208,147,43
213,137,45
212,151,42
209,137,45
210,151,46
214,143,44
210,135,42
212,156,43
212,155,46
209,153,43
208,147,44
209,134,44
214,152,45
214,151,44
213,138,43
211,153,42
208,138,43
210,139,46
208,139,44
213,154,46
213,140,46
213,136,44
210,134,45
212,158,44
209,136,42
209,150,42
214,142,45
211,132,44
211,158,44
212,138,42
211,137,46
214,142,44
208,148,43
212,134,43
213,154,43
209,152,45
210,132,44
208,148,44
209,154,44
211,135,42
212,133,44
212,158,45
212,134,45
214,152,44
210,132,43
210,156,43
212,152,42
211,157,43
210,152,46
214,153,45
210,153,42
208,138,44
213,157,45
212,137,46
208,137,43
211,155,46
210,157,44
209,136,45
210,156,45
211,133,45
209,133,43
213,157,44
211,132,43
210,134,42
214,141,45
210,138,46
214,141,44
213,136,45
212,156,46
214,148,46
214,147,46
213,137,43
213,155,46
213,139,46
208,149,43
214,149,46
214,146,46
208,142,42
208,149,44
208,143,42
212,137,42
211,158,45
209,135,42
209,151,42
209,154,43
211,154,42
212,157,43
214,153,44
208,141,42
209,133,44
208,144,42
214,150,46
214,154,45
214,145,46
213,155,43
208,137,44
213,135,44
211,136,46
209,153,45
208,140,42
212,153,42
208,136,43
212,147,47
208,145,42
210,153,46
212,146,47
212,148,47
210,133,45
213,145,42
213,146,42
214,151,46
211,134,42
214,140,44
214,140,45
212,145,47
210,143,41
213,144,42
214,144,46
213,147,42
210,144,41
212,133,43
212,159,44
210,142,41
208,139,42
209,155,44
212,149,47
210,154,42
209,135,45
208,150,43
208,146,42
210,137,46
210,145,41
211,131,44
211,159,44
208,150,44
209,145,46
209,144,46
