141,145,72
140,145,72
142,145,72
143,145,72
139,145,72
142,146,72
142,146,73
140,144,72
140,144,71
141,146,72
141,144,72
141,146,73
143,146,73
143,146,72
141,144,71
139,144,71
139,144,72
140,146,72
144,145,72
138,145,72
142,144,72
141,145,71
141,145,73
144,146,73
140,146,73
144,146,72
142,144,71
138,144,71
138,144,72
140,145,71
142,145,73
142,145,71
140,145,73
143,147,73
139,143,71
142,147,73
140,143,71
139,145,71
144,147,73
138,143,71
143,145,73
143,145,71
139,145,73
139,146,72
143,144,72
145,146,73
139,146,73
145,146,72
143,144,71
137,144,71
137,144,72
141,147,73
141,143,71
145,147,73
145,145,72
137,145,72
137,143,71
138,145,71
144,145,73
144,145,71
138,145,73
140,147,73
138,146,72
143,147,72
142,143,71
143,147,74
146,147,73
139,143,72
146,146,72
144,144,72
146,146,73
138,146,73
144,144,71
136,144,71
142,147,72
139,143,70
136,143,71
144,147,72
142,147,74
144,147,74
140,143,72
136,144,72
140,143,70
138,143,70
138,143,72
142,146,71
142,146,74
140,144,73
141,146,71
140,144,70
141,147,72
143,146,74
137,145,71
143,146,71
141,146,74
141,144,73
139,144,70
145,147,72
145,147,74
141,147,74
141,143,72
141,144,70
139,144,73
145,144,72
136,145,72
145,145,71
145,145,73
141,143,70
137,143,70
137,143,72
137,145,73
140,146,71
139,147,73
144,146,74
144,146,71
142,144,73
138,144,70
140,146,74
147,147,73
143,143,71
142,144,70
138,144,73
140,147,72
144,148,73
135,143,71
144,148,74
138,142,71
137,146,72
138,142,70
143,148,73
139,142,71
143,148,74
146,147,72
140,147,74
146,147,74
145,148,73
142,143,72
145,148,74
139,142,70
146,145,72
137,142,71
137,142,70
146,145,73
137,146,73
144,143,71
135,144,71
142,143,70
136,143,70
144,143,72
139,146,71
136,143,72
135,144,72
142,148,73
145,146,74
145,146,71
137,144,70
143,144,73
142,148,74
140,142,71
146,148,73
139,146,74
140,142,70
136,145,71
146,148,74
143,144,70
136,142,70
136,142,71
137,144,73
145,144,71
145,144,73
139,147,72
136,145,73
138,147,73
145,143,72
141,145,70
141,145,74
147,147,72
141,148,73
147,146,73
147,147,74
139,147,74
143,142,71
143,143,72
140,145,70
141,148,74
143,143,70
135,143,70
142,145,74
138,146,71
142,145,70
141,142,71
140,145,74
147,148,73
147,148,74
141,142,70
134,143,71
135,142,70
135,143,72
136,144,70
135,142,71
146,146,71
146,146,74
144,144,73
144,144,70
139,145,70
138,146,74
143,145,74
143,145,70
146,144,72
139,145,74
146,144,73
144,142,71
136,144,73
144,142,72
140,148,73
138,147,72
140,148,74
138,145,70
148,148,73
145,143,71
142,142,71
148,148,74
142,142,70
147,146,72
144,145,74
145,143,73
144,145,70
137,146,71
147,146,74
138,147,74
134,142,70
144,148,72
143,142,70
134,143,70
143,142,72
144,148,75
143,148,72
134,142,71
138,145,74
143,147,71
145,149,74
137,141,70
145,148,72
147,145,73
145,148,75
143,148,75
143,147,75
135,144,70
138,142,72
142,147,71
146,145,71
144,149,74
138,141,70
143,141,71
138,142,69
144,147,71
146,149,74
139,142,72
146,145,74
144,147,75
136,141,70
134,143,72
142,147,75
144,143,70
144,143,73
145,142,72
142,148,72
139,143,73
137,142,72
139,142,69
137,142,69
137,146,74
139,143,69
140,143,73
141,147,71
146,148,72
138,143,69
146,148,75
142,148,75
138,143,73
143,149,74
140,143,69
137,145,70
139,141,70
135,144,73
139,148,73
140,142,72
145,147,71
147,149,74
145,147,75
141,147,75
135,141,70
140,142,69
136,142,69
145,145,70
145,145,74
139,148,74
141,143,73
136,142,72
137,143,69
148,147,73
141,148,72
137,147,72
146,143,72
141,143,69
148,147,74
142,141,71
137,143,73
142,141,70
146,143,73
144,141,71
137,145,74
140,147,71
144,141,72
142,149,74
147,148,72
133,142,70
147,148,75
141,148,75
145,149,73
147,145,72
136,146,71
140,141,70
145,149,75
144,149,73
146,147,71
148,149,74
141,142,72
133,142,71
146,147,75
137,141,71
147,145,74
146,149,73
144,149,75
137,141,69
140,147,75
146,149,75
141,142,69
135,142,69
143,141,70
138,141,71
134,141,70
145,142,71
143,141,72
142,143,73
136,143,69
138,141,69
136,141,71
136,141,69
146,144,71
135,142,72
142,143,69
145,142,73
143,149,73
142,146,70
136,145,70
142,146,75
144,142,70
140,148,72
146,144,74
141,146,70
143,149,75
147,149,73
136,143,73
143,146,75
147,149,75
147,144,73
139,141,71
143,146,70
144,142,73
139,147,71
140,144,74
141,146,75
140,144,69
139,141,69
145,144,70
141,144,74
143,140,71
135,141,69
141,149,74
139,144,69
135,141,71
145,144,74
148,148,72
139,144,74
141,144,69
140,146,70
148,148,75
140,148,75
142,149,73
147,147,71
144,146,75
149,149,74
141,141,70
144,146,70
147,147,75
142,142,72
145,141,72
148,146,73
140,146,75
136,145,74
142,142,69
134,142,69
142,144,74
138,144,69
139,147,75
148,146,74
142,149,75
135,143,69
148,149,73
133,141,70
143,143,73
142,144,69
148,149,75
140,141,71
142,140,70
142,140,71
143,143,69
138,144,74
140,141,69
139,146,70
134,142,72
134,141,69
134,141,71
139,148,72
135,143,73
145,146,75
145,146,70
146,142,72
147,144,72
138,147,71
137,144,69
141,149,73
146,142,73
144,140,71
143,144,74
135,145,70
139,146,75
147,144,74
140,149,74
143,144,69
144,140,72
143,140,70
148,147,72
146,143,71
141,149,75
143,140,72
137,144,74
148,147,75
139,148,75
149,149,73
147,146,71
145,143,70
149,148,74
149,149,75
145,141,71
144,141,70
141,140,70
141,141,71
138,146,70
147,146,75
146,143,74
142,141,72
141,141,69
145,143,74
142,141,69
133,142,69
134,143,69
138,147,75
144,141,73
145,141,73
133,141,69
143,142,69
143,142,73
132,141,70
147,143,73
146,146,70
136,144,69
146,146,75
133,141,71
146,150,74
146,150,75
136,140,70
145,150,74
136,140,69
148,145,73
144,144,74
133,142,72
143,139,71
145,150,75
137,140,70
144,144,69
147,150,74
140,149,73
147,150,75
138,146,75
137,140,69
148,145,74
138,148,72
135,140,70
135,140,69
134,143,73
137,147,71
142,139,70
144,150,74
142,139,71
144,150,75
136,144,74
138,140,70
140,149,75
148,150,74
138,140,69
149,148,73
148,150,75
137,146,70
144,148,71
149,148,75
145,140,72
148,146,72
134,140,69
134,140,70
145,149,72
143,148,71
144,148,76
144,149,72
141,140,71
147,145,71
141,145,69
141,145,75
145,148,71
145,149,76
141,140,69
148,146,75
149,147,74
146,149,72
145,148,76
140,145,69
147,143,72
142,145,75
143,148,76
143,150,74
146,149,76
144,149,76
142,145,69
132,141,69
135,144,69
140,145,75
146,145,70
142,148,71
141,139,70
147,145,75
143,150,75
143,149,72
142,140,69
145,142,70
146,145,75
142,140,72
139,140,70
147,143,74
146,141,72
149,150,74
149,150,75
139,140,69
139,145,69
143,141,69
146,148,71
143,139,70
137,141,72
146,142,71
138,142,73
132,141,71
146,148,76
144,143,69
147,149,72
143,145,75
138,141,72
144,143,74
142,148,76
143,141,73
139,142,73
146,141,73
147,149,76
143,149,76
144,139,71
137,141,68
143,145,69
138,142,68
133,140,69
145,142,74
143,139,72
133,140,70
136,141,72
137,146,75
144,140,70
139,149,73
137,142,73
139,145,75
138,141,68
136,141,68
137,142,68
