179,125,156
179,125,157
179,125,155
180,126,157
178,124,155
180,126,158
180,126,156
178,124,156
178,124,154
180,125,157
178,125,155
179,124,156
179,126,156
180,125,156
178,125,156
179,124,155
179,126,157
179,125,158
179,125,154
180,125,158
179,124,157
178,125,154
179,126,155
180,125,155
179,124,154
178,125,157
179,126,158
180,126,159
180,126,155
178,124,157
178,124,153
181,126,158
177,124,154
181,126,157
180,127,157
177,124,155
178,123,155
180,127,158
178,123,154
181,127,158
177,123,154
181,127,159
181,127,157
177,123,155
177,123,153
180,125,159
181,126,159
179,124,158
179,125,159
179,125,153
177,124,153
178,123,156
180,127,156
178,125,153
181,126,156
179,126,154
177,124,156
180,125,154
178,123,153
179,124,153
180,127,159
178,125,158
179,126,159
180,126,160
180,126,154
178,124,158
178,124,152
180,124,156
178,126,156
181,127,160
181,127,156
180,124,157
177,123,156
177,123,152
178,126,155
180,124,155
178,126,157
181,126,160
181,125,157
178,123,157
177,125,155
177,124,152
179,123,155
179,127,157
180,127,155
181,126,155
181,125,158
178,123,152
177,125,154
179,123,156
177,124,157
179,127,156
181,125,156
180,127,160
180,124,158
179,123,154
177,125,156
180,125,160
179,127,158
179,124,159
182,127,159
176,123,153
178,126,154
182,127,158
181,128,158
176,123,154
181,128,159
177,122,154
180,124,154
177,122,153
178,125,152
179,126,153
180,125,153
179,124,152
181,125,159
179,125,160
179,125,152
178,126,158
179,123,157
178,125,159
182,127,160
179,126,160
181,127,161
181,127,155
176,123,152
177,123,157
177,123,151
177,125,153
179,127,155
181,128,157
182,127,157
181,125,155
177,122,155
182,128,159
176,123,155
181,128,160
176,122,153
179,123,153
177,122,152
180,126,161
180,126,153
178,124,159
178,124,151
177,125,157
179,127,159
182,128,160
182,128,158
181,126,161
176,122,154
176,122,152
182,126,158
180,124,159
178,123,158
176,124,154
180,128,158
182,126,159
177,124,151
178,122,154
181,126,154
180,127,154
176,124,153
178,123,151
182,126,157
180,128,157
178,122,155
178,126,153
176,124,155
180,124,153
180,128,159
182,127,161
177,124,158
181,125,160
180,127,161
178,122,153
179,123,158
176,123,151
177,122,156
181,128,156
182,127,156
182,128,161
182,128,157
176,122,155
176,122,151
176,123,156
177,122,151
182,126,160
181,128,161
177,125,152
178,126,159
179,127,154
181,125,154
180,125,161
179,124,160
176,124,152
179,123,152
178,122,156
180,128,156
182,126,156
180,125,152
179,124,151
178,122,152
178,125,151
176,124,156
179,126,152
181,127,162
181,127,154
177,123,158
177,123,150
177,125,158
180,128,160
179,127,160
180,124,160
181,124,157
178,125,160
179,126,161
179,125,161
179,125,151
180,123,156
181,124,156
180,123,155
177,126,155
178,127,156
181,126,162
182,127,162
182,126,161
178,123,159
182,128,162
182,128,156
183,128,160
175,122,152
182,129,159
183,128,159
177,126,156
176,122,156
176,122,150
175,122,153
178,127,157
181,124,158
182,129,160
177,122,157
181,125,161
180,123,157
178,122,157
176,123,150
182,127,155
181,128,155
179,123,159
180,126,162
180,126,152
178,124,160
178,124,150
180,124,152
176,121,153
181,126,153
176,121,152
178,126,152
177,124,150
176,124,151
177,122,150
178,123,150
180,127,153
181,124,155
177,126,154
182,126,155
180,128,155
178,127,155
176,123,157
183,127,159
180,123,154
183,128,161
181,128,162
175,123,153
175,122,151
182,129,158
181,129,159
183,128,158
178,122,151
183,127,160
182,125,158
175,122,154
182,129,161
177,124,159
181,125,153
175,123,152
176,121,154
180,127,162
182,125,157
181,129,158
177,125,151
183,127,158
177,126,157
178,127,158
179,123,151
179,127,153
177,121,153
176,121,151
176,124,157
175,123,154
180,128,161
176,125,154
181,124,159
179,122,155
179,128,157
181,129,160
178,126,160
177,121,154
180,123,158
182,125,159
179,122,154
176,125,155
179,128,158
177,121,152
183,129,160
175,121,152
179,122,156
183,127,161
182,125,156
176,125,153
179,128,156
183,129,161
183,129,159
181,124,154
177,126,153
177,125,159
178,127,154
180,125,162
183,128,162
179,124,161
179,127,161
175,123,151
175,121,153
175,121,151
180,123,153
181,129,157
175,122,150
183,127,157
182,126,162
182,129,157
179,122,153
183,128,157
177,121,155
176,121,155
181,127,163
181,127,153
177,123,159
177,123,149
176,125,156
179,128,159
180,124,161
175,122,155
182,129,162
178,122,158
175,123,155
182,125,160
182,128,163
182,128,155
180,125,151
181,129,161
176,121,150
179,124,150
176,122,157
176,122,149
182,127,163
177,121,151
178,125,150
179,126,151
177,122,158
177,126,158
178,127,159
179,122,157
182,126,154
183,129,162
183,129,158
181,124,160
176,124,150
181,125,162
182,127,154
180,128,154
175,121,154
175,121,150
180,123,159
176,123,149
179,123,160
181,128,154
182,125,155
178,122,150
176,125,152
177,122,149
179,128,155
181,126,163
183,127,162
178,125,161
179,126,162
180,124,151
178,123,160
183,126,159
179,125,162
179,125,150
179,122,152
176,123,158
183,126,158
181,128,163
178,126,151
177,121,156
175,123,150
181,126,152
175,124,153
181,129,156
183,127,156
180,129,158
176,124,158
178,123,149
183,128,163
181,124,153
180,128,162
181,125,152
183,126,160
175,124,154
180,129,159
177,124,149
180,123,152
180,127,152
176,125,157
177,126,152
179,123,150
178,127,153
179,128,160
178,121,154
180,126,163
180,126,151
178,124,161
178,124,149
182,125,161
176,121,156
175,122,149
178,121,153
182,129,156
183,128,156
177,125,150
177,121,150
179,127,152
183,126,157
175,123,156
175,124,152
180,129,157
181,129,162
179,122,158
176,121,149
178,121,155
175,122,156
177,124,160
182,129,163
180,127,163
183,129,163
183,129,157
178,126,161
175,121,155
175,121,149
175,124,155
182,126,163
180,129,160
178,121,152
183,126,161
182,125,154
178,122,159
184,128,160
174,122,152
177,126,159
178,127,160
183,130,160
181,124,161
182,130,160
184,129,161
183,130,161
174,121,151
176,125,151
184,129,160
179,128,154
177,125,160
174,121,152
183,127,163
180,123,160
179,127,162
184,128,161
179,122,151
174,122,151
182,130,159
182,128,164
182,128,154
176,122,158
176,122,148
184,128,159
178,121,156
183,126,156
174,122,153
175,124,151
182,130,161
175,120,152
180,129,156
180,124,162
175,120,151
182,127,164
177,121,157
182,126,153
180,125,163
179,124,162
184,129,162
176,120,152
183,130,159
174,121,150
177,122,159
181,123,156
184,129,159
181,127,164
181,127,152
183,130,162
177,123,160
177,123,148
183,127,155
176,120,153
178,122,149
174,121,153
181,123,157
176,124,149
175,123,149
180,128,153
181,129,155
184,128,162
176,120,151
178,121,151
175,120,153
182,127,153
181,125,163
183,128,164
180,125,150
182,125,162
181,124,152
181,123,155
174,122,150
175,120,150
176,125,158
179,124,149
179,123,161
182,124,157
182,130,158
179,128,161
177,122,148
176,123,148
175,124,156
177,121,149
177,127,156
180,123,151
180,129,161
181,128,153
182,124,158
184,128,158
183,126,162
177,127,155
176,121,157
179,122,159
181,123,158
180,122,155
178,125,149
180,124,150
183,128,155
179,126,150
174,122,154
177,126,151
182,130,162
178,127,152
175,122,148
176,120,154
182,124,156
180,122,156
182,129,155
183,129,164
183,129,156
175,123,157
181,129,163
181,126,164
176,123,159
175,121,156
175,121,148
184,129,163
181,128,164
176,121,148
178,123,161
178,128,157
177,127,157
176,126,155
176,124,159
183,130,158
184,127,160
180,128,163
174,121,149
178,121,157
180,122,154
182,124,159
184,130,161
176,120,150
