164,198,145
163,198,145
165,198,145
165,199,146
163,197,144
163,198,144
165,198,146
164,199,146
166,199,146
162,197,144
164,197,144
164,198,144
164,198,146
164,199,145
164,197,145
165,199,145
163,197,145
166,198,145
162,198,145
162,198,144
166,198,146
163,199,145
165,197,145
165,198,144
163,198,146
166,199,145
167,199,146
163,199,146
165,197,144
161,197,144
162,197,145
166,199,147
162,197,143
165,199,147
163,197,143
165,200,146
163,196,144
166,200,147
162,196,143
166,200,146
162,196,144
161,197,143
167,199,147
161,198,144
165,200,147
167,200,147
161,196,143
163,196,143
162,199,145
164,197,143
167,198,146
164,199,147
164,200,146
164,196,144
166,197,145
161,198,145
167,198,145
164,199,144
166,198,144
167,200,146
164,197,146
161,196,144
167,199,145
163,199,144
162,198,146
165,197,146
161,197,145
163,198,143
165,198,147
162,199,146
168,199,146
160,197,144
166,197,144
165,199,144
162,198,143
166,198,147
164,200,147
168,200,147
164,196,143
160,196,143
160,197,143
163,197,146
168,199,147
165,200,145
164,198,143
163,196,145
162,199,144
164,198,147
164,200,145
163,200,146
167,200,148
164,196,145
165,197,143
161,196,142
166,197,146
165,196,144
166,200,148
162,196,142
163,199,147
161,198,143
166,200,145
160,198,144
168,200,146
167,198,147
162,196,145
161,199,145
160,196,144
166,199,144
168,200,148
160,196,142
166,201,147
162,195,143
168,198,146
163,200,145
167,201,147
161,195,143
167,197,145
166,199,148
165,200,148
162,197,146
163,196,142
162,197,142
165,196,145
165,198,143
167,199,148
167,198,144
161,197,142
167,201,148
168,199,145
161,195,142
165,201,147
163,200,147
169,200,147
163,198,147
159,196,143
165,196,143
160,198,145
168,198,145
163,195,143
161,199,144
161,198,146
165,199,148
163,197,142
167,200,145
159,197,143
166,201,148
168,201,148
168,201,147
160,195,142
162,195,142
160,197,145
160,195,143
160,198,143
167,197,146
169,199,147
161,196,145
162,200,146
166,201,146
160,197,142
161,199,146
169,199,146
159,197,144
167,197,144
159,196,142
168,199,148
162,195,144
169,200,148
165,201,146
168,198,147
163,195,144
162,200,145
166,196,144
166,197,143
167,201,146
164,196,142
167,199,144
164,200,148
162,199,147
164,201,147
169,200,146
161,195,144
169,201,148
165,201,148
163,195,142
159,195,142
164,197,142
166,196,145
164,195,143
164,199,148
164,201,146
166,198,143
159,196,144
163,199,143
169,201,147
159,198,144
164,195,144
165,197,147
161,197,146
160,199,145
159,195,143
164,199,143
164,200,144
168,200,145
162,199,143
159,197,142
162,198,147
164,197,147
160,199,144
164,196,146
168,201,149
166,197,147
169,198,146
165,200,144
168,201,146
167,200,149
167,201,149
163,200,144
169,199,148
168,197,145
160,195,141
162,200,147
170,200,147
158,196,143
166,196,143
168,200,149
161,195,141
159,198,143
163,196,146
161,196,141
162,198,142
166,198,148
158,196,142
168,198,144
160,195,144
160,196,145
165,196,146
160,196,141
169,199,145
170,200,148
165,199,143
163,198,142
158,197,143
169,201,149
165,198,148
166,200,149
161,198,142
168,197,146
159,195,141
163,201,146
161,200,145
161,199,143
167,198,148
170,201,148
164,201,148
162,196,141
158,195,142
164,195,142
166,200,144
166,201,149
163,201,147
160,198,146
165,197,142
159,198,145
169,198,145
167,202,148
161,194,142
161,200,146
163,197,147
165,196,142
162,195,141
169,198,147
168,202,148
160,194,142
159,197,145
170,199,147
162,200,144
169,200,149
165,195,144
165,195,143
167,197,147
159,196,141
163,200,148
165,201,145
168,199,144
163,199,148
162,196,146
167,197,143
167,196,144
164,198,142
166,202,148
160,199,146
170,199,146
158,197,144
168,197,144
167,196,145
162,194,142
163,195,145
166,201,145
170,201,147
166,196,146
160,198,142
167,202,147
164,201,145
161,194,143
167,198,143
164,198,148
169,202,148
166,202,147
170,200,146
169,201,146
159,194,142
168,202,149
162,194,143
158,197,142
162,195,145
158,195,143
170,201,149
160,194,141
163,196,141
158,195,141
161,199,147
168,198,148
165,200,149
164,195,145
166,199,143
168,202,147
169,200,145
167,202,149
169,202,149
167,199,149
159,194,141
161,194,141
160,194,143
160,199,143
158,196,144
160,197,146
167,200,144
163,195,141
165,201,149
161,197,141
167,201,145
159,195,144
170,199,148
165,202,147
166,199,149
159,199,144
163,201,145
158,196,141
161,200,144
168,199,149
161,198,147
162,197,141
158,198,144
165,202,148
163,194,143
162,201,146
160,197,141
170,200,149
159,199,145
162,197,147
163,194,142
157,196,142
165,198,142
158,198,143
161,195,145
171,201,148
163,201,148
170,202,148
168,197,147
165,195,145
159,196,145
159,198,142
157,195,142
165,195,142
170,202,149
166,202,149
161,196,146
169,202,147
171,200,148
161,200,147
171,200,147
162,194,141
158,194,141
157,196,143
167,196,143
166,197,142
158,194,142
160,200,145
162,201,147
170,198,146
163,197,141
166,195,144
169,197,145
163,198,148
159,194,143
167,196,146
165,199,149
164,196,141
166,196,142
159,197,141
169,198,144
157,197,143
169,197,146
157,195,141
170,199,145
169,199,149
168,201,145
168,201,150
166,195,143
169,198,148
171,201,149
164,202,147
164,200,149
166,202,146
169,201,150
170,198,147
167,199,143
160,200,146
162,199,148
162,201,145
162,200,148
170,201,146
171,201,147
167,202,146
162,194,144
160,195,140
169,199,144
165,202,146
164,194,143
159,195,140
168,200,144
164,195,141
167,201,150
171,199,147
159,199,143
157,197,142
159,198,146
169,202,150
164,202,148
161,194,144
168,196,145
164,201,149
168,202,150
157,196,141
170,198,145
158,198,145
158,197,145
163,194,144
168,198,143
168,197,143
161,195,140
160,195,145
160,200,144
157,195,143
159,194,140
164,194,142
168,196,144
171,202,149
165,202,149
163,200,143
160,194,140
164,200,143
170,201,150
163,194,141
157,194,141
166,198,142
170,202,147
164,197,141
162,199,142
171,200,149
163,199,142
168,202,146
171,200,146
170,202,150
166,195,145
170,200,145
158,195,144
158,195,140
171,202,148
171,199,146
159,199,146
169,197,144
157,197,144
168,200,150
158,197,141
164,202,146
165,196,147
166,197,148
158,198,142
158,194,140
164,196,147
165,197,148
161,201,146
167,202,150
161,197,147
162,200,143
164,199,149
157,194,142
165,200,143
171,199,148
160,199,147
167,200,150
158,194,143
161,199,142
161,194,140
160,194,144
169,200,150
160,196,140
164,199,142
168,203,149
166,201,150
160,193,141
170,199,149
160,196,146
159,197,146
169,203,149
158,199,144
159,193,141
169,197,147
164,194,144
162,195,140
164,201,144
157,196,144
163,202,147
165,201,144
169,201,145
161,196,140
168,203,148
156,196,142
160,193,142
159,196,140
165,196,141
166,196,147
167,197,148
167,203,148
160,198,147
162,198,148
172,201,148
162,201,148
161,193,142
157,198,143
163,196,147
156,195,142
166,195,142
164,197,148
167,197,142
168,196,146
167,203,149
156,195,141
161,201,145
161,193,141
171,202,150
163,201,144
164,195,146
161,198,141
169,203,148
167,198,149
157,198,144
162,198,141
163,195,146
171,201,150
166,198,149
161,200,143
166,201,144
157,195,140
161,201,147
170,203,149
157,194,140
169,202,146
167,195,144
159,193,142
172,201,149
158,199,145
170,198,148
166,200,150
158,193,141
159,200,145
172,200,148
158,196,145
165,194,143
160,199,142
166,200,143
163,200,149
168,199,143
162,196,140
163,202,146
170,200,150
166,203,148
166,202,150
165,199,142
160,200,147
172,200,147
168,196,143
156,196,143
158,196,140
160,198,141
167,196,142
162,194,140
165,197,141
163,202,148
