108,73,148
109,73,148
107,73,148
106,73,148
110,73,148
109,74,149
107,72,147
108,73,149
109,73,149
108,73,147
107,73,147
108,74,149
110,74,149
106,72,147
108,72,147
107,73,149
109,73,147
110,73,149
106,73,147
105,73,148
111,73,148
111,74,149
107,74,149
107,72,148
109,74,148
105,72,147
109,72,147
108,72,148
108,74,148
106,73,149
106,72,148
110,74,148
109,72,148
111,73,149
110,73,147
107,74,148
105,73,147
109,74,150
107,72,146
110,74,150
106,72,146
106,74,149
112,74,149
104,72,147
110,72,147
108,74,150
108,72,146
111,74,150
105,72,146
105,72,148
110,72,148
111,74,148
106,74,148
112,73,148
104,73,148
105,73,149
112,73,149
111,73,147
104,73,147
107,74,150
112,74,150
109,72,146
104,72,146
104,72,148
109,73,150
111,72,148
113,74,149
105,74,149
103,72,147
111,72,147
112,74,148
110,75,150
107,73,146
108,73,150
105,74,148
106,71,146
110,73,150
108,73,146
109,75,150
111,75,150
106,73,146
105,71,146
107,71,146
108,72,149
108,74,147
110,75,149
109,75,149
106,74,150
107,72,149
109,72,149
106,71,147
113,74,150
107,71,147
107,73,150
104,73,149
110,72,146
109,74,147
103,73,148
113,73,148
107,74,147
111,73,150
103,72,146
113,73,149
109,73,146
112,75,150
108,75,150
112,73,147
111,75,149
105,73,146
104,71,146
108,71,146
108,75,149
105,71,147
103,73,147
108,71,147
106,72,149
110,72,149
110,74,147
106,74,147
103,72,148
112,72,148
106,73,150
113,74,148
112,75,149
110,74,151
112,73,150
106,72,145
104,71,147
104,74,148
107,75,149
104,74,149
114,74,149
102,72,147
112,72,147
109,71,147
110,75,151
107,75,150
113,75,150
111,75,151
110,73,146
106,71,145
109,74,151
105,71,145
111,74,151
107,72,145
103,71,146
109,71,146
105,72,145
105,72,149
104,73,146
105,74,150
111,72,149
114,74,150
109,75,151
112,75,151
107,71,145
111,72,146
104,71,145
111,74,147
102,72,146
108,74,151
105,74,147
112,74,151
108,72,145
103,73,149
104,72,145
114,73,149
105,73,150
102,73,148
114,73,148
113,73,147
103,71,147
113,75,149
108,75,151
110,71,147
106,75,149
113,75,151
102,73,147
108,71,145
113,73,150
107,71,148
109,75,148
103,71,145
114,75,150
106,75,150
106,71,148
110,75,148
111,73,146
108,71,148
104,72,149
108,75,148
102,71,146
110,71,146
107,74,151
102,72,148
113,74,151
113,72,148
112,72,149
103,73,146
109,72,145
114,74,148
103,72,145
112,74,147
105,71,148
103,74,148
111,75,148
109,71,148
103,74,149
115,74,149
104,74,147
107,75,148
101,72,147
113,72,147
104,74,150
107,75,151
115,74,150
114,75,151
109,71,145
112,72,146
102,71,145
102,71,147
101,72,146
104,73,150
114,75,149
111,71,147
106,74,151
105,75,149
104,71,148
114,73,150
114,74,151
110,71,148
102,73,149
112,75,148
103,72,149
110,72,145
105,75,150
115,75,150
115,73,149
106,75,148
101,71,146
111,71,146
112,73,146
109,73,151
102,72,145
110,73,151
113,72,149
108,72,150
109,72,150
114,73,147
111,76,151
102,73,146
115,73,148
101,73,148
111,76,150
110,76,150
101,73,147
108,73,151
107,73,145
106,73,145
110,76,151
112,76,151
113,74,147
107,72,150
111,75,152
105,71,144
111,73,151
106,75,151
101,72,148
108,74,146
105,70,145
107,74,146
110,72,150
115,75,151
110,75,152
106,71,144
114,72,148
112,75,152
104,71,144
103,74,147
110,71,145
112,76,150
105,70,146
108,73,145
106,70,146
104,70,145
106,70,145
109,76,150
103,71,148
101,71,145
105,73,145
109,74,146
115,74,148
113,76,151
109,76,151
111,71,148
106,74,146
107,73,151
104,70,146
102,74,148
105,74,151
103,74,150
107,70,146
106,72,150
113,75,148
109,75,152
101,71,147
112,73,151
107,71,144
113,75,152
116,74,150
112,71,147
111,72,150
103,70,145
107,70,145
103,71,144
115,74,151
105,75,148
116,74,149
102,74,149
115,75,149
100,72,147
114,72,147
103,73,150
113,76,150
104,75,149
109,73,145
113,72,146
108,76,150
111,72,145
115,73,150
110,74,146
100,72,146
104,73,145
102,72,149
103,70,146
108,70,146
105,74,146
101,72,145
108,76,151
114,76,151
104,75,150
116,75,150
108,75,152
106,73,151
100,71,146
112,71,146
110,74,152
114,72,149
111,74,152
105,72,150
114,75,152
113,73,146
108,71,144
106,72,144
111,76,152
102,70,145
108,70,145
112,76,152
113,73,151
105,72,144
105,75,151
101,73,149
102,71,144
109,74,152
112,72,150
107,71,149
102,71,148
108,71,149
116,75,151
105,70,144
104,70,144
110,76,149
112,74,152
101,73,146
116,73,149
110,76,152
114,74,147
107,72,144
114,76,150
111,71,145
112,71,148
111,76,149
113,76,152
109,75,147
106,71,149
109,76,149
110,73,145
108,75,147
107,76,150
104,72,144
106,70,147
100,71,145
109,71,149
106,70,144
111,74,146
103,70,144
115,73,147
114,75,148
102,70,146
105,70,147
102,74,147
107,70,147
109,70,146
103,73,145
108,74,152
104,74,151
110,75,147
100,72,148
100,73,147
100,73,148
116,73,148
104,74,146
104,75,148
107,75,147
113,74,152
112,76,149
107,75,152
115,72,148
115,76,151
107,76,151
108,76,149
116,74,151
109,76,152
100,71,147
105,71,149
114,76,152
108,72,144
105,73,151
115,75,152
104,70,147
104,72,150
113,71,147
108,70,147
110,71,149
109,71,144
109,70,145
101,70,145
107,70,144
103,72,144
116,74,148
102,70,144
102,74,150
116,75,149
102,73,150
114,73,151
101,71,144
112,72,145
113,72,150
101,74,148
111,75,147
103,75,149
117,74,150
116,73,150
106,75,147
107,74,152
101,72,149
100,72,145
115,76,150
117,74,149
101,74,149
113,76,149
99,72,147
115,72,147
114,72,146
106,76,150
114,74,152
111,73,145
103,70,147
107,76,149
101,71,148
101,70,146
104,71,149
117,75,150
103,75,150
99,72,146
108,76,152
115,72,149
109,70,147
112,74,146
110,70,146
104,75,151
113,71,146
99,71,146
115,76,152
109,72,144
111,71,149
113,71,148
117,75,151
102,73,145
114,73,146
108,70,144
103,74,146
106,75,152
101,70,144
102,72,144
106,76,151
116,76,151
112,71,145
112,75,147
115,75,148
116,75,152
100,73,146
104,73,151
99,71,145
115,74,147
103,72,150
100,73,149
100,70,145
110,70,145
105,75,147
110,71,144
103,74,151
103,75,148
106,74,152
117,73,149
115,73,151
102,70,147
101,74,147
114,76,149
100,71,144
114,72,150
117,74,151
115,74,152
110,70,147
103,71,149
106,76,149
107,76,152
99,71,147
116,73,147
99,72,148
116,76,152
112,71,149
116,76,150
114,71,147
111,75,153
112,75,153
100,70,146
110,72,144
116,72,148
105,71,143
99,73,147
112,76,153
105,76,150
104,71,143
109,70,144
104,70,143
112,73,145
111,70,146
101,73,150
113,72,145
99,73,148
117,73,148
117,75,149
111,76,153
100,70,144
113,76,153
110,75,153
113,74,146
105,70,143
103,70,143
101,72,144
113,75,153
102,75,149
106,71,143
101,74,150
113,75,147
100,71,148
109,72,151
103,71,143
117,74,148
117,73,150
99,72,145
101,73,145
100,72,149
105,75,152
108,72,151
106,70,148
118,74,150
110,76,148
107,70,148
109,76,148
110,72,151
110,76,153
110,73,152
102,74,146
100,74,148
104,75,147
114,71,148
114,76,153
105,76,151
117,76,151
106,70,143
109,73,152
112,77,151
103,75,151
111,77,151
117,75,152
105,70,148
109,75,153
105,74,152
