230,191,200
231,192,201
229,190,199
230,191,199
230,191,201
230,190,199
230,190,200
231,191,200
231,192,200
231,192,202
229,190,198
229,190,200
231,191,201
229,189,198
230,190,198
229,189,199
231,191,199
228,189,198
229,189,197
232,192,201
230,191,198
230,191,202
230,190,201
230,189,198
232,192,202
230,189,199
231,190,199
228,189,197
228,189,199
231,191,202
231,190,200
231,192,199
231,192,203
229,190,197
229,190,201
229,189,200
232,192,200
228,188,197
230,190,197
228,188,198
229,188,197
229,188,198
230,189,197
231,190,198
231,191,198
230,189,200
232,191,200
231,190,201
232,191,201
228,188,196
232,192,203
229,189,196
228,189,196
228,189,200
229,188,196
227,188,197
233,193,202
229,188,199
232,191,199
228,188,199
232,191,202
230,190,202
233,193,203
232,192,199
231,191,203
227,188,196
227,188,198
230,191,197
230,191,203
231,189,199
233,193,201
228,187,196
228,187,197
230,188,198
231,189,198
229,189,201
230,189,196
230,188,197
231,190,197
231,192,198
231,192,204
229,190,196
229,190,202
230,189,201
228,188,195
233,192,201
227,187,196
233,192,202
231,190,202
231,189,200
227,187,197
232,190,200
230,188,199
233,193,204
230,190,196
232,190,199
228,187,195
232,192,204
229,188,195
228,187,198
229,187,197
227,187,195
231,191,197
231,189,197
229,188,200
232,191,198
229,187,196
233,192,200
230,188,196
227,188,199
227,188,195
233,192,203
232,191,203
232,190,201
229,189,195
228,189,201
228,189,195
228,188,200
233,193,200
229,187,198
227,187,198
232,190,198
234,194,203
231,189,201
232,192,198
229,187,195
230,188,200
233,191,201
226,187,196
234,194,204
233,191,200
227,186,195
227,186,196
230,190,203
228,187,194
227,187,194
228,187,199
226,187,195
226,187,197
230,189,195
234,194,202
231,191,204
233,193,205
231,190,196
232,190,202
228,188,194
228,186,196
233,192,199
231,189,196
233,191,202
234,193,202
230,189,202
234,193,203
228,186,195
230,188,195
231,190,203
233,192,204
229,189,202
231,188,198
229,187,199
230,191,196
230,191,204
227,186,194
233,191,199
227,186,197
226,186,195
234,194,205
230,187,197
228,186,197
229,188,194
231,188,197
232,190,197
231,188,199
227,188,200
227,188,194
231,192,197
231,192,205
229,190,203
229,190,195
232,189,199
232,191,197
226,186,196
229,188,201
234,193,201
230,187,196
227,187,199
232,192,205
234,193,204
232,191,204
230,187,198
229,187,194
228,186,194
232,189,198
233,193,199
226,186,194
232,189,200
226,187,194
226,187,198
230,190,195
234,194,201
233,191,203
231,189,202
231,191,196
230,188,201
228,188,201
231,188,196
234,192,202
229,186,196
234,192,201
229,189,194
231,188,200
226,186,197
228,189,202
228,189,194
230,187,195
229,186,195
228,186,198
227,186,193
233,190,200
227,187,193
229,186,197
228,187,193
232,190,203
232,189,197
233,191,198
227,186,198
230,187,199
234,192,203
228,187,200
232,189,201
233,190,199
233,192,198
234,193,200
227,185,195
229,187,200
231,189,195
233,190,201
232,192,197
234,194,206
234,193,205
230,188,194
227,185,194
235,195,204
225,187,196
233,192,205
226,186,193
233,193,206
234,192,200
226,185,194
228,186,193
226,185,195
235,195,205
225,187,195
225,186,195
229,186,194
227,185,196
230,189,194
228,188,193
231,190,195
232,190,196
235,195,203
229,186,198
235,194,203
235,194,204
230,190,204
225,187,197
230,189,203
225,186,194
225,186,196
233,190,198
231,190,204
231,188,195
226,187,193
226,187,199
229,187,193
226,185,193
227,185,193
231,191,205
228,185,195
233,191,204
226,185,196
233,190,202
234,192,204
234,194,200
227,187,200
230,187,194
231,188,201
229,188,193
226,186,198
227,188,201
227,188,193
229,189,203
228,185,194
232,189,196
235,195,206
228,185,196
232,191,196
235,194,202
230,187,200
225,187,194
229,188,202
235,194,205
234,191,201
228,186,199
232,189,202
225,185,194
231,187,197
232,191,205
233,193,198
230,191,195
230,191,205
231,189,203
227,186,192
234,192,199
234,191,200
227,185,197
225,185,195
230,188,202
231,187,198
232,192,206
234,191,202
232,188,198
233,191,197
227,186,199
235,193,203
235,195,202
225,186,193
225,186,197
231,187,196
231,192,196
231,192,206
229,190,194
229,190,204
230,186,196
229,186,193
232,188,199
235,193,202
234,193,199
225,185,193
228,185,193
225,187,198
226,186,192
230,186,197
232,188,197
234,193,206
232,190,204
226,185,192
228,185,197
229,186,199
228,186,192
228,188,202
233,190,197
227,185,192
230,186,195
226,185,197
227,187,192
230,190,194
234,194,207
235,193,204
228,187,192
229,187,201
231,187,199
234,191,199
231,191,195
233,190,203
225,185,196
228,187,201
233,192,197
235,194,201
233,189,199
231,189,194
234,191,203
226,184,194
235,193,201
232,188,200
235,194,206
229,189,193
234,192,205
230,188,193
235,195,207
226,184,193
231,187,195
233,192,206
233,189,200
228,189,203
228,189,193
230,186,198
231,188,194
229,185,195
233,189,198
232,188,196
225,187,193
227,184,194
230,187,193
229,185,196
233,193,207
226,184,195
225,185,192
230,186,194
232,190,195
231,188,202
232,189,195
229,185,194
232,192,196
233,191,205
227,184,193
226,187,192
226,187,200
226,186,199
225,184,193
225,184,194
227,185,198
227,184,195
228,185,192
230,187,201
235,193,205
229,187,192
236,196,205
224,186,195
226,184,192
234,194,199
233,189,201
234,192,198
232,189,203
225,186,192
225,186,198
236,196,206
235,192,202
224,186,194
228,185,198
235,195,201
228,186,200
230,189,193
231,187,200
228,188,192
231,190,194
229,185,197
224,185,194
236,195,204
236,195,205
234,191,198
233,189,197
235,192,201
227,187,201
229,186,192
236,196,204
225,184,192
232,188,201
235,192,203
235,193,200
230,189,204
224,186,196
225,184,195
226,185,191
225,185,197
231,190,205
225,187,199
234,190,200
227,184,192
230,186,199
227,186,191
234,191,204
229,185,193
227,185,191
224,185,193
224,185,195
226,185,198
233,190,196
226,184,196
231,187,194
229,186,200
230,190,205
234,190,201
227,184,196
229,188,192
233,191,196
227,188,192
227,188,202
227,186,200
232,191,195
231,191,206
234,190,199
236,195,203
235,194,200
234,193,198
232,188,195
236,196,207
231,189,204
236,195,206
228,184,194
226,186,191
229,188,203
233,190,204
230,188,203
224,186,193
230,186,193
235,194,207
233,193,197
234,193,207
229,189,204
232,191,206
235,192,200
228,184,195
228,186,191
226,184,191
236,194,204
233,189,202
228,184,193
235,192,204
235,195,208
236,194,203
225,185,191
224,184,193
234,190,202
232,190,205
234,192,206
236,196,203
235,193,206
229,185,198
234,194,208
225,184,191
224,184,194
224,185,192
224,185,196
232,192,207
224,186,197
229,187,202
236,194,205
225,184,196
233,189,196
234,190,198
231,188,193
231,186,196
228,185,191
230,191,194
230,191,206
227,187,191
231,186,197
225,187,192
228,184,196
232,187,197
228,187,191
224,184,192
227,184,191
232,187,198
231,187,201
230,187,192
229,185,192
236,194,202
227,185,199
236,195,202
233,192,196
231,192,195
231,192,207
229,190,193
229,190,205
228,185,199
228,187,202
228,188,203
232,189,194
226,183,193
227,184,197
231,189,193
228,184,192
232,188,202
236,195,207
231,188,203
225,183,193
231,186,195
234,191,197
230,188,192
230,185,195
235,193,199
232,187,196
226,184,197
225,183,192
230,186,200
230,185,196
233,192,207
236,196,208
226,183,192
231,186,198
224,184,195
230,187,202
225,186,191
225,186,199
234,192,197
226,183,194
232,187,199
235,192,199
230,190,193
235,195,200
233,188,198
226,186,200
233,191,206
235,191,201
234,191,205
232,189,204
225,185,198
233,188,199
