119,167,188
119,166,188
119,168,188
120,168,189
118,166,187
119,165,188
119,169,188
120,167,189
120,169,189
118,165,187
118,167,187
119,168,189
119,166,187
118,167,188
120,167,188
119,167,189
119,167,187
118,166,188
120,168,188
119,169,189
119,165,187
118,168,188
120,166,188
120,166,189
120,170,189
118,164,187
118,168,187
119,166,189
119,168,187
118,165,188
120,169,188
119,170,188
119,170,189
118,169,188
120,169,190
118,165,186
120,168,190
118,166,186
121,168,189
117,166,187
119,169,187
121,169,189
117,165,187
120,171,189
118,169,187
120,170,188
120,170,190
118,164,186
121,169,190
117,165,186
121,167,189
117,167,187
120,167,190
118,167,186
121,168,190
121,170,190
117,164,186
117,166,186
121,170,189
117,164,187
119,171,189
118,170,188
118,167,189
118,168,189
120,167,187
119,171,188
120,171,190
120,166,187
117,168,187
121,167,190
121,171,190
117,163,186
117,167,186
118,166,189
120,168,187
118,169,189
119,168,190
118,168,186
120,165,187
119,169,190
119,166,186
119,170,187
119,165,186
120,171,188
121,171,189
120,172,189
118,170,187
117,166,188
121,168,188
117,167,188
121,167,188
119,167,190
119,167,186
119,170,190
117,165,188
119,164,186
121,169,188
120,172,190
120,169,187
117,168,188
118,170,189
121,172,190
121,166,188
117,168,186
117,169,187
119,172,189
118,171,188
121,170,191
117,164,185
121,169,191
117,165,185
119,168,186
119,171,190
122,169,190
118,169,186
119,172,188
122,170,190
121,171,191
121,170,188
117,163,185
116,165,186
121,172,189
117,169,188
116,164,186
121,168,191
122,168,190
117,166,185
116,166,186
119,171,187
120,172,188
120,169,191
118,171,189
122,171,190
120,170,191
120,170,187
118,165,185
118,164,185
116,163,186
120,173,189
118,171,187
120,173,190
121,172,191
121,173,190
117,169,186
120,168,191
122,170,191
122,169,189
116,164,185
117,170,187
118,166,185
122,168,189
120,171,191
116,165,187
122,169,191
122,171,191
116,166,187
119,172,190
118,163,185
116,167,186
119,169,186
116,163,185
116,165,185
117,167,185
122,170,189
121,171,188
117,170,188
119,173,189
116,164,187
118,172,188
122,167,189
122,172,190
116,167,187
122,168,191
122,172,191
118,170,186
116,162,185
116,166,185
118,167,185
120,172,191
121,173,189
121,173,191
118,168,190
118,172,189
122,171,189
118,169,190
117,167,189
120,166,186
119,173,188
118,167,190
116,168,186
120,171,187
116,168,187
121,167,187
117,168,189
120,165,186
117,166,189
120,167,186
121,166,187
117,168,185
121,168,187
119,172,187
121,174,190
119,173,190
117,170,186
120,174,190
120,173,188
118,170,190
122,173,191
116,167,185
122,173,190
118,166,190
119,170,186
117,171,187
117,169,189
120,174,189
118,172,187
117,171,188
120,173,191
121,172,188
117,165,189
118,168,185
120,164,186
121,165,187
119,169,191
120,168,186
121,169,187
119,170,191
122,172,189
119,168,191
121,174,191
119,165,185
116,169,187
119,164,185
118,171,190
119,166,185
119,174,189
122,171,192
116,163,184
116,169,186
118,173,188
121,170,192
116,166,188
122,168,188
122,170,192
117,170,189
117,164,184
116,164,184
121,171,192
117,163,184
119,171,191
118,171,186
116,167,188
122,167,188
123,170,191
119,167,191
116,165,188
122,172,192
122,169,188
123,171,191
121,174,189
116,162,184
118,173,189
121,169,192
122,174,191
117,165,184
116,168,185
115,164,185
121,172,192
122,169,192
123,170,190
123,169,191
116,165,184
115,163,185
117,162,184
120,169,186
123,169,190
117,169,185
120,172,187
119,167,185
116,168,188
121,170,187
123,172,191
115,165,185
122,174,190
120,174,191
122,166,188
116,164,188
115,164,186
119,174,190
115,165,186
123,171,190
118,169,185
122,173,192
122,170,188
119,172,191
115,162,185
123,168,190
118,172,190
119,174,188
121,175,190
117,172,188
117,171,186
119,171,186
115,163,186
120,175,190
117,166,184
121,173,192
117,171,189
122,173,189
115,166,186
116,170,187
121,173,188
117,172,187
119,173,187
116,166,184
115,166,185
120,174,188
121,175,191
116,169,188
123,173,191
123,172,190
123,171,192
119,168,185
120,175,189
118,173,187
116,170,186
115,163,184
120,170,192
123,170,192
123,172,192
122,174,192
120,171,192
115,167,186
122,171,188
118,164,184
115,162,184
115,164,184
120,169,192
120,170,186
122,175,191
119,173,191
116,169,185
121,171,187
118,163,184
118,165,184
121,174,192
117,167,184
123,169,192
123,173,192
119,175,189
115,167,185
120,172,192
118,174,189
118,174,188
123,169,189
118,172,186
120,168,192
115,161,184
115,165,184
118,173,190
117,170,185
120,175,191
116,167,184
116,170,188
121,175,189
123,168,189
117,172,189
115,165,187
122,175,190
123,173,190
123,170,189
123,174,191
118,170,185
118,166,184
115,166,187
120,173,187
115,164,187
119,175,190
116,171,187
115,168,186
119,169,185
122,174,189
117,173,188
120,173,192
123,167,189
122,175,192
123,174,192
117,168,190
115,167,187
117,167,190
123,171,189
119,172,186
122,172,188
115,166,184
121,176,190
115,163,187
117,172,186
121,176,191
117,169,190
120,176,190
121,174,188
119,174,191
118,169,191
121,166,186
121,175,192
117,173,187
118,168,191
115,168,185
119,175,188
117,166,190
116,171,186
117,168,184
121,167,186
120,171,186
118,167,184
118,170,191
121,172,187
121,165,186
122,176,191
119,174,187
117,170,190
116,170,185
116,171,188
120,175,188
120,165,185
116,168,184
115,168,187
116,167,189
118,167,191
122,171,193
116,163,183
122,172,193
116,162,183
123,174,190
120,166,185
116,166,189
121,168,186
118,174,190
120,174,192
123,175,191
120,176,189
116,168,189
118,174,187
122,167,187
123,172,189
120,164,185
118,171,191
115,169,186
122,170,193
117,173,189
122,168,187
116,164,183
123,175,192
122,173,193
120,176,191
116,161,183
116,165,189
122,166,187
124,171,191
115,167,184
123,172,193
124,170,191
120,167,185
115,162,183
123,171,193
117,171,185
115,163,183
119,170,185
118,175,189
116,169,189
117,171,190
122,176,192
124,171,192
123,173,193
122,169,187
124,172,191
122,176,190
124,172,192
118,171,185
115,161,183
116,172,187
119,176,189
124,169,191
118,175,188
118,173,186
123,170,193
122,173,188
119,170,192
114,163,185
116,165,183
121,169,186
121,171,193
114,164,185
124,170,192
115,169,187
118,168,184
115,164,183
122,174,193
118,172,191
119,169,192
121,176,189
119,175,191
119,176,190
122,175,189
117,163,183
121,172,193
114,163,184
115,169,185
121,176,192
121,170,193
119,171,192
124,173,192
114,162,184
120,174,187
114,162,185
117,162,183
117,174,188
117,164,183
123,174,193
114,165,185
117,169,184
120,168,185
114,164,184
119,164,184
119,168,192
124,173,191
116,170,189
120,175,192
123,173,189
119,165,184
121,173,193
121,177,191
116,172,188
114,161,184
122,170,187
121,169,193
119,163,184
119,172,192
119,173,186
120,172,186
116,169,184
124,170,190
117,161,183
123,175,190
115,165,183
117,172,190
121,177,190
121,173,187
123,176,192
117,173,186
116,172,186
115,170,186
121,175,188
117,165,183
115,166,188
123,168,188
124,169,190
123,176,191
120,177,190
124,174,192
124,171,190
115,168,184
115,165,188
114,165,184
119,166,184
116,166,183
123,169,188
114,166,185
122,175,193
122,177,191
116,171,185
117,174,187
118,175,190
115,167,188
118,173,191
123,167,188
121,170,186
114,164,186
123,175,193
117,174,189
121,174,193
115,170,187
114,165,186
115,164,188
114,163,186
124,168,190
119,176,188
124,174,191
123,170,188
119,173,192
124,172,193
124,172,190
122,177,192
116,171,189
120,169,185
115,168,188
120,177,191
119,171,185
118,169,184
124,171,193
