161,147,92
161,146,92
161,148,92
162,148,93
160,146,91
161,145,92
161,149,92
162,148,92
162,147,93
162,149,93
160,146,92
160,145,91
160,147,91
162,147,92
160,147,92
162,149,92
160,145,92
161,147,91
161,147,93
161,146,91
161,148,93
162,146,93
162,150,93
160,144,91
160,148,91
162,146,92
161,148,91
161,146,93
160,148,92
161,144,92
161,150,92
162,150,92
161,145,91
160,144,92
161,149,93
163,149,93
159,145,91
163,148,93
161,149,91
159,146,91
161,145,93
163,150,93
159,144,91
162,145,92
162,145,93
162,151,93
160,143,91
160,149,91
160,149,92
163,147,93
159,147,91
161,144,91
161,150,93
162,151,92
163,149,94
160,143,92
163,151,93
159,145,90
159,143,91
161,143,92
161,151,92
162,148,94
163,148,94
163,150,94
160,146,90
159,144,90
159,146,90
161,150,91
162,149,94
160,145,90
161,144,93
162,147,94
160,147,90
163,146,93
159,148,91
162,144,92
162,148,91
162,147,91
163,149,92
163,147,94
163,151,94
162,150,94
163,148,92
160,146,93
160,144,90
159,143,90
159,147,90
160,147,93
159,145,92
160,150,92
159,146,92
162,144,93
162,152,93
160,142,91
160,150,91
161,143,91
162,149,91
163,152,93
163,150,92
162,146,94
160,148,90
162,146,91
159,142,91
160,145,93
163,147,92
161,151,93
159,144,92
160,148,93
162,152,92
159,147,92
160,142,92
161,151,91
160,143,90
162,151,94
162,150,91
164,150,94
163,146,94
163,152,94
158,144,90
163,151,92
159,142,90
159,148,90
163,145,93
161,143,93
164,149,94
158,145,90
161,142,92
162,145,91
160,144,93
163,146,92
159,149,91
159,143,92
164,151,94
158,143,90
160,149,90
160,149,93
162,145,94
159,148,92
161,147,90
161,147,94
161,146,90
161,148,94
162,143,92
164,150,93
164,149,93
164,148,94
158,144,91
158,145,91
158,146,90
163,153,93
161,148,90
161,146,94
162,143,93
164,151,93
161,145,90
160,141,91
159,141,91
164,152,94
161,142,91
161,149,94
158,142,90
158,143,91
164,148,93
162,151,91
158,146,91
163,152,92
160,142,90
162,152,94
162,144,91
163,145,92
163,145,94
163,153,94
160,143,93
159,141,90
159,149,90
159,142,92
164,147,94
161,149,90
158,147,90
164,152,93
161,145,94
160,141,92
161,144,90
163,149,95
160,150,93
163,144,93
159,149,92
164,147,93
158,142,91
163,150,95
160,150,90
161,150,94
159,145,89
162,144,94
164,153,94
164,150,95
163,148,95
158,147,91
161,142,93
159,144,89
158,141,90
158,144,89
164,149,95
164,151,95
159,146,89
161,141,92
158,143,89
158,145,89
163,151,95
159,143,89
162,152,91
163,153,92
161,150,90
162,142,92
163,147,95
164,153,93
164,146,94
164,148,95
164,152,95
159,140,91
159,147,89
161,143,90
160,141,90
162,143,91
161,144,94
163,144,92
158,142,89
158,146,89
158,148,90
164,146,93
161,141,91
158,141,91
160,142,93
162,142,93
160,140,91
159,141,92
161,151,94
163,144,94
163,148,91
163,149,91
159,140,90
163,152,95
158,148,91
162,148,95
164,154,94
159,142,89
162,149,95
160,151,93
159,150,92
159,146,93
163,147,91
159,145,93
160,146,89
160,145,89
158,140,90
163,150,91
164,149,92
164,150,92
165,151,94
157,143,90
165,150,94
157,144,90
162,147,95
164,153,95
164,147,95
163,143,93
163,146,95
159,147,93
162,143,94
162,150,95
159,148,89
160,147,89
158,145,92
158,141,89
158,147,89
164,148,92
158,144,92
160,140,92
159,144,93
160,144,89
165,152,94
161,151,90
164,151,92
157,142,90
165,149,94
164,154,93
163,146,91
165,151,95
157,145,90
157,143,89
162,147,90
165,150,95
158,146,92
162,148,90
161,141,93
157,144,89
161,142,90
163,151,91
164,145,94
158,143,92
165,152,95
164,145,93
161,143,94
160,147,94
157,142,89
162,146,95
160,146,94
160,148,89
162,146,90
163,153,95
164,147,92
158,140,91
159,148,93
159,141,89
165,153,94
162,149,90
162,151,95
162,142,91
160,143,89
165,149,95
163,143,92
164,152,92
161,152,94
157,141,90
160,140,90
161,140,92
160,148,94
165,148,94
157,145,89
159,143,93
158,149,91
162,141,92
160,145,94
157,146,90
165,153,95
158,147,92
160,141,93
164,154,95
164,146,95
159,139,91
159,140,92
157,141,89
163,145,91
163,145,95
162,145,90
158,140,89
158,148,89
159,149,89
163,143,94
158,142,92
161,140,91
159,139,90
162,150,90
163,152,91
158,139,90
165,150,93
162,141,93
160,139,91
165,151,93
165,148,95
164,146,92
160,149,89
160,149,94
162,145,95
165,154,94
157,146,89
157,144,91
157,143,91
159,149,93
160,142,89
160,144,94
165,149,93
164,153,92
162,152,95
165,147,94
165,152,93
157,140,90
165,154,95
163,142,93
162,142,94
157,145,91
159,142,93
161,141,90
157,140,89
159,140,89
162,144,90
157,147,90
158,148,92
157,142,91
164,144,93
164,144,94
164,150,96
161,142,94
164,151,96
162,151,90
165,148,93
163,144,91
158,141,92
158,139,91
160,139,92
164,149,96
165,153,93
164,145,95
165,147,95
160,150,94
158,144,88
161,146,89
163,153,91
161,148,95
162,141,91
161,147,89
161,147,95
157,146,91
161,140,93
163,142,92
158,139,89
164,145,92
158,143,88
164,152,96
160,150,89
157,147,89
163,144,95
165,151,96
158,145,88
165,155,94
157,141,91
160,143,94
160,139,90
161,145,89
161,149,95
165,150,96
165,152,96
162,144,95
161,148,89
164,154,92
164,148,96
160,141,89
161,146,95
165,155,95
157,143,88
165,146,94
160,140,93
158,142,88
159,150,93
159,139,92
165,147,93
157,139,90
163,149,96
162,143,90
162,153,95
163,150,96
157,142,88
157,144,88
162,140,92
158,138,90
157,139,89
161,139,92
159,138,91
163,142,94
158,146,88
159,138,90
165,154,93
165,149,96
165,153,96
161,144,89
159,141,93
158,149,92
164,153,96
157,148,90
163,148,96
162,152,90
161,139,91
161,149,89
161,150,95
163,151,96
159,145,88
166,152,95
156,142,89
159,144,88
157,147,91
166,151,95
156,143,89
159,139,89
157,141,88
157,145,88
163,143,91
161,145,95
158,140,92
158,141,88
161,140,90
164,147,96
165,146,95
159,146,88
162,140,93
160,138,91
166,153,95
157,140,91
160,151,94
164,143,93
156,141,89
159,143,88
166,150,95
156,144,89
164,143,94
164,144,92
163,147,96
162,141,94
158,147,88
165,148,96
165,154,96
163,141,93
161,141,94
161,143,89
160,142,94
164,144,95
165,146,93
163,152,96
166,151,94
164,149,91
158,138,91
166,152,94
158,138,89
156,143,90
164,150,91
159,147,88
161,150,89
156,142,90
166,154,95
157,140,88
157,146,88
160,140,89
164,154,96
164,148,91
161,151,95
165,155,93
162,143,95
156,140,89
159,142,88
166,150,94
165,145,94
166,149,95
163,143,95
162,142,90
166,153,94
156,145,89
156,144,90
162,140,91
163,141,92
157,138,89
158,140,88
164,151,91
157,138,90
161,144,95
156,141,90
166,152,96
160,138,92
163,148,90
158,145,93
166,151,96
157,148,91
163,149,90
164,147,91
158,144,93
165,150,92
156,142,88
164,146,96
160,138,90
166,153,96
163,146,96
163,147,90
165,151,92
166,149,94
156,143,88
161,139,93
158,146,93
159,140,93
165,149,92
156,141,88
165,155,96
165,147,96
166,154,94
158,148,88
159,148,88
157,139,91
163,153,96
166,155,95
166,150,96
163,150,90
161,142,89
156,145,90
160,139,93
159,146,94
159,138,92
163,142,91
158,137,90
164,152,91
165,152,92
158,143,93
165,145,95
159,141,88
