97,154,183
97,153,183
97,152,183
98,155,184
96,153,182
97,153,182
97,154,184
98,154,184
96,152,182
98,154,183
97,152,182
96,153,183
97,151,183
97,153,184
98,153,183
98,153,184
96,151,182
96,152,183
97,151,182
97,152,184
98,152,183
98,152,184
96,150,182
96,151,183
97,150,183
96,152,181
98,155,185
97,150,182
96,151,181
98,154,185
98,151,183
97,151,184
96,150,183
99,155,184
98,151,184
96,149,182
95,152,182
96,150,181
96,154,184
99,154,184
98,154,182
99,156,185
98,153,185
98,153,182
95,152,181
95,151,182
96,153,184
99,155,185
95,151,181
97,149,183
97,155,185
97,149,182
98,152,182
97,152,181
99,153,184
97,154,185
98,150,183
99,154,185
97,150,184
95,150,181
96,152,184
96,149,181
95,150,182
97,151,181
96,149,183
98,152,185
97,153,185
98,151,182
98,150,184
96,148,182
95,153,183
99,155,183
99,153,185
99,154,183
99,152,184
95,149,181
97,150,181
96,151,184
95,152,183
95,149,182
99,153,183
97,148,182
96,148,181
97,152,185
97,148,183
95,151,183
98,150,182
98,149,183
97,149,184
98,151,185
95,151,180
99,156,186
99,152,185
96,148,183
99,152,183
95,148,181
98,156,186
97,149,181
95,150,180
96,151,180
99,151,184
96,150,184
99,155,186
98,155,186
98,149,184
96,147,182
95,150,183
96,150,180
95,148,182
97,151,185
95,149,180
98,154,186
99,154,186
96,147,181
100,156,185
98,149,182
99,151,183
96,149,180
94,151,181
97,147,182
100,155,185
98,150,185
99,151,185
97,148,181
95,147,181
97,147,183
98,148,183
96,155,185
96,149,184
95,148,180
94,150,181
95,149,183
97,148,184
98,153,186
99,150,184
96,154,185
98,153,181
100,154,185
99,153,186
96,147,183
98,152,181
100,157,186
97,150,185
100,155,184
95,147,182
96,153,185
100,156,186
94,151,180
94,152,182
96,148,180
94,149,181
94,150,180
95,154,184
99,150,183
94,151,182
98,148,184
96,146,182
100,154,184
98,151,181
95,153,184
99,154,182
100,155,186
97,156,186
99,153,182
98,148,182
100,153,185
94,149,180
97,155,186
98,152,186
95,147,180
96,146,181
97,152,180
96,152,185
95,152,184
94,150,182
97,151,180
95,148,183
99,150,185
97,147,181
99,152,186
95,146,181
100,153,184
98,149,185
99,152,182
97,154,186
94,148,181
98,150,181
96,148,184
100,154,186
97,146,182
97,150,180
94,148,180
99,149,184
96,147,180
95,151,184
98,147,183
97,149,185
97,147,184
94,149,182
97,146,183
96,151,185
97,153,186
95,146,182
100,152,185
99,151,182
96,146,183
99,149,183
99,157,187
95,150,179
100,152,184
98,151,186
99,156,187
97,149,180
95,146,180
98,149,181
100,153,186
94,147,181
95,149,179
94,147,180
95,150,184
99,151,186
98,147,182
98,147,184
96,145,182
95,147,183
99,155,187
94,148,182
97,152,186
96,145,181
94,153,183
100,155,183
100,157,187
94,150,179
97,146,181
99,149,185
94,152,183
95,145,181
96,150,185
100,154,183
99,150,182
95,148,179
96,146,180
96,147,184
94,149,179
98,148,185
100,156,187
100,151,185
97,148,180
100,151,184
98,157,187
94,151,183
100,153,183
96,151,179
98,156,187
99,154,187
99,148,184
97,148,185
96,150,179
100,152,186
97,145,182
94,148,179
95,149,184
98,150,186
98,148,181
94,146,180
94,146,181
100,155,187
99,148,183
98,155,187
95,145,182
98,146,183
95,145,180
97,151,186
97,146,184
95,147,179
94,150,183
94,147,182
96,149,179
97,145,183
96,145,183
100,152,183
99,150,186
101,157,186
99,149,182
96,149,185
95,146,183
94,147,179
101,156,186
98,154,187
99,153,187
101,156,185
100,154,187
97,147,180
98,146,182
93,150,180
96,148,179
100,150,184
94,149,183
96,145,180
101,155,185
93,151,181
100,150,185
98,146,184
96,144,182
101,155,186
97,145,181
99,148,185
93,149,180
95,144,181
96,144,181
95,148,184
100,151,186
93,150,181
95,146,179
96,146,184
100,151,183
96,155,186
94,145,180
95,154,185
98,147,181
98,147,185
97,150,186
98,153,187
94,145,181
98,149,186
96,154,186
101,154,185
94,146,179
97,147,185
94,146,182
93,148,180
95,153,185
93,149,181
98,152,180
99,147,184
101,158,187
99,153,181
100,153,187
99,152,187
101,154,186
96,147,179
95,144,180
101,157,187
99,147,183
98,151,180
99,148,182
99,152,181
94,148,183
95,144,182
93,150,179
96,153,186
96,148,185
99,149,186
97,144,182
95,152,185
93,149,179
101,156,187
97,146,180
93,148,181
98,145,183
97,145,184
93,147,180
101,153,185
95,145,183
98,150,180
98,152,187
100,150,183
99,151,181
100,149,184
101,156,184
93,148,179
96,144,183
95,145,179
101,155,184
97,144,183
95,147,184
97,156,187
96,152,186
100,149,185
101,153,186
93,152,182
94,145,179
100,150,186
95,151,185
101,155,187
96,144,180
98,145,182
93,151,182
97,149,186
94,144,180
97,155,187
94,153,184
100,152,187
96,146,179
97,151,179
101,154,184
100,158,188
98,146,181
99,151,187
94,149,178
93,147,179
99,147,185
98,149,180
94,144,181
97,144,181
94,145,182
100,154,182
93,147,181
95,143,181
93,150,182
94,152,184
99,150,181
97,150,179
100,157,188
94,147,183
99,158,188
96,145,184
96,143,181
98,148,186
93,146,180
98,145,184
96,143,182
95,150,178
97,154,187
100,153,182
94,148,178
99,157,188
101,152,185
95,149,178
98,146,185
97,146,185
96,151,186
99,147,182
101,154,187
100,156,188
94,151,184
101,153,184
98,151,187
97,149,179
96,147,185
95,150,185
93,149,182
99,156,188
95,143,180
95,148,178
100,152,182
99,146,184
100,149,183
97,145,180
99,146,183
101,152,186
93,146,179
94,147,178
99,148,186
97,153,187
95,144,179
95,143,182
98,148,180
94,144,179
99,149,181
93,146,181
100,148,184
100,155,188
99,155,188
95,146,184
94,150,184
96,145,179
100,151,187
95,144,183
97,148,179
95,147,178
93,148,182
97,143,182
97,148,186
93,145,180
101,152,184
100,149,186
101,158,188
100,151,182
100,148,185
99,150,187
94,146,183
94,143,180
98,144,183
101,151,185
97,144,184
101,153,187
94,146,178
96,150,186
93,149,178
95,149,185
96,143,180
101,157,188
96,143,183
94,144,182
97,152,187
93,148,178
98,145,181
93,145,179
94,143,181
99,154,188
98,150,187
97,143,183
98,144,182
100,154,188
94,149,184
98,147,186
101,151,186
101,156,188
95,146,178
99,146,185
93,147,178
98,157,188
98,147,180
95,142,181
97,143,181
97,147,179
99,148,181
93,147,182
96,144,184
100,148,183
99,146,182
96,146,185
93,145,181
100,150,182
98,156,188
96,150,178
101,151,184
96,142,181
94,145,178
97,144,180
102,157,186
98,144,184
96,142,182
97,145,185
94,143,179
96,149,178
101,155,183
95,143,179
95,142,180
98,145,185
93,152,183
93,144,180
101,152,187
96,144,179
102,158,187
100,150,187
99,153,188
96,149,186
97,151,187
93,146,178
101,155,188
101,154,183
102,156,186
98,155,188
99,147,186
95,148,185
93,151,183
95,145,184
99,145,183
101,150,185
100,153,188
99,145,184
102,157,187
93,144,179
100,147,184
94,145,183
94,148,184
96,148,178
97,147,186
99,149,187
92,150,180
95,142,182
95,145,178
100,148,186
101,153,183
93,150,183
95,143,183
102,155,186
92,149,180
94,142,180
102,156,187
97,146,179
93,146,182
98,149,187
92,149,179
100,147,185
98,154,188
100,149,182
95,155,186
94,143,182
98,146,180
101,150,186
99,147,181
93,145,178
92,148,179
102,157,185
94,144,178
101,154,188
92,148,180
