208,186,202
209,187,203
207,185,201
208,185,202
208,187,202
209,186,203
207,186,201
207,184,201
209,188,203
208,185,201
208,187,203
208,186,203
208,186,201
209,186,202
210,188,204
206,184,200
207,186,202
207,184,200
209,187,202
209,187,204
207,185,202
207,185,200
209,188,204
210,187,204
206,185,200
210,189,204
206,183,200
208,184,201
210,187,203
208,184,202
208,188,203
209,185,202
208,185,203
206,185,201
209,185,203
208,188,202
207,187,202
209,186,204
207,187,201
210,188,203
210,188,205
206,184,201
206,184,199
206,183,199
208,187,201
210,189,205
207,183,200
207,184,202
209,189,204
207,183,201
207,186,200
209,189,203
211,189,205
205,183,199
210,186,203
209,188,202
210,186,204
206,186,201
211,188,205
205,184,199
206,186,200
210,187,205
211,188,204
206,185,199
208,185,200
206,183,201
211,190,205
205,184,200
205,182,199
206,182,199
210,190,205
209,186,201
206,182,200
210,190,204
208,184,200
210,189,203
211,189,204
211,189,206
205,183,200
205,183,198
209,185,201
207,184,199
205,182,198
208,184,203
209,184,202
208,183,201
208,189,203
211,190,206
208,187,204
211,187,204
209,185,204
207,188,202
211,187,205
205,185,200
207,183,199
207,186,203
205,185,199
208,186,200
208,186,204
209,188,205
210,187,202
211,188,206
207,183,202
210,186,202
209,184,203
208,183,202
209,190,204
210,185,203
208,188,204
207,182,200
209,187,201
209,187,205
207,185,203
207,185,199
207,187,203
206,187,201
210,186,205
212,190,206
204,182,198
205,184,198
206,183,198
212,189,206
208,188,201
204,183,198
208,189,202
207,188,201
209,189,205
206,185,202
205,182,200
207,187,200
210,185,204
209,184,201
208,183,200
207,182,201
211,191,206
205,181,198
206,182,198
211,190,204
211,191,205
205,181,199
212,189,205
210,189,206
209,189,202
206,186,202
204,183,199
209,190,203
206,182,201
210,188,202
210,188,206
206,184,202
206,184,198
208,185,204
212,191,206
206,187,200
210,191,205
204,181,198
210,185,202
211,186,204
207,182,199
206,186,199
211,187,203
209,186,205
211,188,203
206,181,199
212,190,207
212,190,205
204,182,199
204,182,197
212,188,205
205,186,200
207,184,203
208,189,204
212,188,206
211,187,206
207,188,203
210,190,206
204,184,199
204,181,197
212,191,207
204,184,198
211,186,205
206,181,200
205,182,197
205,184,201
210,190,203
212,189,207
209,190,205
210,187,206
210,191,204
208,187,200
206,187,202
205,185,201
209,184,204
208,183,203
204,183,197
207,186,199
205,186,199
211,186,203
209,183,202
211,190,207
206,181,198
206,183,202
205,181,197
209,188,201
207,189,202
208,182,201
211,189,203
211,189,207
205,183,201
205,183,197
208,190,203
205,185,198
204,181,199
205,181,200
208,184,199
210,185,205
210,184,203
207,182,202
209,185,200
211,192,206
213,191,207
212,192,207
203,181,197
212,191,205
213,190,207
203,182,197
212,187,205
209,183,201
204,180,197
212,192,206
206,188,201
204,180,198
206,185,198
205,180,198
209,191,204
210,191,206
212,188,204
208,182,200
208,184,204
211,191,207
204,185,199
207,181,200
207,183,198
209,185,205
212,189,204
209,183,203
208,185,199
212,188,207
205,186,201
213,190,206
209,184,200
208,182,202
208,183,199
211,188,207
210,189,202
210,184,202
203,182,198
212,187,206
209,186,200
210,186,201
211,191,204
205,180,199
207,183,203
207,184,198
210,184,204
211,192,205
207,189,203
213,192,207
208,190,204
204,183,200
213,189,206
207,181,199
211,185,204
203,180,197
210,186,206
213,189,207
211,186,206
213,191,208
213,191,206
203,181,196
203,181,198
210,185,201
205,182,201
203,183,198
204,181,196
206,181,201
207,182,198
204,184,200
212,187,204
204,185,198
203,183,197
207,181,201
205,187,200
205,180,197
208,189,201
210,192,205
207,188,200
210,187,201
206,182,197
203,180,196
213,192,208
206,188,202
207,189,201
204,184,197
208,190,202
209,191,205
213,190,208
205,184,197
211,185,203
212,191,208
212,190,208
212,190,204
206,180,199
204,182,200
204,182,196
206,183,197
204,180,196
206,182,202
209,190,202
208,187,205
203,182,196
211,185,205
211,187,202
211,192,207
206,187,199
206,188,200
204,180,199
207,186,204
211,190,203
209,191,203
212,193,207
208,188,205
211,186,202
209,188,206
209,183,200
204,185,200
206,180,198
211,187,207
206,181,197
208,186,199
208,186,205
207,187,204
208,182,199
213,188,206
212,192,208
212,189,208
203,180,198
206,180,200
204,179,197
212,186,205
205,187,201
209,187,200
209,187,206
207,185,198
207,185,204
213,189,205
210,192,206
203,184,198
209,189,206
210,184,201
213,192,206
211,188,202
213,193,208
212,187,207
209,183,204
208,188,200
212,192,205
206,185,203
213,190,205
213,193,207
205,180,200
213,189,208
213,188,207
207,187,199
208,182,203
203,179,196
210,191,203
203,179,197
204,186,199
206,186,203
205,181,196
204,179,198
211,193,206
212,193,206
207,181,198
209,184,205
214,191,208
208,183,204
202,181,196
214,192,208
205,187,199
210,189,207
202,180,196
205,186,198
212,186,204
210,192,204
204,181,200
210,184,205
209,189,201
209,182,202
205,182,196
208,189,205
207,188,204
203,182,199
205,181,201
210,188,201
210,188,207
206,184,203
206,184,197
209,182,201
204,183,196
212,186,206
213,188,205
205,179,198
208,181,201
203,183,199
203,184,197
214,191,207
208,185,205
210,183,203
206,186,198
207,190,202
207,181,202
204,179,196
202,181,197
208,191,203
210,190,207
210,185,206
212,188,203
211,185,202
208,181,200
207,182,203
209,186,206
210,183,202
203,180,195
209,190,206
203,183,196
214,190,207
212,187,203
207,184,204
214,190,208
206,187,203
205,180,196
207,190,203
202,182,197
212,188,208
212,193,208
206,189,201
205,179,197
212,191,204
214,193,208
208,191,204
205,184,202
214,192,209
214,192,207
202,182,196
213,191,209
213,191,205
203,181,195
203,181,199
202,180,195
202,180,197
210,190,202
211,185,206
202,179,196
213,192,209
205,185,202
204,186,200
209,192,204
211,193,207
207,180,200
206,180,197
205,179,199
209,182,203
211,184,204
210,187,207
207,180,199
211,192,204
203,184,199
206,189,202
214,191,209
203,179,195
212,189,203
214,193,209
211,190,208
211,184,203
202,179,195
208,181,202
213,187,206
209,192,205
210,183,204
211,186,207
203,179,198
204,186,198
205,185,197
209,184,199
211,189,202
211,189,208
205,183,202
205,183,196
206,181,202
208,183,198
206,183,203
202,181,195
211,193,205
206,180,201
204,185,197
213,190,209
213,194,208
210,191,207
209,182,200
213,188,208
208,184,198
213,193,209
205,188,200
209,185,199
204,179,199
205,186,202
214,189,207
211,191,208
203,185,198
204,180,195
208,181,199
212,186,203
207,189,204
212,194,207
208,190,205
210,183,201
213,187,205
204,181,195
210,185,200
203,178,196
210,193,205
207,182,197
213,193,206
202,183,197
207,183,197
207,180,201
214,190,206
208,187,199
208,184,205
213,187,207
205,188,201
204,180,200
211,184,205
209,185,206
202,179,197
214,189,208
206,179,199
207,186,198
211,191,203
214,190,209
210,186,200
209,183,199
212,186,207
213,194,207
211,188,208
206,188,203
203,180,199
214,191,206
209,191,206
214,193,207
203,182,195
210,193,206
203,178,197
204,178,197
206,179,198
212,185,205
208,182,198
209,188,200
214,194,209
204,183,201
213,189,204
204,184,201
207,183,204
207,180,198
214,194,208
212,185,204
213,188,204
205,179,196
211,184,202
202,178,195
210,184,200
214,189,206
202,178,196
204,179,195
210,186,207
205,182,202
202,183,196
207,189,200
213,189,209
208,190,201
202,181,198
202,182,198
212,187,208
203,185,199
203,178,195
211,186,201
204,178,196
206,185,197
