133,75,165
132,75,165
134,75,165
135,75,165
131,75,165
134,75,166
132,75,164
133,75,166
133,75,164
134,76,166
132,74,164
135,75,166
131,75,164
133,76,166
135,76,166
133,74,164
131,74,164
136,75,165
130,75,165
132,75,166
134,75,164
133,74,165
133,76,165
132,74,165
134,76,165
132,76,166
136,76,166
134,74,164
130,74,164
136,75,166
130,75,164
134,74,165
132,76,165
131,74,165
135,76,165
131,75,166
135,75,164
137,75,165
129,75,165
135,74,165
131,76,165
137,76,166
131,76,166
135,74,164
129,74,164
130,74,165
137,75,166
136,76,165
135,76,167
131,74,163
129,75,164
134,76,167
132,74,163
130,75,166
136,76,167
130,74,163
136,75,164
133,76,167
133,74,163
136,74,165
130,76,165
137,76,167
138,76,166
130,76,166
129,74,165
129,74,163
136,74,164
128,74,164
137,76,165
132,76,167
138,75,165
128,75,165
134,74,163
138,75,166
128,75,164
134,75,167
133,74,166
135,75,167
132,75,163
134,74,166
133,76,164
131,75,163
129,75,166
132,76,164
133,75,167
132,74,166
133,75,163
137,75,164
138,76,167
134,76,164
137,74,165
136,75,167
128,74,163
135,74,166
134,77,166
130,75,163
129,76,165
135,77,166
135,77,167
131,76,164
132,73,164
131,73,164
131,73,163
131,76,167
134,77,167
136,77,167
132,75,167
135,74,163
133,77,166
128,74,165
131,74,166
130,73,163
132,73,163
133,73,164
134,75,163
136,77,166
139,76,166
129,76,166
137,74,164
127,74,164
138,76,165
135,76,164
130,73,164
137,75,167
136,74,166
133,77,167
137,77,167
129,75,163
139,75,166
129,73,163
133,73,163
130,76,164
132,77,166
134,73,164
139,75,165
127,75,165
127,75,164
139,76,167
137,77,166
131,75,167
129,73,164
130,74,166
127,74,163
128,75,166
135,75,163
136,76,164
138,74,165
130,76,167
138,75,164
132,77,167
138,77,167
138,75,167
128,73,163
134,73,163
128,76,165
137,74,166
136,74,163
131,77,166
135,73,164
128,75,163
135,76,168
129,76,164
127,74,165
131,74,162
136,76,168
130,74,162
132,73,165
134,77,165
139,76,165
134,76,168
133,73,165
138,77,166
128,73,164
133,77,165
132,74,162
140,76,166
128,76,166
138,74,164
126,74,164
130,75,167
131,73,165
129,74,166
137,76,168
135,77,165
136,77,168
129,74,162
135,77,168
130,73,162
131,73,162
134,73,165
132,77,165
140,76,167
140,75,166
136,75,163
137,77,168
139,77,167
131,77,167
137,76,164
129,73,162
133,76,168
127,73,163
135,73,163
134,77,168
133,74,162
126,74,163
132,73,162
139,75,167
130,73,165
126,75,164
138,74,166
136,77,165
138,76,168
136,73,164
140,75,165
126,75,165
130,77,166
129,76,167
128,74,162
127,75,166
135,73,165
138,77,168
139,74,165
127,75,163
131,77,165
128,73,162
137,74,163
128,76,164
133,77,168
127,73,164
139,77,166
139,75,164
133,73,162
127,76,165
132,76,168
134,74,162
129,73,165
129,75,167
128,74,166
126,74,165
137,77,165
139,76,168
140,77,167
130,77,167
139,77,168
140,76,165
126,73,163
136,73,163
136,73,165
134,74,167
127,74,162
137,75,163
127,73,162
141,76,166
127,76,166
138,76,164
139,74,164
125,74,164
133,74,167
135,74,167
130,77,165
141,76,167
132,77,168
140,75,167
132,76,163
139,74,166
137,73,164
134,73,162
133,76,163
129,77,166
131,76,163
131,76,168
125,74,163
132,74,167
135,75,168
141,75,166
136,74,167
134,75,168
128,73,165
136,75,168
131,75,162
135,74,162
126,75,163
128,76,167
127,76,164
126,73,164
134,76,163
132,75,162
125,75,164
138,77,165
130,75,162
140,77,166
130,76,163
140,76,168
133,75,168
140,77,168
138,74,163
137,75,168
140,74,165
135,78,167
126,75,166
141,75,165
125,75,165
136,78,167
137,73,165
131,74,167
126,73,162
128,75,167
127,74,166
137,74,167
133,75,162
126,74,162
134,78,167
129,75,162
131,77,168
126,76,165
131,72,163
129,77,165
130,72,163
141,77,167
129,77,167
137,78,167
140,75,164
135,73,162
137,73,163
125,73,163
135,76,163
132,75,168
132,72,163
125,74,165
129,76,163
136,78,168
133,73,166
138,75,163
138,75,168
130,76,168
129,72,163
139,76,164
135,78,168
137,78,168
132,73,166
134,73,166
133,78,167
127,73,165
141,75,167
133,77,164
138,73,164
140,74,166
130,72,162
134,75,162
141,76,165
130,74,167
134,77,164
138,78,167
142,76,167
132,77,164
128,77,166
128,75,162
136,74,162
129,72,162
131,72,162
133,72,163
138,74,167
142,76,166
126,76,166
140,74,164
124,74,164
131,73,166
134,78,168
138,78,168
139,77,165
136,77,169
130,73,161
135,73,166
137,77,169
141,77,168
129,73,161
128,72,163
141,76,168
135,78,166
124,74,163
125,73,164
134,78,166
135,77,169
135,77,164
131,73,161
138,73,165
131,75,168
128,72,162
132,72,162
125,75,163
125,73,162
131,77,164
136,76,163
126,76,164
136,78,166
131,72,164
138,77,169
141,77,166
142,75,166
139,75,168
132,78,167
127,76,167
128,73,161
132,72,164
128,76,163
130,77,168
125,74,162
133,78,166
130,73,166
130,72,164
134,72,163
128,77,165
133,78,168
139,78,168
136,73,166
134,77,169
139,78,167
127,75,167
136,73,162
133,72,164
135,75,162
132,73,161
126,74,166
139,74,163
124,75,164
137,78,166
136,76,169
127,75,162
129,74,167
127,72,163
141,74,165
136,77,164
127,72,162
133,72,162
139,77,169
130,74,161
142,77,167
128,77,167
135,76,169
129,76,168
137,76,169
129,72,164
125,75,166
127,73,161
130,77,164
138,73,163
124,73,163
139,74,167
131,74,161
129,74,161
126,73,165
132,78,166
142,75,165
124,75,165
134,72,164
134,76,169
125,76,165
130,75,168
133,77,169
139,75,163
138,76,169
129,73,166
140,76,164
131,78,167
141,75,164
137,74,162
132,74,161
139,73,164
133,73,161
142,75,167
140,75,168
137,73,166
141,74,166
124,74,165
128,74,161
137,76,163
132,78,168
140,78,168
142,77,168
140,77,165
138,78,166
135,72,163
142,76,168
128,72,164
127,77,166
140,77,169
127,76,163
140,78,167
139,73,165
126,72,162
134,72,162
137,78,169
124,73,162
143,76,167
137,77,164
136,78,169
126,73,161
133,76,169
126,72,163
136,75,162
142,76,165
139,76,169
131,78,166
129,77,164
124,73,164
129,72,161
129,77,168
138,78,169
130,72,161
135,72,164
133,74,161
126,75,162
143,76,166
125,76,166
135,78,169
141,74,164
123,74,164
124,74,162
128,74,167
124,75,163
128,72,161
127,74,161
123,74,163
142,77,166
125,76,164
132,77,169
127,77,165
137,73,162
131,72,161
140,74,167
128,73,166
126,76,167
134,73,161
139,78,169
138,73,166
143,75,166
139,78,166
126,75,167
127,72,164
129,75,168
128,76,168
125,74,166
134,78,169
130,78,167
141,78,168
131,78,168
132,76,169
127,72,161
141,77,169
125,73,165
136,72,163
141,75,168
140,76,169
143,77,167
127,77,167
140,74,163
132,72,161
139,73,163
123,73,163
135,72,162
125,72,162
125,73,161
138,76,163
134,74,161
138,77,164
136,72,164
123,75,164
141,78,167
130,78,166
142,74,165
132,72,165
134,78,165
126,74,161
140,78,169
125,72,163
131,72,165
128,77,164
126,76,163
135,78,165
138,74,162
133,72,165
143,77,168
133,78,165
124,75,166
135,74,168
134,74,168
141,77,165
143,76,168
140,73,164
137,75,162
131,77,169
140,75,163
126,72,161
133,78,169
143,75,167
141,76,164
142,74,166
140,73,165
130,72,165
136,74,168
