139,42,213
138,42,213
140,42,213
137,42,213
141,42,213
142,42,213
136,42,213
135,42,213
143,42,213
140,42,214
138,42,212
139,42,214
139,42,212
141,42,214
137,42,212
138,42,214
140,42,212
142,42,214
136,42,212
139,41,213
139,43,213
138,41,213
140,43,213
137,42,214
141,42,212
134,42,213
144,42,213
140,41,213
138,43,213
137,41,213
141,43,213
143,42,214
135,42,212
141,41,213
137,43,213
136,42,214
136,41,213
142,43,213
142,42,212
140,43,214
138,41,212
139,43,214
141,43,214
137,41,212
139,41,212
142,41,213
138,43,214
142,43,214
136,43,213
136,41,212
140,41,212
135,41,213
133,42,213
145,42,213
143,43,213
144,42,214
134,42,212
135,42,214
143,42,212
143,43,214
137,43,214
141,41,212
135,41,212
143,41,213
135,43,213
134,41,213
144,43,213
145,42,214
133,42,212
136,43,214
144,43,214
134,41,212
142,41,212
134,42,214
144,42,212
132,42,213
146,42,213
139,41,214
139,43,212
140,41,214
138,41,214
138,43,212
140,43,212
144,41,213
141,41,214
134,43,213
137,43,212
137,41,214
133,41,213
141,43,212
145,43,213
135,43,214
145,43,214
133,41,212
143,41,212
142,41,214
146,42,214
136,43,212
136,41,214
132,42,212
133,42,214
142,43,212
145,42,212
143,41,214
131,42,213
147,42,213
145,41,213
135,43,212
133,43,213
132,41,213
135,41,214
146,43,213
134,43,214
146,43,214
143,43,212
132,41,212
144,41,212
140,42,215
138,42,211
141,42,215
137,42,211
139,42,215
139,42,211
147,42,214
142,42,215
136,42,211
144,41,214
138,42,215
131,42,212
140,42,211
141,43,215
140,43,215
137,41,211
132,42,214
138,41,211
134,43,212
134,41,214
146,42,212
142,43,215
136,41,211
139,43,215
139,41,211
143,42,215
144,43,212
135,42,211
146,41,213
137,42,215
141,42,211
143,43,215
132,43,213
135,41,211
138,43,215
131,41,213
133,43,214
147,43,214
140,41,211
131,41,212
145,41,212
130,42,213
148,42,213
147,43,213
145,41,214
144,42,215
134,42,211
144,43,215
133,43,212
136,42,215
134,41,211
137,43,215
133,41,214
142,42,211
141,41,211
148,42,214
145,43,212
130,42,212
131,42,214
140,44,214
141,44,214
147,42,212
145,42,215
138,40,212
145,43,215
137,40,212
133,42,211
138,40,213
140,44,213
139,44,214
133,41,211
142,44,214
147,41,213
139,40,213
139,44,213
136,43,215
135,42,215
137,40,213
141,44,213
139,40,212
142,41,211
136,40,212
132,43,214
148,43,214
131,43,213
146,41,214
130,41,212
146,41,212
143,42,211
130,41,213
140,40,213
138,44,213
138,44,214
136,40,213
148,43,213
142,44,213
143,44,214
132,43,212
140,40,212
135,40,212
132,41,214
129,42,213
149,42,213
141,40,213
137,44,213
146,43,212
146,42,215
146,43,215
135,40,213
137,44,214
143,44,213
132,41,211
132,42,211
135,43,215
144,44,214
141,40,212
143,41,211
134,40,212
149,42,214
134,42,215
144,42,211
129,42,212
142,40,213
130,42,214
136,44,213
140,41,215
139,41,215
134,40,213
147,41,214
148,42,212
144,44,213
141,41,215
136,44,214
138,43,211
148,41,213
139,43,211
142,40,212
138,41,215
145,44,214
131,43,214
149,43,214
129,41,212
147,41,212
137,43,211
133,40,212
131,43,212
130,43,213
129,41,213
140,43,211
131,41,214
147,43,215
142,41,215
147,42,215
131,41,211
134,43,215
149,43,213
143,40,213
137,41,215
136,43,211
131,42,211
135,44,213
144,41,211
147,43,212
133,42,215
141,43,211
133,40,213
143,41,215
145,44,213
145,42,211
135,44,214
128,42,213
150,42,213
143,40,212
135,43,211
146,44,214
136,41,215
132,40,212
141,44,215
140,44,215
142,44,215
150,42,214
142,43,211
137,40,211
148,41,214
144,40,213
136,40,211
138,40,211
144,41,215
128,42,212
139,40,214
129,42,214
139,44,215
143,44,215
138,40,214
148,43,215
134,44,213
148,42,215
140,40,214
130,41,211
139,44,212
132,40,213
133,43,215
139,40,211
135,40,211
140,44,212
134,43,211
137,40,214
149,42,212
130,43,212
135,41,215
130,41,214
149,41,213
130,43,214
150,43,214
138,44,212
128,41,212
148,41,212
146,44,213
145,41,211
130,42,211
141,40,214
141,44,212
144,44,215
138,44,215
134,44,214
132,42,215
144,40,212
129,43,213
128,41,213
143,43,211
136,40,214
147,44,214
140,40,211
134,40,211
137,44,212
131,40,212
148,43,212
145,41,215
146,42,211
150,43,213
142,44,212
142,40,214
145,40,213
137,44,215
145,44,215
133,43,211
135,40,214
134,41,215
136,44,212
133,44,213
133,40,211
141,40,211
131,40,213
149,43,215
143,44,212
127,42,213
151,42,213
149,41,214
144,43,211
147,44,213
143,40,214
149,42,215
129,41,211
132,43,215
151,42,214
133,44,214
145,40,212
146,41,215
146,41,211
135,44,212
136,44,215
146,44,215
134,40,214
148,44,214
129,42,211
130,40,212
128,42,214
127,42,212
129,43,212
129,41,214
141,43,216
137,41,210
131,42,215
142,43,216
136,41,210
132,40,211
142,40,211
140,43,216
138,41,210
132,43,211
129,43,214
151,43,214
144,44,212
127,41,212
149,41,212
150,41,213
133,41,215
150,42,212
143,43,216
135,41,210
146,40,213
141,42,216
147,42,211
139,43,216
140,42,216
137,42,210
144,40,214
139,41,210
138,42,210
149,43,212
142,42,216
127,41,213
128,43,213
136,42,210
132,44,213
139,42,216
139,42,210
145,43,211
130,40,213
144,43,216
134,41,210
134,44,212
133,40,214
151,43,213
143,42,216
138,43,216
135,44,215
147,44,215
135,42,210
140,41,210
147,41,215
148,44,213
138,42,216
150,43,215
140,42,210
131,40,211
143,40,211
146,40,212
132,44,214
145,44,212
150,42,215
128,41,211
131,43,215
145,43,216
144,42,216
150,41,214
129,40,212
133,41,210
149,44,214
134,42,210
145,40,214
131,43,211
147,41,211
137,43,216
132,41,215
137,42,216
141,41,210
128,42,211
141,42,210
130,42,215
152,42,213
126,42,213
147,40,213
152,42,214
128,41,214
133,44,212
132,40,214
128,43,212
145,42,216
146,43,211
134,44,215
148,44,215
146,43,216
127,42,214
133,42,210
131,44,213
126,42,212
148,42,211
132,41,210
129,40,213
130,40,211
144,40,211
136,42,216
128,43,214
152,43,214
136,43,216
126,41,212
150,41,212
148,41,215
146,44,212
151,41,213
142,41,210
150,43,212
151,42,212
142,42,210
149,44,213
146,40,214
126,41,213
127,43,213
147,40,212
151,43,215
146,42,216
131,44,214
130,43,211
131,41,215
128,40,212
152,43,213
147,43,216
132,42,210
130,43,215
150,44,214
127,41,211
151,42,215
132,44,212
131,40,214
131,41,210
135,42,216
135,43,216
148,41,211
151,41,214
133,44,215
149,44,215
143,42,210
148,40,213
143,41,210
147,43,211
127,42,211
129,42,215
129,40,211
145,40,211
142,44,216
147,44,212
141,44,216
147,42,216
130,44,213
143,44,216
149,41,215
140,44,216
127,41,214
128,40,213
136,40,210
137,40,210
147,40,214
127,43,212
135,40,210
131,42,210
149,42,211
139,40,215
153,42,214
148,43,216
138,40,210
140,40,215
153,42,213
125,42,213
144,44,216
141,45,214
138,40,215
139,44,216
134,42,216
140,45,214
130,41,210
150,44,213
142,45,214
141,40,215
126,42,214
134,40,210
134,43,216
125,42,212
139,40,210
148,40,212
130,41,215
153,43,214
127,43,214
137,39,212
137,40,215
151,41,212
125,41,212
130,40,214
129,43,211
139,45,214
139,44,211
151,43,212
144,42,210
