160,197,207
160,196,207
160,198,207
161,198,208
159,196,206
159,197,207
161,197,207
161,197,208
161,199,208
159,197,206
159,195,206
160,198,208
160,196,206
159,196,207
161,198,207
160,197,208
160,197,206
159,198,207
161,196,207
160,199,208
160,195,206
160,199,207
160,195,207
162,198,208
158,196,206
162,199,208
158,195,206
159,195,207
161,199,207
162,199,209
158,195,205
161,200,208
161,196,208
159,198,206
159,194,206
160,196,208
158,197,206
161,199,209
159,195,205
162,197,208
160,198,206
161,198,209
159,196,205
162,198,209
162,200,209
158,196,205
158,194,205
159,199,207
161,200,209
161,195,207
159,194,205
160,200,208
158,194,206
159,198,208
159,197,208
161,196,206
162,200,208
160,194,206
161,197,206
158,197,207
162,197,207
158,196,207
162,198,207
161,197,209
158,198,206
163,199,209
159,197,205
159,199,208
157,195,205
160,200,207
160,194,207
162,196,208
162,201,209
162,197,209
159,196,208
158,197,205
158,193,205
158,198,207
159,194,207
161,195,206
163,200,209
160,199,209
157,194,205
160,198,209
160,195,205
162,196,207
158,195,207
160,195,208
160,196,205
161,198,206
161,200,207
162,199,207
161,201,209
163,198,209
157,196,205
161,201,208
161,195,208
159,199,206
159,193,206
160,199,206
163,198,208
159,193,205
157,196,206
163,199,208
157,195,206
160,200,209
162,200,210
158,194,204
158,193,206
160,197,209
160,194,205
159,200,207
162,199,210
163,200,210
158,195,204
157,194,204
157,193,205
163,201,209
162,201,208
160,197,205
160,201,208
157,197,206
159,200,208
163,197,208
162,201,210
161,194,207
158,193,204
157,194,206
158,199,207
163,199,210
163,201,210
161,196,209
157,195,204
157,193,204
163,200,208
159,195,208
160,193,206
158,194,207
161,194,206
159,198,205
157,197,205
162,195,207
163,197,209
158,199,206
162,198,210
162,196,209
162,202,209
158,198,205
158,192,205
161,200,210
161,199,206
161,199,210
159,194,204
158,196,204
162,200,207
160,201,209
159,195,204
162,195,208
161,202,209
160,196,209
158,197,208
159,193,207
158,198,208
162,197,206
160,193,205
163,202,210
163,198,210
162,202,210
157,196,204
157,192,204
157,198,206
160,201,207
160,193,207
161,201,210
164,199,209
160,194,208
162,196,206
164,200,210
164,200,209
159,192,205
158,192,204
157,192,205
161,198,210
156,194,204
156,195,205
159,193,204
156,194,205
157,193,206
160,198,205
164,201,210
163,196,208
159,198,209
157,196,207
161,201,207
163,202,209
163,198,207
158,196,208
156,193,204
159,196,204
159,199,209
157,197,207
163,197,207
161,196,205
160,200,206
161,202,208
161,194,208
159,200,206
159,192,206
163,201,208
161,195,205
164,199,210
158,199,208
162,198,206
158,192,206
159,201,208
156,195,204
164,198,209
156,196,205
158,200,207
159,197,209
157,195,207
164,201,209
156,193,205
162,197,210
162,195,206
159,194,208
157,198,205
163,199,207
159,201,207
162,202,208
159,200,209
157,198,207
158,193,207
161,195,209
161,197,205
158,197,204
160,202,208
164,202,210
156,192,204
163,196,209
161,202,210
163,201,211
157,193,203
163,196,207
161,193,206
160,202,209
163,200,211
161,194,205
162,194,207
157,194,203
161,197,210
158,195,208
161,193,207
159,199,205
164,199,208
159,192,204
160,199,210
164,198,208
163,197,210
163,203,210
156,195,206
160,192,206
157,197,204
157,191,204
163,202,211
160,195,209
164,201,211
161,200,206
158,200,206
160,200,210
162,203,210
156,196,206
156,196,204
157,192,203
156,193,203
164,198,210
162,203,209
162,195,209
158,199,205
158,191,205
157,199,206
162,201,207
160,195,204
158,200,208
159,197,204
159,196,209
157,194,207
156,197,205
160,194,204
162,201,211
158,191,204
162,199,206
162,200,211
164,202,211
164,200,211
158,193,203
156,194,203
156,192,203
160,192,205
158,194,203
157,192,206
164,197,209
160,198,210
156,194,206
156,192,205
161,203,209
164,200,208
162,194,208
157,191,205
163,199,211
159,201,209
157,199,207
157,195,203
163,200,207
160,201,210
164,202,209
156,197,206
163,195,208
160,199,205
160,196,204
164,197,208
161,198,205
162,202,211
162,194,206
163,203,209
159,192,207
156,191,204
162,199,211
159,191,205
158,192,203
165,200,210
164,203,210
163,203,211
163,202,208
160,193,208
165,201,210
160,193,204
158,195,203
163,195,207
157,191,203
155,194,204
161,203,210
162,196,210
160,202,207
160,192,207
159,202,208
164,203,211
164,199,211
155,193,204
161,193,205
156,195,203
156,191,203
158,194,208
158,201,207
160,197,210
156,193,206
161,202,207
161,196,210
157,199,205
158,191,206
165,201,211
158,198,204
165,199,210
159,193,208
160,201,206
156,197,204
161,203,208
161,193,208
159,201,206
159,191,206
155,195,204
155,193,203
165,202,210
158,192,207
159,195,209
157,193,207
165,202,211
164,201,208
165,200,209
160,202,210
164,197,210
156,198,206
155,192,204
163,198,211
158,201,208
165,199,209
156,198,205
162,203,211
159,191,204
155,192,203
160,203,209
163,195,209
161,194,209
157,197,208
161,200,211
155,194,205
165,200,211
160,197,204
157,196,203
161,201,211
162,198,211
158,198,209
155,195,205
163,196,210
163,204,210
157,198,204
157,190,204
159,202,207
162,203,208
163,197,206
157,198,208
155,194,203
156,191,205
159,194,203
162,204,210
159,198,204
158,191,203
164,196,208
160,203,208
159,202,209
158,199,209
157,200,207
159,193,203
161,192,206
160,194,209
157,196,208
162,200,206
157,200,206
164,196,209
162,196,205
165,201,209
163,196,206
162,193,207
158,197,209
161,199,211
158,196,203
155,193,205
160,192,204
159,200,205
165,203,211
163,198,206
163,204,211
162,195,205
163,201,207
155,191,203
165,198,209
156,196,207
164,198,207
158,190,204
161,202,211
157,191,206
164,203,209
155,196,205
161,201,206
164,198,211
164,204,211
161,199,205
158,201,206
159,195,203
155,196,204
156,190,204
156,190,203
156,196,203
161,192,207
162,202,207
162,197,205
162,194,209
162,204,209
158,200,205
158,190,205
157,199,208
156,197,207
157,190,203
165,198,210
164,197,207
164,202,212
156,192,202
160,196,210
158,200,209
160,191,206
156,192,206
162,193,206
160,191,205
156,195,207
155,191,204
157,190,205
159,199,210
159,192,203
164,204,210
165,199,211
165,203,210
164,201,212
156,193,202
164,199,207
155,195,203
157,195,208
159,200,210
161,204,209
158,196,209
163,194,208
163,194,207
159,198,210
163,195,206
164,203,212
163,202,212
161,195,204
156,191,202
161,204,210
158,193,208
163,201,212
157,192,202
160,200,205
161,192,205
161,198,211
162,193,208
157,193,202
155,192,205
160,203,210
156,199,206
162,204,211
156,198,207
163,204,209
162,194,205
165,202,212
161,194,204
165,202,209
155,192,202
162,195,210
163,203,208
164,202,208
163,197,211
161,195,210
163,199,206
156,198,204
162,197,211
159,194,209
157,192,207
161,203,211
156,194,207
155,197,205
161,196,204
164,200,212
163,203,212
159,201,210
164,196,207
159,190,205
165,203,212
165,201,212
156,194,202
159,191,207
155,190,203
159,203,208
155,191,202
155,193,202
165,199,208
160,198,204
163,200,212
165,204,211
162,198,205
157,191,202
157,200,208
156,199,205
158,202,208
159,196,203
160,192,208
158,202,207
165,197,209
157,197,203
164,196,210
158,190,203
158,201,209
155,195,206
157,194,202
159,197,210
166,201,211
165,198,208
157,200,205
166,202,211
158,199,204
164,200,207
164,204,212
155,196,206
164,195,208
155,197,204
156,190,205
159,192,208
166,201,210
165,200,208
159,190,204
159,203,209
157,201,207
156,190,202
158,197,203
157,194,208
155,194,206
166,200,210
159,191,203
160,203,207
158,191,207
154,193,203
