214,139,28
214,138,28
214,140,28
214,137,28
214,141,28
214,136,28
214,142,28
214,135,28
214,143,28
215,140,28
213,138,28
215,139,28
213,139,28
215,141,28
213,137,28
215,138,28
213,140,28
214,134,28
214,144,28
215,142,28
213,136,28
215,137,28
213,141,28
214,139,27
214,139,29
214,138,27
214,140,29
214,140,27
214,138,29
214,137,27
214,141,29
215,143,28
213,135,28
215,136,28
213,142,28
214,141,27
214,137,29
214,136,27
214,142,29
214,133,28
214,145,28
214,142,27
215,144,28
214,136,29
213,134,28
215,140,29
213,138,27
214,135,27
214,143,29
215,139,29
215,141,29
215,135,28
213,137,27
213,139,27
213,143,28
215,138,29
215,142,29
213,136,27
213,140,27
214,143,27
214,135,29
214,134,27
215,145,28
215,137,29
215,143,29
214,144,29
213,135,27
213,141,27
214,132,28
214,146,28
213,133,28
215,134,28
213,144,28
215,139,27
215,140,27
213,139,29
213,138,29
215,138,27
215,136,29
215,144,29
213,140,29
213,134,27
213,142,27
214,144,27
214,134,29
215,141,27
213,137,29
214,133,27
215,137,27
214,145,29
213,141,29
215,146,28
213,132,28
215,142,27
213,136,29
215,133,28
215,136,27
213,145,28
214,131,28
214,147,28
215,135,29
215,145,29
213,142,29
213,133,27
213,143,27
214,145,27
215,143,27
214,133,29
213,135,29
214,132,27
215,135,27
214,146,29
213,143,29
215,147,28
213,131,28
215,134,29
215,146,29
213,132,27
213,144,27
215,144,27
215,132,28
213,134,29
213,146,28
216,140,28
212,138,28
216,141,28
212,137,28
216,139,28
212,139,28
215,134,27
214,130,28
214,148,28
214,146,27
216,142,28
213,144,29
212,136,28
214,132,29
216,138,28
212,140,28
214,131,27
214,147,29
216,143,28
212,135,28
215,145,27
216,137,28
215,133,29
215,147,29
213,133,29
213,131,27
213,145,27
212,141,28
215,148,28
213,130,28
215,133,27
216,141,29
216,140,29
212,137,27
212,138,27
216,144,28
215,131,28
216,142,29
212,134,28
213,145,29
216,139,29
212,136,27
212,139,27
213,147,28
216,136,28
212,142,28
216,143,29
214,147,27
212,135,27
216,138,29
212,140,27
214,131,29
215,146,27
214,129,28
214,149,28
214,130,27
216,145,28
213,132,29
214,148,29
212,133,28
216,144,29
212,134,27
215,132,29
215,148,29
213,130,27
213,146,27
216,137,29
215,132,27
212,141,27
216,135,28
212,143,28
215,149,28
213,146,29
214,138,26
214,140,30
213,129,28
214,139,26
214,139,30
214,137,26
214,141,30
216,145,29
215,130,28
212,133,27
216,146,28
214,140,26
216,136,29
214,138,30
213,148,28
212,132,28
212,142,27
215,147,27
215,140,30
214,136,26
215,141,30
214,142,30
214,148,27
213,138,26
215,139,30
213,137,26
215,142,30
216,134,28
214,141,26
213,131,29
214,130,29
214,137,30
213,139,26
213,136,26
212,144,28
214,129,27
214,135,26
215,138,30
216,140,27
214,143,30
215,131,27
216,139,27
216,146,29
215,143,30
214,149,29
215,131,29
215,149,29
216,141,27
212,138,29
213,140,26
213,129,27
213,147,27
214,128,28
214,150,28
212,132,27
212,139,29
213,135,26
216,135,29
216,138,27
212,137,29
213,147,29
214,142,26
212,143,27
214,136,30
216,147,28
216,142,27
212,140,29
215,137,30
212,136,29
212,131,28
214,134,26
215,144,30
213,141,26
216,137,27
215,150,28
214,144,30
213,134,26
212,141,29
213,128,28
216,143,27
216,133,28
215,148,27
215,129,28
212,135,29
212,145,28
214,143,26
216,147,29
214,135,30
215,136,30
216,136,27
213,149,28
212,131,27
213,130,29
216,134,29
213,142,26
214,149,27
215,145,30
214,133,26
212,142,29
212,144,27
213,133,26
216,144,27
215,130,27
214,145,30
214,129,29
216,148,28
214,128,27
212,134,29
215,130,29
215,150,29
213,128,27
213,148,27
213,148,29
214,150,29
212,130,28
216,135,27
215,139,26
214,144,26
215,138,26
215,135,30
215,140,26
214,134,30
213,139,30
213,143,26
214,127,28
214,151,28
216,132,28
212,143,29
213,140,30
215,137,26
215,146,30
213,138,30
216,148,29
216,145,27
213,132,26
215,141,26
214,132,26
213,141,30
212,146,28
212,130,27
215,149,27
214,146,30
216,133,29
215,151,28
212,133,29
213,137,30
215,136,26
212,145,27
213,127,28
215,142,26
216,134,27
213,142,30
213,129,29
215,128,28
214,145,26
216,149,28
213,136,30
215,134,30
215,129,27
212,144,29
215,135,26
213,150,28
213,144,26
214,150,27
214,133,30
216,146,27
215,147,30
216,141,30
212,129,28
213,131,26
216,140,30
216,142,30
214,128,29
213,143,30
215,143,26
214,131,26
214,127,27
212,137,26
213,149,29
215,129,29
215,151,29
212,132,29
213,127,27
213,149,27
216,149,29
216,131,28
216,139,30
216,143,30
212,136,26
212,138,26
214,147,30
213,135,30
212,129,27
214,151,29
215,134,26
216,133,27
216,132,29
212,135,26
212,139,26
212,147,28
216,138,30
216,144,30
212,146,27
213,144,30
215,144,26
215,150,27
212,145,29
214,146,26
215,133,30
214,126,28
214,152,28
213,145,26
212,134,26
212,140,26
216,147,27
214,132,30
215,148,30
215,152,28
213,134,30
213,130,26
216,150,28
216,137,30
216,145,30
213,128,29
215,133,26
212,131,29
214,130,26
213,126,28
215,128,27
212,133,26
212,141,26
217,141,28
215,127,28
211,137,28
212,128,28
217,140,28
211,138,28
214,148,30
217,142,28
216,132,27
211,136,28
213,145,30
216,150,29
215,145,26
214,151,27
217,139,28
211,139,28
213,151,28
216,130,28
212,128,27
217,143,28
211,135,28
217,141,29
216,136,30
216,146,30
216,131,29
213,150,29
214,127,29
211,137,27
217,142,29
211,136,27
212,146,29
215,128,29
215,152,29
217,140,29
213,133,30
213,126,27
213,150,27
217,138,28
211,138,27
214,126,27
216,148,27
215,132,30
212,148,28
214,147,26
211,140,28
212,147,27
213,146,26
217,143,29
212,132,26
212,142,26
211,135,27
215,132,26
217,144,28
217,139,29
211,134,28
214,152,29
211,139,27
215,149,30
214,131,30
213,129,26
217,144,29
215,151,27
212,130,29
217,137,28
211,134,27
213,146,30
214,129,26
211,141,28
215,146,26
217,138,29
216,151,28
211,140,27
216,135,30
216,147,30
217,145,28
216,131,27
211,133,28
214,149,30
214,125,28
214,153,28
217,145,29
212,131,26
212,143,26
213,127,29
215,153,28
213,132,30
211,133,27
212,127,28
216,151,29
217,136,28
215,127,27
217,137,29
215,131,26
211,142,28
212,147,29
211,141,27
216,129,28
212,127,27
213,125,28
216,149,27
216,130,29
215,126,28
213,147,26
215,131,30
217,146,28
214,148,26
211,132,28
217,146,29
214,152,27
212,148,27
213,128,26
213,151,29
216,134,30
216,148,30
211,132,27
215,150,30
213,147,30
213,152,28
212,149,28
215,147,26
214,130,30
212,129,29
215,127,29
215,153,29
217,136,29
214,126,29
213,125,27
213,151,27
217,135,28
212,130,26
212,144,26
214,125,27
211,142,27
214,128,26
211,143,28
216,130,27
216,139,26
213,131,30
216,140,26
217,147,28
214,153,29
215,152,27
216,152,28
214,150,30
216,138,26
217,147,29
216,141,26
215,130,26
211,131,28
211,131,27
212,139,30
216,137,26
212,138,30
217,135,29
216,142,26
212,148,29
216,152,29
216,150,27
212,140,30
212,126,28
212,137,30
217,134,28
216,133,30
216,149,30
213,126,29
211,143,27
213,148,26
215,130,30
214,149,26
212,126,27
213,148,30
215,148,26
217,140,27
