185,180,196
186,181,197
184,179,195
184,179,196
186,181,196
185,180,197
185,180,195
183,178,195
187,182,197
187,182,198
183,178,194
185,179,196
186,180,197
185,181,196
186,181,198
184,178,195
184,179,194
184,180,195
186,182,197
182,177,194
188,183,198
186,180,196
184,180,196
184,178,196
185,179,197
186,182,196
187,181,197
185,181,197
183,179,195
185,179,195
187,181,198
185,181,195
183,178,196
183,179,194
188,183,199
182,177,193
183,177,195
183,177,194
184,179,197
187,183,197
187,183,198
187,182,196
186,180,198
187,182,199
182,177,195
183,178,193
186,181,195
186,182,198
188,182,198
182,178,194
184,178,194
184,180,194
185,180,198
188,183,197
181,176,193
189,184,199
183,179,196
182,176,194
188,182,199
188,184,198
184,180,197
185,180,194
182,178,195
182,178,193
181,176,194
182,176,193
187,181,199
183,177,196
187,183,196
184,178,197
188,184,199
189,184,198
187,181,196
186,182,195
183,179,193
185,181,198
187,183,199
189,183,199
181,177,193
183,177,193
189,184,200
181,176,192
186,181,199
186,180,195
188,182,197
188,184,197
181,177,194
182,176,195
185,178,196
188,183,200
185,179,198
182,177,192
186,179,197
185,181,194
184,179,193
189,185,199
181,175,193
184,177,195
185,179,194
186,179,196
182,177,196
190,185,200
183,178,197
189,183,200
180,175,192
180,175,193
189,183,198
187,180,198
187,180,197
181,177,192
189,185,198
186,182,199
185,178,195
190,185,199
184,177,196
185,178,197
181,175,194
188,182,200
186,180,199
182,178,196
181,176,195
184,179,198
183,179,197
181,175,192
182,178,192
184,180,193
180,176,193
183,176,194
189,185,200
187,182,200
183,176,195
188,181,198
186,179,198
181,177,195
188,184,200
190,184,200
180,176,192
182,176,192
184,178,193
184,177,194
185,182,196
184,180,198
183,178,192
184,181,196
188,181,199
188,183,196
184,181,195
187,182,195
190,185,201
180,175,191
183,180,195
190,184,199
186,183,197
180,175,194
185,182,197
185,180,199
190,186,200
189,184,201
189,184,197
190,186,199
180,174,192
181,176,191
180,176,194
182,175,194
183,177,197
187,180,199
183,180,194
186,181,194
186,183,196
182,176,196
180,174,193
187,183,200
185,182,195
187,181,200
179,174,192
189,182,199
188,184,196
187,183,195
182,179,194
187,180,196
183,180,196
182,175,193
191,186,200
190,184,201
183,179,192
184,178,198
185,181,199
191,186,201
187,184,197
186,183,198
179,174,191
187,184,198
184,181,197
188,181,197
182,179,195
186,179,195
184,177,197
180,176,191
183,176,193
183,176,196
189,185,197
181,175,195
189,183,201
179,175,192
184,181,194
190,185,198
186,182,194
183,177,192
181,177,191
185,178,198
189,182,200
188,182,196
188,183,201
180,174,191
187,181,195
185,180,193
179,174,193
182,179,193
190,186,201
186,181,200
182,175,195
185,182,198
189,182,198
181,178,194
185,178,194
189,185,201
191,185,201
179,175,191
181,175,191
185,179,199
179,175,193
189,183,197
188,185,198
191,185,200
181,178,193
181,174,193
182,177,191
188,181,200
190,186,198
182,177,197
181,177,196
191,187,200
182,178,197
187,184,196
181,176,196
186,180,194
180,174,194
186,183,195
183,180,193
185,181,193
187,184,199
190,183,200
186,179,199
188,185,199
182,179,196
186,182,200
183,178,198
179,173,192
191,187,201
191,186,199
188,182,201
183,180,197
188,185,197
180,176,195
181,174,192
190,184,198
179,173,191
183,179,198
188,184,201
191,186,202
181,178,195
179,174,190
181,174,194
185,182,194
185,177,196
180,175,195
186,178,197
182,175,192
182,178,191
190,185,202
180,175,190
186,183,199
190,183,199
180,177,193
184,177,193
178,173,191
192,187,201
184,179,192
186,178,196
186,180,200
189,186,199
181,178,192
184,176,195
184,181,198
187,179,197
187,179,198
185,179,193
184,179,199
178,174,191
191,185,202
191,187,199
182,176,191
190,183,201
180,177,192
180,177,194
189,186,198
185,177,195
178,173,192
179,175,194
187,182,201
184,180,199
179,175,190
178,174,192
192,187,202
190,184,202
187,180,200
185,177,197
184,180,192
178,173,190
184,181,193
182,179,192
179,173,193
184,176,196
179,174,194
188,180,198
180,173,192
180,176,190
189,182,201
191,185,199
188,185,200
189,184,202
192,186,201
189,186,200
186,178,198
183,176,197
183,175,194
188,180,199
182,176,197
179,173,190
180,173,193
182,175,196
183,175,195
191,187,202
185,182,199
191,184,201
192,187,200
190,186,202
192,186,202
178,174,190
180,174,190
184,176,194
184,177,198
181,175,196
181,176,190
192,188,201
187,183,201
183,177,198
187,184,200
191,184,200
179,176,192
183,176,192
188,181,196
185,180,200
179,176,193
188,185,196
181,178,196
187,184,195
184,178,192
187,180,195
189,181,199
182,179,197
190,187,199
178,172,191
180,173,191
189,182,197
181,174,195
187,179,199
187,181,201
190,187,200
189,183,202
178,174,193
181,174,191
183,178,191
185,181,200
180,174,195
189,184,196
180,177,195
187,179,196
188,183,195
183,180,192
185,178,199
180,177,191
189,185,196
188,184,195
189,186,197
192,188,202
189,185,202
192,188,200
186,183,194
181,177,190
184,178,199
178,173,193
188,180,197
182,174,194
178,172,190
183,180,198
186,179,194
186,178,195
188,181,201
179,176,191
190,185,197
182,174,193
183,179,191
189,181,200
190,186,197
187,182,194
181,178,191
192,186,200
187,183,194
190,183,198
183,175,193
178,172,192
177,172,190
193,188,202
192,187,203
181,177,197
178,173,189
191,186,203
180,176,196
184,176,197
177,173,191
177,172,191
179,174,189
186,183,200
191,184,202
181,175,190
189,181,198
188,183,202
179,176,194
177,173,190
183,175,196
180,173,194
189,186,201
190,187,198
185,177,198
182,178,198
185,182,193
179,172,191
179,173,194
185,177,194
181,176,197
179,172,192
190,183,202
190,187,201
188,180,200
190,182,200
192,186,203
186,179,200
180,175,196
191,186,198
179,175,195
184,181,199
178,175,192
182,177,198
185,179,200
186,181,201
185,178,193
191,187,198
191,185,203
193,188,201
178,174,189
186,182,193
186,181,193
193,187,202
191,188,200
188,185,201
192,185,201
178,175,191
182,175,191
182,174,195
193,188,203
183,177,191
179,175,189
177,172,189
192,185,202
181,173,193
177,173,192
188,184,202
190,185,203
191,184,199
186,178,199
186,182,201
183,179,199
182,179,191
190,182,199
179,174,195
189,183,196
193,189,202
188,182,195
191,188,201
188,182,202
177,172,192
183,178,199
178,175,193
180,175,189
178,172,189
191,187,203
193,187,203
179,173,189
177,173,189
192,188,203
182,177,190
181,173,192
178,174,194
184,176,193
182,174,192
191,188,199
190,184,197
193,189,201
190,182,201
184,181,192
179,176,190
179,172,190
180,173,190
179,172,193
177,171,190
187,181,194
189,182,202
192,187,199
178,172,193
190,184,203
180,177,196
181,178,197
181,173,194
193,187,201
184,182,196
192,188,199
185,182,200
182,178,190
187,184,201
185,181,192
183,181,195
178,175,190
185,180,192
180,177,190
189,181,201
183,181,196
187,180,201
184,177,192
182,175,197
180,176,189
177,171,191
187,179,200
190,186,203
178,173,194
186,180,201
185,183,197
179,176,195
182,180,195
182,179,198
191,183,201
183,176,198
185,183,196
191,185,198
193,189,203
184,180,200
186,177,197
184,182,197
181,174,196
184,182,195
188,185,195
189,186,196
185,176,196
184,179,200
192,185,200
182,180,194
177,171,189
191,183,200
176,172,190
177,174,191
186,177,196
178,171,191
187,178,197
176,171,190
186,180,193
186,184,197
190,187,202
181,175,197
187,178,198
187,182,202
189,184,203
192,185,203
180,172,192
194,189,203
187,184,194
180,174,189
181,179,194
176,171,189
190,187,197
191,188,202
