74,136,122
74,136,123
74,136,121
75,137,123
73,135,121
74,136,124
74,136,120
74,137,123
74,135,121
75,137,122
75,137,124
73,135,122
73,135,120
74,137,122
74,135,122
74,137,124
74,135,120
74,137,121
73,136,122
75,136,122
74,135,123
75,137,125
75,137,121
73,135,119
73,135,123
73,136,121
75,136,123
75,138,124
73,134,120
73,136,123
74,136,125
74,136,119
75,136,121
74,137,125
75,138,123
73,134,121
74,135,119
75,138,125
73,134,119
73,136,120
75,136,124
75,138,122
74,137,120
73,134,122
73,136,124
74,135,124
75,136,120
75,137,126
75,137,120
73,135,118
73,135,124
75,138,126
73,134,118
74,137,126
76,138,124
72,134,120
73,136,119
74,135,118
75,136,125
76,138,123
76,138,125
72,134,121
72,134,119
74,136,118
74,136,126
75,138,121
73,134,123
74,138,124
74,138,123
73,136,125
76,137,123
74,134,120
74,134,121
74,137,119
75,136,119
72,135,121
76,137,124
76,138,122
76,138,126
75,138,127
72,135,120
72,134,118
72,134,122
74,135,125
74,138,125
76,137,122
73,134,117
74,138,122
75,137,119
75,137,127
72,135,122
73,135,125
73,135,117
74,134,119
73,137,123
73,137,122
76,139,125
74,134,122
72,133,119
75,135,121
75,135,122
76,139,124
72,133,120
76,137,125
72,135,119
73,136,118
76,139,126
74,137,127
73,137,124
72,133,118
73,137,121
75,136,126
75,139,125
75,139,124
75,138,120
75,135,120
73,133,119
73,133,120
74,138,126
75,135,123
74,135,117
76,137,121
72,135,123
76,139,123
74,138,121
73,134,124
72,133,121
76,138,127
76,138,121
72,134,123
72,134,117
75,139,126
74,134,118
75,139,123
73,133,118
74,134,123
73,136,126
73,133,121
76,139,127
74,136,127
74,136,117
72,133,117
73,137,125
72,135,118
76,137,126
73,137,120
75,138,128
75,136,118
74,137,118
75,135,119
73,134,116
75,135,124
76,139,122
75,139,127
74,135,126
75,139,122
72,133,122
74,138,127
72,135,124
76,137,120
75,137,118
75,137,128
73,133,117
73,135,126
73,135,116
74,138,120
73,133,122
73,136,117
72,136,122
76,136,122
76,139,128
72,136,121
76,136,123
74,134,117
76,138,120
76,138,128
75,138,119
74,137,128
73,137,126
72,134,124
72,134,116
72,133,116
75,136,127
74,134,124
73,137,119
72,136,123
72,135,117
73,134,125
76,136,121
72,136,120
76,137,127
76,136,124
77,139,125
74,135,116
75,135,118
75,139,128
77,139,124
77,139,126
75,135,125
71,133,119
75,139,121
76,139,121
73,136,127
76,140,126
72,132,118
76,140,125
72,132,119
71,133,120
71,133,118
72,133,123
73,133,116
75,138,129
77,138,124
72,135,125
72,136,124
77,138,125
75,136,117
74,138,128
73,133,123
74,136,128
74,136,116
72,136,119
76,137,119
76,140,127
76,136,120
76,140,124
74,138,119
72,132,117
77,139,123
77,139,127
74,137,117
77,138,123
71,134,120
73,134,115
72,132,120
76,136,125
71,134,119
76,139,129
71,133,121
71,133,117
71,134,121
73,137,127
77,138,126
74,139,124
74,139,125
72,133,115
74,134,116
74,135,127
77,140,126
73,137,118
77,140,125
71,132,118
76,138,119
76,138,129
75,137,129
75,137,117
73,135,115
73,135,127
71,134,118
74,134,125
73,136,116
74,139,123
76,140,128
72,134,125
72,134,115
71,132,119
74,133,120
77,138,122
77,140,127
73,138,123
72,135,116
76,140,123
74,133,119
75,139,129
73,138,124
72,132,116
74,139,126
75,138,118
71,132,117
72,136,125
72,132,121
76,137,128
75,135,117
75,139,120
71,134,122
77,139,122
77,139,128
72,136,118
73,138,122
74,137,129
77,140,124
75,136,128
74,133,121
76,139,120
75,134,121
75,135,126
75,134,120
76,136,119
71,132,120
73,138,125
71,133,122
71,133,116
73,134,126
77,138,127
74,133,118
74,139,122
76,136,126
73,133,115
77,140,128
72,133,124
75,140,125
75,134,122
71,134,117
75,140,126
73,133,124
74,135,115
71,132,116
72,135,126
74,139,127
74,138,129
73,136,128
73,138,121
73,132,119
75,134,119
75,140,124
76,140,129
73,132,118
77,138,121
74,133,122
76,137,118
74,138,118
76,140,122
75,138,130
77,140,123
75,140,127
76,139,130
73,138,126
71,134,123
77,137,123
77,137,124
73,132,120
72,132,115
71,132,121
75,136,116
73,137,128
72,132,122
74,133,117
75,134,123
71,135,121
73,132,117
71,135,120
74,139,121
72,133,114
72,136,126
77,139,121
77,139,129
73,137,117
73,134,114
75,140,123
74,137,116
77,137,122
77,140,129
74,136,129
74,136,115
77,137,125
72,136,117
74,134,115
77,138,128
71,133,123
71,133,115
71,135,122
75,139,130
72,137,122
75,134,118
71,135,119
71,132,115
73,138,120
72,137,123
75,140,128
71,134,116
74,134,126
72,135,115
74,139,128
76,138,118
76,138,130
75,139,119
72,134,114
72,134,126
73,132,121
76,136,118
76,135,122
72,137,121
76,135,121
74,135,128
73,136,115
75,135,116
76,136,127
74,133,123
76,137,129
72,137,124
76,139,119
73,138,127
77,140,122
75,137,130
75,137,116
73,135,128
73,135,114
76,140,130
73,132,116
75,138,117
77,137,121
75,135,127
76,135,123
77,138,120
77,137,126
71,135,123
76,140,121
75,140,122
77,141,127
71,134,124
73,133,114
71,135,118
77,141,126
71,131,117
71,132,122
71,131,118
75,134,124
76,135,120
72,133,125
72,137,120
74,137,130
75,136,129
74,133,116
73,133,125
74,139,120
72,132,114
77,141,128
72,135,127
73,134,127
77,141,125
71,131,116
75,140,129
77,140,130
74,138,130
72,137,125
72,132,123
71,131,119
76,141,126
75,134,117
73,138,119
76,135,124
73,132,122
76,141,127
74,138,117
72,131,118
78,140,126
77,139,120
77,139,130
76,139,131
76,137,117
72,136,127
71,132,114
72,131,117
73,136,129
74,139,129
74,135,114
76,141,125
78,140,127
78,140,125
77,138,129
71,134,115
73,137,129
71,133,124
71,133,114
72,136,116
71,135,124
75,138,131
76,135,119
77,137,120
72,131,119
78,139,125
76,141,128
77,141,129
71,135,117
77,141,124
72,137,119
78,139,126
73,137,116
73,132,115
77,137,127
73,138,128
71,131,115
72,133,113
70,132,118
72,131,116
74,133,124
71,131,120
75,140,121
78,139,124
77,140,121
75,139,131
75,136,115
70,132,119
70,132,117
78,140,128
78,140,124
76,136,117
76,141,124
74,134,114
72,137,126
76,140,131
75,139,118
73,134,113
78,139,127
72,135,114
75,134,125
76,136,128
74,137,115
71,132,123
70,133,119
71,134,125
76,140,120
77,138,119
76,141,129
72,131,120
74,134,127
76,135,125
76,138,131
76,138,117
70,133,118
75,140,130
72,134,127
72,134,113
74,136,114
74,136,130
74,139,119
74,133,115
78,139,123
70,132,120
70,132,116
70,133,120
76,139,118
78,141,127
75,135,115
77,141,130
76,137,130
78,141,126
77,140,131
72,131,115
77,141,123
73,132,123
73,138,118
73,136,114
75,135,128
72,132,113
78,141,128
70,133,117
76,135,118
75,134,116
70,131,117
71,135,125
78,140,129
78,140,123
71,131,114
73,133,113
74,135,129
72,137,118
76,141,123
70,131,118
75,138,116
72,132,124
78,139,128
71,131,121
71,135,116
71,136,121
77,136,123
74,140,125
74,139,130
72,133,126
78,141,125
71,132,113
75,137,115
75,137,131
73,135,129
73,135,113
71,136,122
77,137,119
70,133,121
77,136,122
70,131,116
73,133,126
74,140,126
77,139,119
77,139,131
74,140,124
77,137,128
72,135,128
73,139,124
71,136,120
71,134,114
