168,113,173
167,113,173
169,113,173
169,114,174
167,112,172
168,114,174
170,114,174
166,112,172
168,112,172
169,113,174
167,113,172
166,113,173
170,113,173
168,112,173
168,114,173
168,113,174
168,113,172
170,113,174
166,113,172
167,112,173
169,114,173
169,112,173
167,114,173
167,114,174
171,114,174
165,112,172
169,112,172
167,113,174
169,113,172
166,112,173
171,113,174
170,114,173
165,113,172
170,114,175
166,112,171
170,112,173
166,114,173
165,113,173
171,113,173
169,114,175
167,112,171
171,114,175
165,112,171
169,115,174
167,111,172
170,115,175
166,111,171
170,115,174
166,111,172
168,115,174
169,115,175
171,115,175
168,111,172
165,111,171
167,111,171
166,114,174
172,114,174
164,112,172
170,112,172
168,114,175
166,113,174
168,112,171
165,112,173
172,114,175
170,113,172
164,112,171
172,113,174
171,114,173
165,111,172
171,112,173
171,115,174
164,113,172
169,112,174
167,114,172
168,115,175
172,115,175
164,111,171
168,111,171
169,111,172
165,114,173
167,115,174
168,112,174
168,114,172
170,112,174
170,113,175
166,114,172
166,113,171
169,113,175
164,113,173
172,113,173
167,113,171
171,113,175
167,114,175
167,112,174
165,113,171
169,112,171
168,111,173
168,115,173
169,114,172
173,114,175
171,115,176
165,111,170
167,111,173
169,115,173
171,112,174
164,111,172
163,112,171
168,113,175
165,114,174
173,114,174
163,112,172
171,112,172
172,115,174
169,111,173
165,113,174
170,115,176
167,115,173
166,111,170
165,114,172
167,115,175
173,115,175
172,115,176
163,111,171
169,111,171
168,113,171
170,111,172
164,111,170
164,112,173
166,115,174
172,113,175
171,113,172
173,113,174
170,116,175
172,114,173
172,112,173
166,111,173
164,113,171
166,110,171
170,115,173
171,116,175
163,113,172
166,112,174
169,116,175
165,110,171
169,115,176
164,114,173
170,111,173
167,111,170
171,114,176
167,110,171
165,112,170
173,115,176
166,115,173
163,111,170
170,114,176
171,116,176
170,114,172
167,113,175
165,110,170
166,112,170
172,114,176
172,112,174
166,114,175
170,116,176
172,116,176
164,112,170
164,110,170
166,110,170
172,116,175
169,113,171
164,110,171
170,112,171
174,114,175
173,113,175
168,116,175
164,114,172
163,111,172
165,111,173
168,110,171
169,114,176
163,113,173
173,113,173
169,116,174
173,115,174
162,112,171
167,112,170
171,115,173
166,115,175
174,115,175
171,111,172
162,111,171
170,111,171
167,110,172
168,115,176
173,114,176
163,113,171
170,116,174
169,116,176
173,116,176
171,111,173
168,111,170
166,110,172
163,110,170
167,110,170
165,115,174
168,116,174
163,112,170
174,115,176
164,113,174
168,110,172
165,112,174
164,114,174
174,114,174
162,112,172
172,112,172
163,112,173
162,111,170
165,115,173
174,113,174
172,113,172
173,116,175
163,110,171
166,113,175
171,116,174
165,110,172
168,114,176
173,112,173
173,114,173
171,114,172
169,110,171
167,116,175
173,112,174
169,110,172
170,112,175
162,113,172
167,116,174
168,112,170
169,112,175
163,114,173
164,111,173
174,114,176
170,113,171
174,113,175
168,116,176
174,116,176
166,114,171
165,114,175
162,110,170
168,110,170
171,112,175
167,114,171
169,111,174
172,116,177
163,114,172
164,110,169
168,111,174
167,115,176
162,112,170
167,115,172
172,115,173
168,112,175
165,114,171
171,116,177
162,111,172
175,114,175
171,112,171
165,110,169
168,115,172
172,115,177
170,111,174
172,111,173
164,111,169
164,110,172
173,116,177
163,110,169
169,111,170
171,113,176
175,115,176
171,115,177
162,113,171
172,116,174
165,111,169
170,113,176
166,115,172
173,115,177
174,115,174
167,111,174
172,111,172
168,114,171
165,115,175
175,115,175
163,111,169
172,112,175
161,111,171
171,111,171
161,112,171
161,111,170
165,113,170
171,117,176
172,113,176
170,110,172
162,110,171
167,114,176
164,112,174
166,113,170
164,115,173
174,116,175
162,113,173
173,113,172
170,116,177
169,115,172
172,117,176
166,116,174
166,110,169
164,115,174
170,117,176
170,115,177
165,109,170
174,116,177
171,111,174
169,113,176
170,110,171
164,113,170
162,110,169
165,113,175
164,114,171
166,111,169
167,112,175
166,116,175
164,109,170
163,113,174
166,109,170
169,112,170
174,115,177
175,114,176
162,112,173
165,115,172
167,116,176
175,116,176
163,114,174
174,114,173
161,112,172
172,112,171
167,113,170
173,113,176
162,111,169
174,112,174
170,117,175
161,110,170
169,110,170
172,114,172
166,111,174
168,110,173
168,116,173
173,117,176
163,111,173
171,117,175
167,110,173
169,116,173
174,113,173
169,117,176
172,117,177
163,110,172
169,114,171
173,112,175
172,113,171
173,112,172
169,117,175
166,109,171
163,109,170
175,113,175
169,110,173
173,114,172
171,113,171
164,109,169
161,112,170
167,116,173
169,116,177
163,113,170
165,109,171
167,109,170
171,117,177
173,117,177
168,113,176
169,115,177
170,115,172
173,116,174
166,115,176
167,110,169
167,109,171
163,109,169
165,109,169
172,111,174
175,116,177
166,110,173
161,113,172
167,111,169
164,114,175
172,117,175
173,111,173
173,115,173
170,116,173
171,110,172
161,110,169
162,114,172
162,114,173
172,114,177
175,115,177
176,115,176
170,111,170
171,114,177
166,112,175
163,114,171
164,109,171
168,113,170
170,110,173
174,113,176
166,114,176
168,117,175
164,112,169
161,111,172
170,117,177
174,117,177
173,114,177
161,110,171
161,113,171
165,116,174
174,117,176
175,114,174
165,112,169
161,111,169
168,109,171
164,115,172
166,116,173
171,112,170
162,109,169
166,109,169
160,111,170
162,109,170
165,111,174
175,116,175
168,117,176
163,112,169
170,114,177
163,112,174
171,110,171
172,111,171
168,109,170
165,110,173
163,115,173
174,115,173
164,115,175
175,115,174
160,111,171
171,111,170
160,112,171
167,113,176
176,114,176
165,116,175
162,113,170
174,112,175
164,113,175
170,112,170
166,112,169
170,114,171
168,115,177
174,114,177
173,117,175
168,116,177
171,116,173
166,116,176
176,116,176
163,109,171
160,110,170
170,110,170
162,110,172
163,115,174
171,115,172
168,110,169
173,111,174
171,110,173
176,116,177
169,117,177
175,117,177
161,113,173
173,113,171
162,111,173
162,112,169
174,112,173
168,111,169
167,117,175
169,114,177
169,109,171
161,109,169
167,109,169
176,115,177
160,110,169
169,117,174
162,113,174
173,116,178
163,110,168
172,114,171
175,113,176
170,117,174
174,116,174
161,112,173
160,112,170
165,116,173
169,113,170
172,116,178
175,113,174
164,110,168
165,112,175
167,109,172
172,110,172
175,117,176
174,116,178
161,109,170
162,114,174
174,114,172
160,112,172
172,112,170
162,114,171
166,109,172
162,110,168
168,117,174
164,110,173
165,115,176
171,113,170
173,117,178
167,112,169
160,111,169
175,114,177
163,109,168
174,113,172
168,109,172
164,111,174
167,117,176
169,109,170
172,117,178
163,115,172
173,112,171
173,111,172
174,117,178
164,109,168
171,116,178
171,117,174
172,113,170
162,109,168
165,114,176
173,115,172
176,115,175
165,110,168
173,114,171
165,109,172
162,109,171
164,116,174
170,111,169
170,111,175
174,117,175
166,113,176
175,116,178
172,116,173
160,110,171
169,111,175
163,114,175
161,114,172
171,112,176
170,112,176
161,113,170
161,110,168
167,115,177
172,110,173
161,112,169
168,114,177
172,118,177
175,112,175
167,117,174
171,117,178
169,109,172
160,113,172
171,111,175
168,117,177
176,117,177
167,116,177
165,109,168
172,112,176
159,111,170
161,114,173
160,111,172
175,117,178
160,113,171
175,116,174
173,118,177
170,109,171
173,115,178
171,110,170
171,114,171
166,115,171
160,109,169
