187,140,39
187,141,39
187,139,39
187,142,39
187,138,39
187,143,39
187,137,39
188,141,39
186,139,39
188,140,39
186,140,39
188,142,39
186,138,39
188,139,39
186,141,39
187,144,39
187,136,39
188,143,39
186,137,39
188,138,39
186,142,39
187,140,38
187,140,40
187,139,38
187,141,40
188,144,39
187,141,38
186,136,39
187,139,40
187,145,39
187,135,39
187,138,38
187,142,40
188,141,40
186,139,38
188,137,39
186,143,39
188,142,40
188,140,40
186,140,38
186,138,38
187,142,38
187,138,40
187,137,38
187,143,40
188,143,40
188,139,40
186,141,38
186,137,38
188,145,39
186,135,39
187,143,38
187,137,40
188,136,39
188,144,40
188,138,40
186,144,39
186,142,38
186,136,38
187,136,38
187,146,39
187,134,39
187,144,40
187,144,38
188,146,39
187,136,40
186,134,39
188,145,40
188,137,40
186,143,38
186,135,38
187,135,38
187,145,40
188,140,38
188,135,39
188,141,38
186,140,40
186,139,40
186,145,39
188,139,38
188,142,38
186,141,40
186,138,40
187,147,39
187,133,39
188,138,38
187,145,38
188,146,40
188,136,40
186,142,40
187,135,40
186,144,38
186,134,38
188,143,38
188,147,39
189,141,39
186,137,40
185,139,39
189,142,39
185,138,39
186,133,39
189,140,39
187,134,38
185,140,39
189,143,39
185,137,39
187,146,40
188,137,38
189,142,40
185,138,38
189,141,40
185,139,38
186,143,40
188,134,39
188,144,38
189,143,40
189,139,39
185,137,38
185,141,39
186,146,39
189,140,40
186,136,40
189,144,39
185,140,38
185,136,39
189,144,40
185,136,38
187,146,38
188,147,40
188,135,40
186,145,38
186,133,38
187,134,40
189,139,40
188,136,38
189,138,39
185,141,38
187,132,39
187,148,39
185,142,39
186,144,40
189,145,39
188,145,38
188,148,39
185,135,39
187,133,38
189,145,40
186,132,39
185,135,38
186,135,40
187,147,40
189,138,40
185,142,38
189,137,39
188,133,39
185,143,39
188,135,38
186,147,39
189,146,39
189,146,40
185,134,39
186,145,40
188,148,40
188,134,40
185,134,38
187,147,38
186,146,38
186,132,38
188,146,38
187,133,40
189,137,40
186,134,40
185,143,38
189,136,39
187,132,38
187,149,39
187,131,39
188,149,39
185,144,39
187,148,40
186,131,39
189,147,39
188,141,41
189,147,40
188,134,38
188,142,41
185,133,38
185,133,39
186,139,37
188,140,41
186,138,37
188,143,41
186,140,37
186,146,40
188,132,39
188,147,38
189,136,40
186,137,37
185,144,38
188,139,41
186,148,39
188,149,40
188,133,40
187,139,37
187,141,41
186,147,38
186,131,38
186,141,37
187,140,37
187,140,41
186,133,40
187,148,38
188,144,41
189,135,39
187,138,37
187,142,41
186,136,37
187,132,40
187,141,37
189,141,38
187,139,41
189,142,38
189,140,38
185,145,39
185,139,40
188,138,41
189,148,39
189,148,40
187,137,37
185,138,40
185,140,40
187,143,41
186,142,37
189,143,38
185,132,38
189,139,38
187,131,38
187,142,37
187,138,41
188,145,41
188,133,38
185,132,39
186,135,37
185,137,40
188,150,39
187,149,40
185,141,40
187,130,39
187,150,39
189,135,40
186,130,39
186,147,40
189,144,38
187,136,37
188,148,38
185,145,38
189,138,38
187,144,41
188,137,41
187,143,37
186,143,37
187,137,41
189,142,41
185,136,40
185,142,40
189,143,41
189,141,41
189,134,39
186,132,40
188,131,39
188,146,41
185,138,37
186,134,37
188,150,40
188,132,40
185,139,37
185,137,37
186,148,38
186,130,38
189,144,41
189,140,41
189,145,38
186,149,39
187,149,38
185,146,39
189,137,38
187,135,37
189,149,40
189,149,39
187,145,41
185,140,37
185,136,37
187,131,40
185,131,38
185,135,40
187,144,37
185,143,40
187,136,41
190,142,40
188,136,41
185,131,39
184,138,38
190,143,40
189,145,41
189,139,41
184,137,38
188,132,38
186,144,37
190,141,40
189,134,40
184,139,38
190,144,40
187,130,38
184,136,38
185,141,37
185,135,37
185,146,38
189,146,38
188,147,41
186,133,37
188,149,38
189,136,38
186,148,40
187,150,40
190,140,40
190,142,39
188,151,39
184,140,38
187,134,37
184,138,39
190,143,39
190,141,39
190,145,40
184,137,39
184,139,39
184,135,38
187,146,41
189,146,41
189,138,41
185,134,40
189,133,39
188,140,37
187,151,39
187,129,39
186,129,39
187,145,37
185,144,40
190,144,39
190,140,39
188,141,37
188,139,37
186,131,40
184,136,39
185,142,37
185,134,37
184,140,39
187,135,41
190,139,40
186,140,41
184,141,38
188,135,41
186,139,41
189,150,40
185,147,39
186,141,41
188,142,37
186,145,37
189,150,39
188,138,37
190,146,40
188,130,39
184,134,38
190,145,39
188,151,40
188,131,40
186,129,38
186,149,38
185,130,38
190,139,39
189,147,38
186,138,41
184,135,39
187,150,38
186,142,41
184,141,39
189,135,38
186,150,39
189,147,41
189,137,41
188,148,41
185,130,39
188,143,37
186,132,37
187,133,37
188,137,37
188,131,38
189,133,40
187,130,40
190,138,40
185,143,37
185,133,37
185,133,40
187,147,41
184,142,38
186,137,41
190,146,39
185,147,38
185,145,40
186,143,41
187,146,37
190,147,40
190,138,39
184,133,38
184,134,39
188,150,38
187,129,38
184,142,39
187,134,41
186,149,40
188,144,37
188,136,37
189,132,39
188,134,41
186,146,37
187,151,40
189,148,38
188,152,39
186,136,41
189,148,41
189,136,41
190,137,40
186,144,41
189,134,38
186,130,40
190,147,39
189,151,40
184,143,38
190,137,39
185,144,37
185,132,37
185,148,39
189,151,39
186,128,39
187,132,37
190,148,40
186,131,37
188,149,41
184,133,39
187,152,39
187,128,39
185,129,38
188,145,37
184,143,39
184,132,38
185,132,40
188,135,37
187,148,41
185,146,40
187,147,37
188,152,40
188,130,40
186,150,38
186,128,38
188,129,39
185,129,39
189,132,40
186,135,41
187,151,38
188,130,38
186,145,41
187,133,41
190,143,41
190,142,41
185,148,38
186,151,39
190,136,40
190,148,39
190,144,41
187,129,40
189,149,41
189,135,41
190,136,39
190,141,41
184,137,37
186,147,37
189,149,38
184,138,37
188,133,41
184,144,38
188,151,38
184,136,37
188,146,37
189,133,38
190,149,40
184,132,39
185,145,37
185,131,37
190,145,41
186,150,40
184,139,37
188,134,37
184,144,39
189,131,39
187,128,38
190,140,41
184,131,38
187,131,37
184,135,37
186,130,37
188,150,41
186,134,41
184,140,37
185,131,40
187,152,40
189,152,40
190,146,41
186,146,41
186,129,40
187,149,41
185,147,40
189,152,39
187,148,37
188,153,39
185,149,39
190,139,41
190,149,39
185,128,38
184,134,37
190,135,40
190,135,39
187,132,41
184,141,37
186,127,39
190,142,38
190,141,38
188,147,37
189,150,41
189,134,41
184,145,38
190,143,38
189,131,40
184,131,39
188,133,37
185,128,39
190,147,41
190,150,40
187,153,39
187,127,39
190,140,38
189,150,38
184,145,39
188,153,40
188,129,40
185,146,37
185,130,37
186,151,38
186,127,38
188,129,38
184,138,40
186,148,37
184,139,40
189,132,38
188,132,41
190,144,38
188,128,39
185,149,38
184,133,37
190,138,41
187,152,38
184,130,38
184,137,40
186,133,41
184,140,40
190,139,38
186,147,41
184,142,37
187,130,37
184,136,40
186,152,39
187,128,40
188,152,38
190,145,38
189,141,37
186,129,37
189,140,37
189,130,39
186,151,40
185,130,40
190,148,41
190,150,39
184,141,40
188,151,41
189,142,37
190,134,39
185,148,40
190,138,38
189,139,37
187,150,41
190,134,40
187,149,37
