211,212,139
210,212,139
212,212,139
212,213,140
210,211,138
209,212,139
212,211,139
211,212,138
211,212,140
211,213,140
213,213,140
209,211,138
211,211,138
212,213,139
210,211,139
210,212,138
212,212,138
212,212,140
210,212,140
211,213,139
213,213,139
211,211,139
209,211,139
210,213,140
213,212,140
208,211,138
211,210,138
209,212,138
212,211,138
212,211,140
209,212,140
210,213,139
213,212,139
211,210,139
208,211,139
208,212,139
212,210,139
212,213,141
210,211,137
213,213,141
211,213,141
209,211,137
211,211,137
213,214,140
209,210,138
209,213,140
213,211,140
207,211,138
211,209,138
208,212,138
212,210,138
212,214,140
214,214,140
210,210,138
208,210,138
212,210,140
209,213,139
208,212,140
213,211,139
213,214,141
209,210,137
211,209,139
207,211,139
212,213,138
208,211,137
213,212,141
211,210,137
210,213,141
210,211,140
212,214,141
214,214,141
208,210,137
210,210,137
211,213,138
213,213,138
211,211,140
209,211,140
207,212,139
212,209,139
211,214,140
214,213,140
210,209,138
207,210,138
211,212,137
211,212,141
211,214,141
214,213,141
207,210,137
210,209,137
210,212,137
212,212,137
212,212,141
210,212,141
210,213,138
213,212,138
211,210,140
213,214,139
208,211,140
209,210,139
207,211,137
208,213,140
213,210,140
206,211,138
211,208,138
211,209,137
207,212,138
213,211,141
212,214,139
209,213,141
212,209,138
214,214,139
208,213,139
210,210,139
208,210,139
213,210,139
212,209,140
209,212,137
207,212,140
210,214,140
212,211,137
214,212,140
211,208,139
212,211,141
206,211,139
210,208,138
209,212,141
206,210,138
211,214,139
210,214,141
214,212,141
206,210,137
210,208,137
214,213,139
209,213,138
213,211,138
210,209,139
207,210,139
213,214,142
211,209,140
209,210,136
207,211,140
214,214,142
212,214,142
206,212,139
212,208,139
208,210,136
210,210,136
208,212,137
212,210,137
212,213,142
206,211,137
211,208,137
212,210,141
214,215,141
208,209,137
210,211,136
208,212,141
213,210,141
208,213,141
213,213,142
211,213,142
210,214,139
213,215,141
209,211,136
215,215,141
209,209,137
207,209,137
211,211,136
209,214,140
214,212,139
214,213,142
214,211,140
211,214,142
207,210,136
210,209,136
207,213,140
213,209,140
205,211,138
211,207,138
206,212,138
210,207,138
210,208,139
212,208,138
205,210,138
207,213,139
206,210,139
213,209,139
208,213,138
209,214,141
214,211,141
212,208,140
205,210,137
210,207,137
213,210,138
206,212,140
213,212,142
208,211,136
211,207,139
212,215,141
214,215,140
215,214,141
211,210,136
210,213,142
209,208,137
205,211,139
208,209,138
206,209,137
214,215,142
208,209,136
213,215,140
215,215,140
211,208,140
209,209,138
207,209,138
206,211,140
213,215,142
215,215,142
207,212,137
207,209,136
209,209,136
212,209,137
212,213,137
206,210,136
214,212,142
210,208,136
210,214,142
210,211,141
211,213,137
212,209,141
213,213,137
209,214,139
212,215,140
213,214,138
207,212,141
215,214,140
211,211,141
214,211,139
209,211,141
209,208,138
205,211,137
212,215,142
215,214,142
207,211,136
206,209,138
212,214,138
209,210,140
214,214,138
211,207,137
211,215,141
206,209,136
209,208,136
211,209,136
215,213,141
213,211,142
209,207,137
209,213,142
205,209,137
210,207,139
205,212,139
212,207,139
210,210,140
213,209,141
208,210,140
210,213,137
208,214,140
205,210,139
207,213,141
213,212,137
214,210,140
211,210,141
211,214,138
210,206,138
208,211,141
207,213,138
214,213,138
204,210,138
211,212,136
211,212,142
213,209,138
208,214,141
214,210,141
211,215,140
204,210,137
210,206,137
215,213,140
205,212,138
210,209,140
210,212,136
212,212,136
212,212,142
206,213,140
213,208,140
204,211,138
211,206,138
212,207,138
207,210,140
210,212,142
206,213,139
205,210,136
210,207,136
213,208,139
211,215,142
215,213,142
209,207,138
214,211,142
205,209,136
209,207,136
209,214,142
205,209,138
206,212,137
209,213,137
211,207,140
212,208,137
212,207,140
213,211,137
205,212,140
205,211,140
206,211,136
211,206,139
209,212,136
204,211,139
211,208,136
210,215,141
213,214,143
215,212,141
210,214,138
212,211,136
208,214,139
212,211,142
214,215,139
214,212,138
211,209,141
213,210,142
209,206,137
209,212,142
214,210,139
214,214,143
204,209,137
212,214,143
212,208,141
209,210,135
208,213,142
207,211,141
213,215,139
208,209,139
215,215,139
214,215,143
206,212,141
208,210,135
210,210,135
209,209,139
210,208,140
208,209,135
215,215,143
207,209,139
213,215,143
206,210,140
210,215,140
210,206,139
204,211,137
207,209,135
209,209,135
215,212,140
211,206,137
204,210,139
212,215,139
214,213,143
211,214,143
215,214,139
208,212,136
207,210,135
212,210,136
210,215,142
215,212,142
207,214,140
210,209,135
208,213,137
204,209,136
209,206,136
209,206,138
214,209,140
213,208,141
209,208,139
215,214,143
206,213,141
215,216,142
204,209,138
207,208,136
213,210,137
212,215,143
212,210,142
206,209,139
206,213,138
204,210,136
208,212,142
206,209,135
209,214,138
209,208,135
210,206,136
214,216,142
216,216,142
215,216,141
208,208,136
206,208,136
207,208,137
213,208,138
204,212,139
212,206,139
210,205,138
214,211,138
214,210,142
203,210,138
208,214,142
214,216,141
207,214,141
214,209,141
216,216,141
203,210,137
210,205,137
208,208,137
206,208,137
205,211,136
212,213,143
211,208,141
211,207,136
211,215,139
209,215,141
205,212,137
215,211,141
206,211,141
215,213,139
210,211,135
213,213,143
211,213,143
214,212,143
212,207,137
206,210,135
213,216,142
216,215,142
204,212,138
210,214,143
208,207,136
210,208,135
209,211,135
205,208,136
210,207,140
209,205,137
212,206,138
211,211,135
205,213,139
213,209,142
203,209,137
205,213,140
213,207,140
203,211,138
211,205,138
211,206,140
213,216,141
213,207,139
216,215,141
207,214,139
205,210,140
215,213,143
207,212,136
207,213,142
208,207,137
211,215,143
209,207,139
204,211,140
205,208,137
205,209,135
214,209,139
212,209,136
209,207,135
205,209,139
209,215,140
215,211,140
213,212,143
212,206,140
208,211,135
210,213,143
212,207,141
204,212,140
211,205,139
211,210,135
215,216,143
203,211,139
207,213,137
212,209,142
205,212,141
207,208,135
209,215,142
215,211,142
214,216,143
216,216,143
207,212,142
213,209,137
203,209,136
209,205,136
212,216,142
206,208,135
208,208,135
216,214,142
209,205,138
208,214,138
210,205,139
208,206,136
210,215,139
212,216,141
204,208,136
203,209,138
216,214,141
214,210,138
215,212,139
203,210,139
213,214,137
215,216,140
205,210,135
203,211,137
208,206,137
212,214,137
211,205,137
204,208,137
210,207,135
214,214,137
214,211,143
214,216,140
207,208,138
213,216,143
216,215,143
216,216,140
203,210,136
207,211,135
209,214,143
210,205,136
212,213,136
209,210,141
205,208,135
208,207,135
211,209,135
206,214,140
213,211,143
208,208,138
215,212,143
206,208,138
214,208,140
211,207,141
204,209,135
211,213,136
210,215,143
209,213,143
209,206,135
204,211,136
213,213,136
210,210,141
210,211,142
214,209,142
209,206,139
205,213,138
208,210,141
213,207,141
207,214,142
205,211,141
211,206,136
206,212,136
211,214,137
205,213,141
204,209,139
213,207,138
208,215,141
214,213,137
211,211,142
213,216,140
215,210,141
209,211,142
210,206,140
212,208,136
216,215,140
210,204,138
204,210,140
206,214,141
214,208,141
202,210,138
210,213,136
202,210,137
210,204,137
208,207,138
214,215,138
204,212,137
211,216,142
213,212,136
209,204,137
205,208,138
216,213,142
202,209,137
210,209,141
211,216,141
212,206,137
213,215,138
213,208,142
