136,66,190
135,66,190
137,66,190
134,66,190
138,66,190
133,66,190
139,66,190
137,66,191
135,66,189
136,66,191
136,66,189
138,66,191
134,66,189
135,66,191
137,66,189
137,67,191
135,65,189
136,65,190
136,67,190
135,65,190
137,67,190
136,67,191
138,67,191
132,66,190
140,66,190
134,65,189
136,65,189
139,66,191
133,66,189
134,66,191
138,66,189
137,65,190
135,67,190
134,65,190
138,67,190
135,67,191
139,67,191
133,65,189
137,65,189
138,65,190
134,67,190
133,65,190
140,66,191
139,67,190
132,66,189
133,66,191
139,66,189
134,67,191
140,67,191
132,65,189
138,65,189
131,66,190
141,66,190
139,65,190
133,67,190
132,65,190
140,67,190
141,66,191
131,66,189
132,66,191
133,67,191
141,67,191
131,65,189
139,65,189
140,66,189
140,65,190
132,67,190
138,67,192
134,65,188
137,67,192
135,65,188
131,65,190
130,66,190
142,66,190
136,65,191
141,67,190
136,67,189
137,65,191
135,65,191
135,67,189
139,67,192
133,65,188
136,67,192
137,67,189
136,65,188
142,66,191
138,65,191
132,67,191
142,67,191
130,65,189
140,65,189
134,67,189
130,66,189
134,65,191
131,66,191
140,67,192
137,66,192
138,67,189
132,65,188
135,66,188
141,66,189
135,67,192
138,66,192
137,65,188
134,66,188
136,66,192
136,66,188
139,65,191
141,65,190
139,66,192
133,67,189
133,66,188
131,67,190
133,65,191
135,66,192
130,65,190
137,66,188
139,67,189
142,67,190
141,67,192
131,65,188
134,67,192
138,65,188
129,66,190
143,66,190
140,66,192
132,66,188
137,68,191
138,68,191
140,65,191
134,66,192
131,67,191
143,67,191
135,64,189
143,66,191
129,65,189
141,65,189
134,64,189
138,66,188
136,68,191
132,67,189
139,68,191
129,66,189
132,65,191
130,66,191
136,64,189
133,64,189
142,66,189
140,67,189
142,67,192
130,65,188
141,66,192
133,67,192
135,68,191
142,65,190
140,68,191
137,64,189
139,65,188
131,66,188
132,64,189
130,67,190
129,65,190
133,66,192
141,65,191
143,67,190
139,66,188
138,68,192
137,68,192
139,68,192
134,64,188
131,67,189
135,64,190
137,68,190
131,65,191
133,64,188
135,64,188
134,68,191
136,64,190
136,68,190
138,64,189
134,64,190
138,68,190
141,68,191
131,64,189
136,68,192
140,68,192
141,67,189
130,67,191
144,67,191
128,66,190
144,66,190
128,65,189
142,65,189
142,66,192
143,67,192
137,64,190
132,64,188
136,64,188
144,66,191
135,68,190
129,65,188
133,64,190
132,67,192
139,68,190
130,66,188
128,66,189
129,66,191
132,66,192
140,65,188
143,66,189
135,68,192
141,68,192
140,66,188
138,64,190
142,65,191
131,64,188
137,64,188
143,65,190
134,68,190
133,68,191
139,64,189
132,64,190
142,68,191
130,64,189
140,68,190
129,67,190
128,65,190
130,67,189
130,65,191
144,67,190
143,66,192
142,67,189
134,68,192
142,68,192
139,64,190
144,67,192
138,67,193
134,65,187
130,64,188
138,64,188
133,68,190
129,66,188
137,65,192
139,67,193
133,65,187
128,65,188
136,65,192
131,66,192
131,64,190
131,67,192
137,67,193
135,65,187
138,65,192
141,68,190
129,67,191
145,67,191
127,65,189
143,65,189
135,67,188
141,65,188
136,67,188
140,64,189
135,65,192
132,68,191
140,67,193
132,65,187
145,66,191
141,66,188
134,67,188
127,66,190
145,66,190
136,67,193
129,64,189
136,65,187
143,68,191
143,65,191
137,67,188
139,65,192
128,66,191
127,66,189
134,65,192
140,64,190
133,67,188
141,67,193
133,68,192
143,68,192
144,66,189
131,65,187
129,65,191
144,65,190
129,67,189
129,64,188
139,64,188
132,68,190
135,67,193
138,67,188
137,65,187
130,64,190
144,66,192
127,65,190
140,65,192
128,67,190
142,68,190
143,67,189
145,67,192
145,67,190
133,65,192
128,66,188
139,68,193
132,67,188
130,66,192
138,68,193
142,67,193
133,64,187
134,64,187
141,64,189
127,65,188
130,67,192
131,68,191
130,65,187
136,64,191
140,68,193
135,64,191
137,68,193
138,66,193
134,67,193
137,66,193
132,64,187
128,64,189
139,67,188
135,64,187
142,65,188
137,64,191
144,68,191
134,66,187
136,68,189
142,66,188
138,65,187
135,66,187
139,66,193
137,68,189
141,64,190
134,64,191
141,65,192
136,66,193
133,66,187
132,68,192
144,68,192
135,68,189
128,67,191
146,67,191
144,65,191
141,68,193
126,65,189
144,65,189
136,68,193
128,64,188
140,64,188
136,66,187
138,68,189
131,68,190
131,64,187
138,64,191
129,64,190
136,64,187
140,66,193
146,66,191
132,65,192
131,67,188
133,64,191
132,66,187
134,68,189
143,67,193
135,66,193
126,66,190
146,66,190
128,65,191
143,68,190
127,66,191
128,67,189
126,66,189
129,65,187
145,66,192
137,66,187
139,68,189
142,68,193
133,67,193
140,67,188
139,64,191
135,68,193
145,65,190
130,64,187
141,66,193
145,66,189
139,65,187
142,65,192
137,64,187
144,67,189
132,64,191
142,64,189
131,66,187
129,66,192
126,65,190
133,68,189
146,67,192
127,66,188
134,66,193
127,67,190
130,68,191
142,64,190
127,64,189
129,67,192
126,65,188
131,65,192
145,68,191
138,66,187
140,68,189
146,67,190
130,67,188
131,68,192
145,68,192
143,68,193
127,64,188
141,64,188
140,64,191
143,66,188
144,67,193
143,65,188
130,68,190
142,66,193
128,64,190
134,68,193
129,64,187
128,65,187
145,65,191
138,64,187
132,67,193
141,67,188
131,64,191
130,66,187
132,68,189
133,66,193
144,68,190
138,69,192
139,69,192
127,67,191
147,67,191
143,65,192
125,65,189
145,65,189
138,69,191
140,65,187
137,69,192
137,69,191
140,69,192
139,69,191
127,65,191
139,66,187
141,68,189
134,63,188
147,66,191
146,66,192
134,63,189
133,63,188
127,67,189
135,63,189
133,63,189
136,69,191
141,64,191
135,63,188
144,68,193
143,66,193
132,63,188
136,69,192
130,65,192
140,69,191
126,66,191
141,69,192
133,68,193
129,67,188
143,64,189
136,63,189
125,66,190
147,66,190
125,66,189
128,64,187
143,64,190
132,63,189
128,66,192
129,68,191
145,67,193
146,65,190
139,64,187
145,67,189
126,66,188
126,64,189
130,64,191
147,67,192
136,63,188
129,66,187
131,68,189
130,68,192
146,68,192
132,66,193
131,63,188
135,69,191
146,66,189
146,68,191
126,64,188
142,64,188
125,65,190
127,64,190
129,68,190
141,69,191
127,65,187
128,67,192
137,63,189
135,69,192
131,67,193
125,65,188
126,67,190
142,67,188
142,69,192
131,63,189
144,66,188
140,66,187
142,68,189
144,65,192
144,65,188
147,67,190
137,63,188
141,65,187
145,68,190
130,63,188
142,64,191
146,65,191
144,66,193
134,69,191
145,68,193
138,63,189
132,68,193
142,69,191
127,64,187
139,69,193
129,65,192
134,69,192
130,63,189
138,69,193
140,69,193
129,64,191
140,64,187
143,69,192
128,67,188
126,65,191
131,66,193
128,66,187
147,66,192
130,68,189
126,67,191
148,67,191
124,65,189
146,65,189
138,63,188
146,67,193
133,63,187
126,67,189
144,64,190
137,69,193
141,69,193
129,63,188
135,63,190
137,69,190
132,63,187
134,63,187
144,64,189
134,63,190
138,69,190
139,67,194
137,65,193
133,65,186
138,67,194
148,66,191
138,65,193
134,65,186
136,63,190
133,69,191
136,69,190
140,67,194
136,65,193
132,65,186
128,68,191
139,63,189
129,68,192
147,68,192
130,67,193
126,65,187
127,66,192
133,63,190
141,66,187
125,64,189
