185,60,155
185,60,160
185,60,150
185,60,145
190,60,160
190,60,155
190,60,165
190,65,160
190,65,165
185,60,140
190,65,155
190,60,150
185,65,155
185,65,160
180,60,150
180,60,155
190,65,150
185,65,150
180,60,145
190,60,145
185,60,135
185,65,145
180,60,140
190,65,145
185,55,155
185,55,150
185,55,160
190,60,140
180,55,150
180,55,155
185,55,145
180,55,145
185,65,140
180,60,135
190,65,140
185,60,130
180,55,140
195,65,165
195,65,160
185,55,140
195,65,170
190,60,135
195,65,155
185,65,135
180,55,135
180,60,130
185,55,135
195,65,150
190,65,135
180,65,155
195,60,165
180,65,150
195,60,160
195,60,170
190,55,160
185,60,125
180,65,160
190,55,155
195,60,155
190,55,165
180,65,145
180,55,130
190,55,150
190,60,130
190,70,160
190,70,165
195,65,145
195,60,150
185,55,130
190,70,155
185,65,130
180,60,125
190,55,145
180,65,140
175,55,145
175,55,150
175,60,150
175,60,145
175,55,140
190,65,130
190,70,150
175,60,155
195,60,145
195,70,165
175,60,140
195,70,170
180,55,125
190,55,140
195,70,160
195,65,140
185,60,120
175,55,135
180,65,135
190,60,125
185,55,125
195,70,155
190,70,145
175,60,135
195,60,140
185,65,125
185,70,160
180,60,120
185,70,155
190,55,135
175,55,130
185,70,165
195,70,150
185,70,150
195,65,135
190,65,125
180,55,120
175,60,130
180,65,130
190,70,140
195,60,135
185,70,145
185,55,120
190,55,130
195,70,145
175,55,125
190,60,120
185,60,115
200,65,170
200,65,165
180,50,150
200,65,175
180,50,145
180,50,155
200,65,160
175,60,125
185,65,120
180,50,140
180,60,115
185,70,140
195,65,130
190,70,135
200,65,155
180,65,125
185,50,155
180,55,115
195,55,165
195,55,160
185,50,150
195,60,130
185,50,160
195,70,140
195,55,170
195,55,155
180,50,135
190,65,120
190,55,125
185,50,145
175,55,120
200,70,170
200,70,165
200,70,175
200,65,150
185,55,115
195,55,150
185,50,140
175,50,145
200,70,160
175,50,150
190,60,115
185,70,135
175,50,140
180,50,130
175,65,150
175,60,120
195,55,145
185,60,110
175,65,145
200,60,170
200,60,165
175,65,155
175,50,135
200,70,155
185,50,135
200,60,175
200,60,160
200,65,145
190,70,130
195,65,125
195,70,135
195,60,125
175,65,140
170,55,145
170,55,140
180,65,120
185,65,115
190,55,120
180,60,110
200,60,155
175,55,115
180,55,110
170,55,150
195,55,140
180,50,125
175,50,130
170,55,135
200,70,150
185,50,130
190,65,115
200,60,150
175,65,135
185,70,130
185,55,110
180,70,155
200,65,140
180,70,150
170,55,130
180,70,160
175,60,115
195,55,135
175,50,125
190,50,160
190,50,155
195,75,165
195,75,170
180,70,145
190,60,110
195,70,130
200,70,145
200,60,145
190,50,165
190,50,150
180,50,120
190,70,125
195,75,160
170,60,145
195,60,120
195,65,120
185,50,125
170,60,140
175,65,130
170,60,150
190,55,115
185,60,105
170,55,125
190,50,145
175,55,110
190,75,165
190,75,160
180,65,115
195,75,155
180,70,140
200,65,135
170,60,135
190,75,170
180,55,105
175,50,120
190,75,155
195,55,130
185,65,110
200,60,140
180,60,105
190,50,140
185,70,125
200,70,140
195,75,150
185,55,105
170,60,130
180,50,115
190,65,110
185,50,120
190,75,150
170,50,140
170,50,145
170,55,120
175,65,125
180,70,135
190,50,135
175,60,110
170,50,135
195,70,125
200,75,170
200,75,175
195,60,115
200,75,165
200,60,135
200,65,130
190,70,120
190,60,105
190,55,110
195,55,125
175,50,115
195,65,115
170,50,130
195,75,145
190,75,145
170,60,125
200,75,160
175,55,105
200,70,135
190,50,130
180,65,110
185,60,100
185,50,115
170,55,115
185,70,120
180,70,130
170,50,125
205,65,175
205,65,170
180,55,100
180,50,110
200,75,155
205,70,175
175,65,120
205,65,180
205,65,165
205,70,170
200,60,130
205,70,180
185,65,105
200,55,165
180,60,100
200,55,170
190,75,140
205,70,165
200,55,160
195,75,140
205,65,160
185,55,100
195,55,120
200,55,175
200,65,125
170,60,120
190,50,125
175,50,110
195,70,120
200,55,155
200,75,150
185,75,160
205,70,160
190,65,105
175,60,105
170,50,120
195,60,110
185,75,155
185,75,165
205,65,155
200,70,130
190,55,105
200,55,150
190,70,115
195,65,110
185,75,150
185,50,110
180,70,125
205,70,155
190,60,100
170,55,110
175,55,100
200,60,125
195,50,160
180,50,105
195,50,165
205,65,150
190,75,135
195,50,155
200,55,145
200,75,145
190,50,120
195,75,135
195,50,170
175,65,115
185,75,145
185,70,115
170,50,115
195,50,150
195,55,115
170,60,115
180,65,105
205,70,150
180,55,95
180,45,150
175,50,105
200,65,120
185,60,95
180,45,145
180,45,155
195,50,145
200,55,140
205,65,145
180,45,140
205,60,170
200,70,125
165,55,140
205,60,175
195,70,115
185,55,95
205,60,165
165,55,135
185,65,100
175,45,145
165,55,145
185,75,140
180,60,95
205,60,180
170,65,145
195,60,105
175,45,140
180,45,135
175,45,150
200,75,140
170,65,150
185,50,105
205,60,160
195,50,140
190,55,100
170,65,140
175,60,100
205,70,145
205,75,175
180,70,120
200,60,120
190,50,115
165,55,130
205,75,170
205,75,180
175,45,135
190,75,130
170,55,105
175,70,150
190,65,100
170,50,110
175,70,155
200,55,135
195,75,130
175,70,145
190,70,110
205,75,165
205,60,155
180,50,100
195,65,105
180,45,130
205,65,140
170,65,135
185,45,155
185,45,150
175,45,130
195,55,110
185,45,160
185,45,145
195,50,135
170,60,110
165,55,125
175,55,95
190,60,95
175,65,110
175,70,140
205,75,160
185,75,135
205,60,150
175,50,100
165,50,140
185,45,140
200,65,115
165,50,135
185,70,110
205,70,140
180,45,125
165,50,145
170,65,130
175,45,125
200,75,135
165,50,130
200,55,130
200,70,120
180,65,100
185,45,135
205,75,155
190,50,110
195,50,130
205,65,135
175,70,135
180,55,90
165,55,120
200,60,115
205,60,145
185,50,100
170,50,105
185,60,90
165,50,125
195,70,110
190,75,125
195,60,100
180,70,115
185,55,90
195,75,125
180,45,120
175,45,120
170,55,100
190,55,95
185,45,130
170,45,140
170,45,145
170,65,125
170,45,135
205,75,150
185,75,130
205,70,135
180,50,95
185,65,95
195,80,170
180,60,90
195,55,105
195,80,165
175,60,95
165,60,140
200,55,125
205,60,140
165,60,145
165,50,120
195,50,125
195,80,175
175,70,130
165,60,135
170,60,105
170,45,130
195,80,160
195,65,100
190,70,105
165,55,115
190,65,95
200,80,170
200,75,130
200,80,175
205,65,130
185,45,125
175,50,95
200,65,110
175,65,105
200,80,165
175,45,115
165,60,130
175,55,90
190,50,105
180,45,115
195,80,155
170,45,125
190,60,90
180,75,155
200,70,115
205,75,145
180,75,160
200,60,110
200,80,160
180,75,150
170,50,100
185,70,105
205,60,135
165,50,115
190,45,155
170,65,120
190,45,160
185,50,95
190,45,150
195,50,120
205,70,130
190,45,165
190,75,120
200,55,120
165,60,125
185,45,120
175,70,125
180,75,145
190,45,145
170,45,120
195,80,150
185,75,125
195,75,120
200,80,155
180,65,95
180,55,85
165,55,110
180,70,110
195,70,105
195,60,95
170,55,95
205,65,125
175,45,110
195,55,100
210,70,180
210,70,175
190,45,140
180,45,110
190,80,165
190,55,90
180,50,90
190,80,160
210,70,185
210,70,170
185,55,85
190,80,170
205,75,140
200,75,125
185,60,85
180,75,140
