194,184,39
194,183,39
194,185,39
194,182,39
194,186,39
194,181,39
194,187,39
195,185,39
193,183,39
195,184,39
193,184,39
195,186,39
193,182,39
194,180,39
194,188,39
195,183,39
193,185,39
195,187,39
193,181,39
195,182,39
193,186,39
194,184,38
194,184,40
195,188,39
193,180,39
194,183,38
194,185,40
194,185,38
194,183,40
194,179,39
194,189,39
194,182,38
194,186,40
194,186,38
194,182,40
195,185,40
193,183,38
195,184,40
195,186,40
193,182,38
193,184,38
195,181,39
193,187,39
195,189,39
193,179,39
194,181,38
194,187,40
195,183,40
195,187,40
193,181,38
193,185,38
194,187,38
194,181,40
194,178,39
194,190,39
195,182,40
195,188,40
193,180,38
193,186,38
195,180,39
194,180,38
194,188,40
193,188,39
194,188,38
195,190,39
194,180,40
193,178,39
195,181,40
195,189,40
193,187,38
193,179,38
195,185,38
193,183,40
195,184,38
194,179,38
195,186,38
193,184,40
194,189,40
193,182,40
194,189,38
194,179,40
194,177,39
194,191,39
195,179,39
195,183,38
193,189,39
193,185,40
195,191,39
195,187,38
193,181,40
193,177,39
195,180,40
195,190,40
193,178,38
193,188,38
195,182,38
193,186,40
195,188,38
193,180,40
196,186,39
192,182,39
196,185,39
194,178,38
192,183,39
196,187,39
192,181,39
194,190,40
194,190,38
194,178,40
196,184,39
192,184,39
195,181,38
196,186,40
196,188,39
192,182,38
192,180,39
195,178,39
196,185,40
193,187,40
196,187,40
192,183,38
195,189,38
192,181,38
193,190,39
195,192,39
195,179,40
195,191,40
194,176,39
194,192,39
193,177,38
193,189,38
193,179,40
193,176,39
196,183,39
196,184,40
192,184,38
192,185,39
196,188,40
192,180,38
196,189,39
192,179,39
195,180,38
196,183,40
192,185,38
194,177,38
196,189,40
192,179,38
193,188,40
196,182,39
194,191,40
195,190,38
194,191,38
192,186,39
196,190,39
194,177,40
193,178,40
192,178,39
195,177,39
196,182,40
195,178,40
195,192,40
193,176,38
193,190,38
192,186,38
196,190,40
193,191,39
192,178,38
195,193,39
195,179,38
196,181,39
193,175,39
194,175,39
194,193,39
192,187,39
193,189,40
196,191,39
195,191,38
192,177,39
194,176,38
196,181,40
193,177,40
192,187,38
196,191,40
194,192,40
195,185,41
194,192,38
192,177,38
195,186,41
195,184,41
193,183,37
194,176,40
193,182,37
193,184,37
196,180,39
195,187,41
195,183,41
195,177,40
195,193,40
194,184,37
194,184,41
193,175,38
193,191,38
195,178,38
193,181,37
192,188,39
193,185,37
194,183,37
194,185,41
195,176,39
194,185,37
194,183,41
196,192,39
193,192,39
193,190,40
194,182,37
195,194,39
194,186,41
192,176,39
195,188,41
195,192,38
196,180,40
194,186,37
195,182,41
194,182,41
193,180,37
192,188,38
193,174,39
196,186,38
196,192,40
193,186,37
196,185,38
196,187,38
192,176,38
193,176,40
192,182,40
194,181,37
194,174,39
194,194,39
192,183,40
194,187,41
196,184,38
192,181,40
194,187,37
194,175,38
194,181,41
196,188,38
195,189,41
192,184,40
196,179,39
195,181,41
193,179,37
194,193,40
194,193,38
192,180,40
193,187,37
196,183,38
192,189,39
194,175,40
196,193,39
195,177,38
194,180,37
196,189,38
194,188,41
192,185,40
194,188,37
196,179,40
195,176,40
195,194,40
193,174,38
193,192,38
192,175,39
194,180,41
192,179,40
192,189,38
193,191,40
195,193,38
196,193,40
196,186,41
196,182,38
195,190,41
195,175,39
196,187,41
196,185,41
192,175,38
193,178,37
195,180,41
192,182,37
193,188,37
192,181,37
192,183,37
195,195,39
193,193,39
196,190,38
192,186,40
193,175,40
196,188,41
196,184,41
194,179,37
194,189,41
193,173,39
192,180,37
192,184,37
196,178,39
194,189,37
192,178,40
194,179,41
196,183,41
196,189,41
196,181,38
194,174,38
192,190,39
193,194,39
196,194,39
192,179,37
192,185,37
195,191,41
195,176,38
194,194,38
194,194,40
193,177,37
197,187,40
192,187,40
196,191,38
196,178,40
191,181,38
195,185,37
197,186,40
195,184,37
195,179,41
191,182,38
197,188,40
191,180,38
193,189,37
192,174,39
195,186,37
192,190,38
196,194,40
194,178,37
194,174,40
193,183,41
193,184,41
197,185,40
195,183,37
196,190,41
196,182,41
191,183,38
193,182,41
194,190,41
195,194,38
192,177,40
192,174,38
193,192,40
197,189,40
195,175,40
195,195,40
197,187,39
191,179,38
193,173,38
193,193,38
195,187,37
191,181,39
197,186,39
194,190,37
191,182,39
192,186,37
192,178,37
193,185,41
197,188,39
191,180,39
196,180,38
194,178,41
193,181,41
197,185,39
195,182,37
197,184,40
191,183,39
191,184,38
193,174,40
197,189,39
197,190,40
195,188,37
191,179,39
191,178,38
196,177,39
193,186,41
196,192,38
192,188,40
194,195,39
192,193,39
197,184,39
195,192,41
196,181,41
196,191,41
193,176,37
193,180,41
191,184,39
195,181,37
195,178,41
197,190,39
193,190,37
192,191,39
197,183,40
194,177,37
196,195,39
192,177,37
192,187,37
191,185,38
191,178,39
192,176,40
197,191,40
196,177,40
194,191,41
195,189,37
193,187,41
191,177,38
195,175,38
194,191,37
197,183,39
196,179,38
196,195,40
192,191,38
192,173,39
191,185,39
193,194,38
192,194,39
193,179,41
194,177,41
193,194,40
197,191,39
192,173,38
195,180,37
195,195,38
197,182,40
191,177,39
196,192,41
196,180,41
193,193,40
196,193,38
192,189,40
191,186,38
194,195,40
197,192,40
192,176,37
192,188,37
192,193,38
195,190,37
193,188,41
197,182,39
191,176,38
193,175,37
195,193,41
196,176,39
193,173,40
194,176,37
191,186,39
193,191,37
195,177,41
192,175,40
197,192,39
193,178,41
194,192,41
195,179,37
196,178,38
194,192,37
191,176,39
197,181,40
196,196,39
192,192,39
193,195,39
191,193,39
196,176,40
191,187,38
196,193,41
196,179,41
194,176,41
197,193,40
197,181,39
195,191,37
193,189,41
196,196,40
192,192,38
191,175,38
196,194,38
192,175,37
192,189,37
192,172,39
192,190,40
197,187,41
191,187,39
197,186,41
192,172,38
197,188,41
197,193,39
193,177,41
191,181,37
192,194,38
194,195,38
191,182,37
197,185,41
191,180,37
193,174,37
192,194,40
197,189,41
195,194,41
195,178,37
192,193,40
191,175,39
194,175,37
191,194,39
192,174,40
197,180,40
193,192,37
191,183,37
195,176,41
191,179,37
197,184,41
193,195,40
191,188,38
196,177,38
191,193,38
197,180,39
197,190,41
194,193,41
197,194,40
194,193,37
195,192,37
193,190,41
196,194,41
196,178,41
191,184,37
191,178,37
191,174,38
191,188,39
197,187,38
192,174,37
192,190,37
194,175,41
197,186,38
195,196,39
197,194,39
191,192,39
197,188,38
197,183,41
196,195,38
197,191,41
193,176,41
197,185,38
192,191,40
191,181,40
191,182,40
191,185,37
197,189,38
195,196,40
195,177,37
191,174,39
191,180,40
191,177,37
192,195,39
191,192,38
196,186,37
197,179,40
196,185,37
190,193,39
191,183,40
197,184,38
196,187,37
193,173,37
196,184,37
191,179,40
197,179,39
194,174,37
195,195,41
191,189,38
197,190,38
192,173,40
197,182,41
197,195,40
196,188,37
195,193,37
193,193,37
197,192,41
191,184,40
192,182,41
192,183,41
193,191,41
193,195,38
195,175,41
196,176,38
192,181,41
196,183,37
197,183,38
191,186,37
191,173,38
191,193,40
191,194,38
195,185,42
196,195,41
196,177,41
191,189,39
192,184,41
