186,101,138
186,101,137
186,101,139
186,101,136
186,101,140
187,102,139
185,100,137
187,101,138
185,101,138
187,101,139
187,102,138
187,102,140
185,101,137
185,100,136
185,100,138
186,100,137
186,102,139
186,100,138
186,102,138
187,101,137
185,101,139
187,101,140
185,101,136
186,101,135
186,101,141
186,100,136
187,102,137
187,102,141
185,100,135
185,100,139
186,102,140
186,100,139
186,102,137
187,101,136
185,101,140
187,101,141
185,101,135
186,100,135
186,102,141
186,100,140
186,102,136
187,102,136
187,102,142
185,100,134
185,100,140
186,101,134
186,101,142
188,102,139
184,100,137
188,102,140
184,100,136
187,101,135
188,102,138
184,100,138
185,101,141
188,102,141
184,100,135
187,101,142
186,100,134
185,101,134
186,102,142
186,100,141
187,103,140
187,103,139
185,99,136
185,99,137
186,102,135
187,102,135
187,102,143
185,100,133
185,100,141
187,100,138
188,102,137
187,103,141
185,102,138
184,100,139
185,99,135
188,103,140
187,103,138
184,99,136
187,100,137
188,102,142
185,99,138
184,100,134
185,102,139
187,100,139
188,103,139
188,103,141
184,99,135
184,99,137
185,102,137
188,101,139
186,101,133
186,101,143
187,100,136
184,101,137
188,101,138
187,101,134
185,102,140
184,101,138
187,103,142
188,101,140
185,99,134
187,100,140
188,103,138
188,103,142
185,101,142
184,101,136
184,99,134
184,99,138
187,103,137
187,101,143
185,99,139
186,100,133
185,102,136
185,101,133
188,102,136
186,102,143
186,100,142
188,101,137
184,100,140
188,102,143
184,101,139
186,102,134
188,101,141
184,100,133
187,100,135
184,101,135
186,99,137
186,103,139
187,102,134
187,102,144
185,100,132
185,100,142
185,102,141
186,99,136
186,103,140
187,100,141
188,103,137
188,103,143
186,99,138
186,103,138
184,99,133
184,99,139
185,99,133
187,103,143
185,102,135
188,101,136
185,99,140
187,103,136
186,99,135
184,101,140
186,103,141
188,101,142
186,99,139
186,103,137
187,101,133
188,102,135
184,101,134
186,101,132
186,101,144
187,100,134
184,100,141
186,100,132
188,102,144
187,101,144
185,101,143
189,103,140
183,99,136
189,103,141
184,100,132
183,99,135
186,100,143
186,102,144
185,102,142
186,99,134
185,101,132
187,100,142
188,103,136
188,103,144
184,99,132
184,99,140
186,103,142
189,102,140
188,101,135
189,103,139
183,100,136
183,99,137
186,102,133
185,99,132
189,103,142
186,99,140
183,99,134
189,102,139
183,100,137
187,103,144
185,102,134
189,102,141
186,103,136
183,100,135
185,99,141
184,101,141
188,101,143
187,103,135
187,102,133
187,102,145
185,100,131
185,100,143
189,102,138
183,100,138
189,103,138
184,101,133
183,99,138
188,104,141
189,102,142
188,104,140
189,103,143
183,99,133
183,100,134
184,98,135
187,100,133
186,99,133
184,98,136
188,102,134
188,104,142
188,104,139
186,103,143
184,98,134
188,102,145
184,100,142
186,99,141
184,98,137
187,101,132
189,102,137
187,100,143
185,102,143
188,103,135
188,103,145
188,101,134
184,99,131
184,99,141
183,100,139
184,100,131
186,103,135
186,100,131
188,100,138
189,102,143
187,101,145
188,100,139
189,103,137
185,101,144
187,104,140
185,99,131
186,101,131
186,101,145
188,104,143
183,99,139
183,100,133
189,103,144
184,102,138
188,100,137
186,100,144
189,104,141
185,102,133
188,104,138
187,104,141
188,101,144
185,98,136
186,102,145
184,98,133
184,101,142
184,102,137
187,103,145
183,99,132
187,104,139
185,101,131
185,99,142
184,98,138
183,98,135
185,98,135
189,104,140
189,104,142
188,100,140
185,98,137
184,102,139
187,103,134
183,98,134
183,98,136
186,102,132
187,99,137
184,102,136
187,99,138
187,104,142
184,101,132
186,99,132
188,100,136
189,102,136
185,98,134
185,103,139
187,104,138
185,103,138
189,104,139
189,104,143
187,99,136
185,98,138
187,102,132
187,102,146
185,100,130
185,100,144
183,98,133
183,98,137
187,100,132
187,99,139
183,100,140
188,100,141
186,103,144
185,103,140
188,104,144
184,102,140
189,102,144
186,99,142
189,101,139
184,98,132
189,101,140
188,104,137
189,103,136
185,103,137
188,102,133
184,98,139
183,101,137
189,101,138
183,100,132
187,99,135
183,101,136
183,99,140
184,102,135
189,103,145
187,104,143
187,100,144
188,101,133
186,103,134
185,98,133
189,101,141
188,103,134
188,103,146
188,102,146
188,100,135
185,102,144
183,99,131
184,99,130
184,99,142
183,101,138
184,100,143
189,104,138
189,104,144
185,103,141
187,99,140
187,104,137
185,98,139
183,98,132
183,98,138
183,101,135
184,100,130
187,101,131
189,101,137
188,101,145
185,99,130
188,100,142
185,103,136
184,102,141
184,101,143
185,102,132
186,100,130
189,102,135
187,101,146
189,101,142
187,103,146
185,99,143
187,99,134
183,101,139
185,101,145
186,99,131
188,104,145
184,98,131
186,100,145
187,103,133
183,100,141
189,102,145
186,101,130
186,101,146
184,102,134
186,102,146
185,98,132
190,103,141
182,99,135
188,104,136
183,101,134
184,101,131
184,98,140
187,104,144
187,99,141
185,101,130
185,103,142
190,103,140
182,99,136
188,100,134
190,103,142
189,101,136
182,99,134
189,104,137
189,104,145
189,103,135
186,99,143
186,102,131
185,98,140
186,103,145
183,98,131
183,98,139
183,100,131
187,100,131
187,104,136
189,103,146
183,99,141
190,103,139
186,98,136
186,104,140
185,103,135
182,99,137
189,101,143
186,98,137
186,104,139
183,101,140
190,103,143
188,100,143
183,99,130
182,99,133
190,104,141
190,104,142
186,98,135
184,102,142
187,99,133
186,103,133
186,104,141
187,102,131
187,102,147
182,98,135
185,100,129
185,100,145
182,98,134
188,101,132
188,102,132
187,100,145
186,98,138
186,104,138
190,104,140
188,103,133
188,103,147
183,101,133
190,104,143
184,99,129
184,99,143
182,98,136
185,102,145
189,102,134
182,98,133
188,102,147
190,103,138
185,98,131
189,101,135
186,98,134
187,99,142
184,100,144
182,99,138
184,98,130
185,103,143
184,102,133
188,101,146
188,104,146
186,104,142
190,103,144
187,104,145
190,102,140
185,99,129
188,100,133
190,102,141
184,98,141
186,98,139
182,99,132
184,101,144
184,100,129
188,104,135
189,104,136
189,104,146
190,104,139
189,102,146
182,100,136
185,98,141
186,99,130
183,100,142
182,100,135
190,104,144
185,102,131
182,98,137
186,104,137
190,102,139
183,98,130
183,98,140
187,101,130
189,101,144
185,99,144
182,98,132
187,103,147
187,104,135
183,101,141
190,102,142
182,100,137
185,103,134
186,100,129
189,105,142
189,105,141
189,103,134
187,101,147
186,98,133
182,100,134
188,100,144
187,99,132
184,101,130
187,103,132
183,100,130
188,105,141
190,103,137
186,99,144
190,102,138
189,105,143
185,101,146
189,103,147
186,100,146
188,105,142
186,104,143
189,105,140
183,99,142
186,103,146
184,102,143
188,105,140
183,97,134
182,99,139
183,97,135
183,101,132
186,102,147
186,98,140
190,104,138
190,103,145
182,100,138
190,102,143
187,100,130
186,101,129
186,101,147
183,99,129
184,97,135
185,101,129
190,104,145
182,98,138
189,101,134
183,97,133
184,97,134
183,97,136
182,99,131
188,105,143
186,104,136
187,99,143
182,98,131
184,97,136
182,100,133
186,102,130
185,98,130
189,105,144
188,105,139
186,103,132
185,103,144
189,105,139
188,101,131
189,102,133
190,102,137
184,102,132
184,97,133
184,98,129
187,100,146
186,98,132
187,104,146
188,100,132
188,104,147
183,97,132
184,97,137
188,102,131
189,101,145
189,104,135
189,104,147
185,98,142
183,97,137
188,99,138
