198,199,165
199,200,166
197,198,164
197,199,165
199,199,165
198,199,164
199,200,165
198,200,166
200,200,166
196,198,164
198,198,164
197,199,164
199,199,164
197,198,163
198,200,165
200,200,165
200,201,167
196,197,163
196,198,163
200,201,166
198,198,163
199,201,167
201,201,167
197,197,163
195,197,163
199,201,166
196,199,165
199,198,165
201,201,166
199,200,164
198,199,163
196,197,162
197,200,166
200,199,166
198,197,164
195,198,164
196,199,164
198,200,164
199,198,164
197,199,163
197,200,165
200,200,164
199,199,163
200,199,165
195,197,162
200,201,165
197,197,162
197,198,162
195,198,163
198,197,163
201,202,167
195,196,162
199,201,165
201,201,165
196,198,162
198,198,162
198,201,166
198,201,167
201,200,167
197,196,163
194,197,163
200,202,167
201,200,166
202,202,167
196,196,162
194,196,162
197,200,164
196,199,163
200,199,164
199,198,163
201,202,166
194,197,162
195,196,161
197,196,162
196,197,161
198,201,165
200,202,166
199,200,163
199,197,165
195,199,165
195,198,162
202,202,166
194,196,161
201,200,165
195,197,161
196,196,161
195,199,164
198,197,162
197,197,161
198,199,162
199,202,167
198,200,163
196,200,166
200,198,166
198,196,164
194,198,164
196,200,165
199,197,164
200,201,164
202,201,167
200,200,163
200,198,165
196,195,162
193,196,162
197,199,162
202,203,168
194,195,162
194,198,163
199,199,162
199,201,164
194,195,161
198,196,163
201,201,164
201,203,168
197,198,161
197,201,166
203,203,168
195,195,162
199,202,166
193,195,162
201,199,166
197,201,167
201,199,167
197,195,163
193,197,163
193,195,161
195,195,161
202,201,166
194,197,161
196,200,164
193,196,161
195,199,163
202,203,167
196,198,161
197,200,163
201,202,165
196,195,161
197,196,161
198,198,161
200,198,164
196,199,162
199,197,163
195,196,160
200,199,163
200,202,165
201,203,167
193,197,162
198,201,164
203,203,167
202,202,165
197,201,165
199,198,162
197,195,162
194,195,160
194,198,162
194,196,160
201,200,164
196,196,160
201,199,165
198,196,162
200,203,168
203,202,168
193,195,160
198,202,167
195,195,160
195,198,161
195,194,162
196,197,160
202,200,167
192,195,162
192,195,161
195,194,161
198,197,161
196,194,162
192,196,162
199,202,165
195,197,160
200,203,167
197,197,160
202,203,166
198,202,166
202,201,165
203,202,167
199,200,162
193,196,160
199,196,165
203,204,169
193,194,161
196,200,163
193,197,161
200,201,163
201,203,166
202,200,166
199,196,164
196,195,160
198,200,162
192,196,161
195,199,162
203,203,166
200,197,166
198,195,164
200,197,165
197,195,161
193,194,160
198,199,161
200,200,162
196,194,161
202,204,169
199,201,163
197,201,164
192,195,160
200,198,163
204,204,169
194,194,161
192,194,161
195,194,160
203,204,168
201,201,163
198,195,163
197,199,161
199,197,162
194,197,160
192,194,160
194,194,160
199,199,161
201,199,164
202,204,168
194,195,159
201,202,164
197,196,160
204,204,168
201,198,166
194,198,161
199,203,168
201,198,167
197,194,163
197,200,162
200,203,166
200,202,164
200,197,164
199,196,163
193,195,159
203,201,168
197,198,160
195,195,159
195,196,159
202,202,164
198,201,163
198,202,165
203,202,166
198,196,161
200,199,162
196,199,161
201,204,169
199,203,167
195,193,162
196,198,160
191,195,161
195,193,161
193,194,159
197,194,162
194,196,159
204,203,169
201,200,163
201,198,165
191,195,162
198,198,160
202,200,165
196,196,159
194,193,161
192,196,160
203,201,167
198,195,162
191,194,161
199,198,161
203,204,167
201,204,168
192,194,159
194,194,159
191,194,160
194,193,160
196,194,160
199,202,164
204,203,168
202,204,167
202,199,167
202,203,165
192,195,159
204,204,167
191,195,160
193,197,160
202,201,164
195,194,159
195,198,160
201,203,165
195,193,160
196,193,162
193,196,159
203,203,165
196,200,162
197,195,160
198,197,160
202,199,166
196,197,159
196,195,159
199,203,166
197,201,163
204,205,170
192,193,160
200,197,163
197,194,161
195,197,159
195,199,161
191,194,159
196,193,161
199,196,162
200,198,162
194,193,159
201,204,167
203,201,166
197,197,159
203,205,170
201,198,164
204,205,169
205,205,170
193,193,160
201,199,163
191,193,160
200,203,165
192,193,159
204,203,167
200,204,169
199,197,161
204,202,169
203,205,169
198,202,164
199,200,161
199,195,164
200,201,162
203,202,165
205,205,169
199,195,165
193,194,158
200,204,168
194,195,158
191,193,159
193,193,159
200,196,165
194,192,161
198,195,161
198,200,161
199,201,162
194,197,159
204,202,168
203,200,168
200,196,166
198,194,164
194,198,160
190,194,161
193,195,158
192,194,158
190,194,160
194,192,160
191,195,159
200,200,161
203,204,166
201,201,162
202,200,164
198,194,163
194,194,158
195,195,158
202,199,165
192,196,159
198,199,160
201,202,163
197,196,159
195,193,159
202,204,166
203,200,167
202,205,170
195,192,161
197,199,160
200,202,163
201,197,166
198,196,160
204,204,166
204,205,168
205,204,170
200,196,164
199,195,163
195,192,162
193,192,160
196,194,159
199,199,160
196,193,160
202,202,163
202,205,169
190,193,160
197,200,161
198,201,162
203,205,168
192,193,158
201,197,167
197,193,163
205,204,169
200,204,167
195,196,158
205,205,168
195,200,162
199,203,165
190,194,159
192,195,158
190,193,159
193,192,159
201,197,165
197,193,162
191,194,158
200,199,161
196,201,163
201,200,162
194,196,158
194,192,159
198,194,162
191,193,158
193,193,158
197,194,160
204,202,167
195,192,160
201,204,166
195,194,158
194,193,158
196,196,158
194,199,161
196,199,160
199,202,163
197,198,159
202,203,164
203,201,165
193,197,159
200,197,162
204,203,166
196,198,159
201,203,164
203,200,166
199,198,160
202,201,163
202,198,167
201,198,163
202,205,168
198,198,159
203,203,164
197,202,164
199,196,161
197,195,159
205,204,168
193,196,158
200,196,163
202,198,166
196,192,162
196,200,161
197,201,162
193,198,160
197,193,161
190,193,158
199,195,162
204,201,169
201,205,170
205,206,171
191,192,159
196,195,158
193,192,158
195,198,159
200,203,164
201,205,169
201,197,164
205,203,170
202,199,164
204,205,167
205,206,170
204,201,168
196,192,161
191,195,158
204,206,171
205,203,169
206,206,171
192,192,159
193,191,160
203,205,167
200,198,161
193,194,157
201,199,162
195,199,160
198,202,163
198,197,159
190,192,159
200,204,166
203,202,164
198,195,160
190,194,158
194,191,161
189,193,160
204,206,170
205,205,167
194,191,160
195,192,159
191,192,158
206,206,170
192,194,157
195,193,158
196,197,158
198,194,161
203,204,165
189,193,159
193,191,159
196,193,159
192,193,157
194,192,158
198,203,165
194,194,157
204,202,166
195,197,158
202,204,165
199,197,160
202,200,163
202,198,165
190,192,158
192,192,158
191,193,157
201,205,168
197,197,158
204,204,165
203,199,168
194,195,157
193,193,157
192,196,158
205,206,169
202,205,167
204,201,167
203,199,167
192,197,159
193,195,157
203,200,165
205,203,168
203,206,171
194,191,159
194,198,159
199,203,164
195,195,157
204,206,169
206,205,171
203,206,170
205,204,167
196,192,160
191,194,157
192,191,159
206,206,169
200,201,161
196,194,158
195,191,161
194,197,158
206,205,170
189,192,159
201,204,165
189,193,158
199,200,160
199,201,161
194,193,157
195,200,161
196,201,162
193,191,158
197,194,159
197,193,160
198,200,160
201,202,162
201,201,161
198,196,159
195,191,162
203,201,164
190,193,157
197,196,158
204,203,165
191,192,157
200,196,162
200,202,162
189,192,158
192,191,158
200,200,160
193,192,157
192,195,157
195,191,160
201,197,163
202,202,162
203,199,166
194,199,160
197,202,163
203,206,169
190,192,157
199,195,161
192,192,157
195,194,157
