229,199,198
230,200,199
228,198,197
229,198,197
229,200,199
229,198,198
229,200,198
230,199,198
228,199,198
230,201,200
228,197,196
229,199,197
230,199,199
230,201,199
228,197,197
228,199,197
229,197,197
229,199,199
229,201,199
230,200,198
230,198,198
228,198,198
228,200,198
231,201,200
227,197,196
228,198,196
230,200,200
228,196,196
231,200,199
227,198,197
230,202,200
229,197,196
229,201,200
230,198,197
228,200,199
231,200,200
231,202,200
231,202,201
227,196,196
227,198,196
227,196,195
231,201,199
229,198,196
231,199,199
227,197,197
230,202,201
228,196,195
230,199,197
227,199,197
229,196,196
229,200,200
230,197,197
228,199,199
229,202,200
229,201,198
231,199,198
227,197,195
227,199,198
228,201,199
231,201,201
227,195,195
229,200,197
231,203,201
228,197,195
230,201,201
230,202,199
228,200,197
228,195,195
230,201,198
230,203,201
231,200,198
232,202,201
226,196,195
232,201,200
228,199,196
226,197,196
231,198,198
229,202,199
227,198,198
227,200,198
228,201,198
231,203,202
227,195,194
230,203,200
232,202,200
232,201,201
232,203,201
226,195,195
226,197,195
230,197,196
229,199,196
229,196,195
229,202,201
228,201,200
232,200,200
226,196,196
232,203,202
231,202,199
230,200,197
226,195,194
226,198,196
231,203,200
227,199,196
227,196,194
232,200,199
231,202,202
226,198,197
230,198,196
227,194,194
229,197,195
231,204,202
227,198,195
228,198,195
227,200,197
230,196,196
229,201,201
229,195,195
231,198,197
230,203,202
228,200,200
226,196,194
232,202,202
228,195,194
226,194,194
227,200,199
232,201,199
232,204,202
231,201,198
229,203,201
232,199,199
228,202,200
226,197,197
229,203,200
231,204,201
231,199,197
228,202,199
228,196,194
226,199,197
231,197,197
230,202,202
228,194,194
227,199,199
230,204,201
230,204,202
232,204,203
227,201,199
233,202,201
232,203,200
225,196,195
233,203,202
225,195,194
226,194,193
232,204,201
227,197,194
226,198,195
230,199,196
229,201,197
229,198,195
229,202,198
227,201,198
231,204,203
232,199,198
230,202,198
227,194,193
226,199,198
226,199,196
226,195,193
232,203,203
233,203,201
230,203,199
228,201,197
233,201,201
228,200,196
225,195,195
233,202,202
233,204,202
226,193,193
225,194,194
225,196,194
232,202,199
226,197,194
232,200,198
225,197,195
232,205,203
233,201,200
231,200,197
225,197,196
227,195,193
233,204,203
231,203,203
228,197,194
232,198,198
225,194,193
229,200,196
227,193,193
230,196,195
231,205,202
226,198,198
230,201,197
232,205,202
229,203,199
228,202,201
231,205,203
229,195,194
229,203,202
233,202,200
231,203,199
226,200,198
228,202,198
233,200,200
230,197,195
225,196,196
225,195,193
233,203,203
225,193,193
229,196,194
231,197,196
233,205,203
228,199,195
231,204,200
227,200,196
230,204,200
225,198,196
230,195,195
229,204,201
226,200,197
228,203,200
228,201,201
227,199,195
227,201,200
229,202,202
229,194,194
231,202,198
230,204,203
231,198,196
228,194,193
226,196,193
232,201,198
231,196,196
228,203,201
229,204,202
232,205,204
233,204,201
227,201,197
227,196,193
230,205,202
233,200,199
227,200,200
228,195,193
227,202,199
233,205,204
226,193,192
225,198,197
233,205,202
225,197,194
230,203,203
230,200,196
228,193,193
225,193,192
229,199,195
231,205,201
233,201,199
230,198,195
225,198,195
232,198,197
227,202,200
233,203,200
227,198,194
232,204,204
232,204,200
229,197,194
226,194,192
233,199,199
234,203,202
229,204,200
224,195,194
232,206,203
230,205,203
226,200,199
228,203,199
234,204,203
224,194,193
233,204,204
225,197,197
226,192,192
232,199,197
225,194,192
232,206,204
225,196,193
231,199,196
232,205,201
226,199,195
233,206,204
225,192,192
231,201,197
231,205,204
232,203,199
228,198,194
232,197,197
225,199,197
230,205,201
234,204,202
234,202,202
224,194,194
227,193,192
226,198,194
234,202,201
233,206,203
231,206,203
224,196,194
224,196,195
226,199,199
234,203,203
234,205,203
224,193,193
224,195,193
228,196,193
226,201,198
225,199,196
226,200,196
227,202,198
231,204,204
227,194,192
234,205,204
234,203,201
226,201,199
224,193,192
227,192,192
233,202,199
234,201,201
229,202,197
224,195,195
231,206,204
226,195,192
230,203,198
224,197,195
232,200,197
232,206,202
229,203,198
230,195,194
234,204,204
224,194,192
232,202,198
233,199,198
228,201,196
231,206,202
234,206,204
225,195,192
224,192,192
229,201,196
226,197,193
227,197,193
228,203,202
228,204,201
230,202,197
229,194,193
233,206,205
229,204,203
230,196,194
229,205,202
230,204,199
228,202,197
231,196,195
225,199,198
234,201,200
233,200,198
230,199,195
233,205,201
234,205,202
230,194,194
229,195,193
229,198,194
224,197,196
225,192,191
227,195,192
233,198,198
231,197,195
227,202,201
228,200,195
226,201,197
231,204,199
228,202,202
232,206,205
234,202,200
227,203,200
233,204,200
229,203,203
229,193,193
233,207,204
233,205,205
234,206,203
231,200,196
224,196,193
231,195,195
232,207,204
225,198,198
230,206,203
229,205,201
233,206,202
234,200,200
234,204,201
225,198,194
231,203,198
228,204,200
225,193,191
224,197,194
230,205,204
234,206,205
226,192,191
233,207,205
227,200,195
229,204,199
224,196,196
225,200,197
225,191,191
228,193,192
227,201,201
231,205,200
227,201,196
228,204,202
224,192,191
232,205,205
225,200,198
232,197,196
228,197,193
228,203,198
225,197,193
229,205,203
225,199,195
224,198,196
230,197,194
226,193,191
230,201,196
229,200,195
228,194,192
230,206,202
230,205,200
230,204,204
234,205,205
224,195,192
232,198,196
233,201,198
227,203,199
226,191,191
232,207,205
229,196,193
224,193,191
227,203,201
228,192,192
226,201,200
234,207,205
231,198,195
235,204,203
223,194,193
232,207,203
224,191,191
227,199,194
232,196,196
233,203,199
224,198,195
234,207,204
226,202,199
232,201,197
235,205,204
223,193,192
231,202,197
226,196,192
230,206,204
234,203,200
228,199,194
232,205,200
233,207,203
227,202,197
231,207,204
235,203,202
235,205,203
226,200,200
232,204,199
225,194,191
223,195,194
235,203,203
231,206,205
223,193,193
234,200,199
223,195,193
225,196,192
231,206,201
235,204,204
235,206,204
228,195,192
223,192,192
223,194,192
226,194,191
225,200,196
227,192,191
235,204,202
231,207,203
227,196,192
232,199,196
234,201,199
232,206,201
226,200,195
226,199,194
224,198,197
226,202,200
235,202,202
226,202,198
223,194,194
231,205,205
233,198,197
235,206,205
234,199,199
227,193,191
223,196,194
223,192,191
229,205,200
224,194,191
234,206,202
233,207,206
233,199,197
228,204,199
232,203,198
227,191,191
234,207,206
233,208,205
224,197,197
227,198,193
230,198,194
234,205,201
230,200,195
231,207,205
225,200,199
235,202,201
233,197,197
235,205,205
229,199,194
223,193,191
235,207,205
226,198,193
226,201,196
230,206,201
224,199,196
223,191,191
229,197,193
223,196,195
234,207,203
224,199,197
233,202,198
231,199,195
224,197,193
225,191,190
224,191,190
233,206,206
225,201,198
234,208,205
235,206,203
235,203,201
234,206,206
231,201,196
228,205,202
227,203,198
234,202,199
230,194,193
225,199,199
229,206,203
235,201,201
224,198,194
225,192,190
232,208,205
227,194,191
224,192,190
234,208,206
233,208,206
235,205,202
233,208,204
228,205,201
232,207,202
233,206,201
231,195,194
229,206,202
228,204,203
230,195,193
223,195,195
224,196,192
233,205,200
235,207,204
223,196,193
225,190,190
232,207,206
223,195,192
224,190,190
228,198,193
233,200,197
234,204,200
229,193,192
227,204,201
229,205,204
229,203,197
231,196,194
223,197,195
