141,189,187
141,189,186
141,189,188
142,190,188
140,188,186
140,189,187
142,189,187
142,190,187
142,190,189
140,188,187
140,188,185
141,190,188
141,188,186
140,189,186
142,189,188
140,189,188
141,190,187
142,189,186
141,188,187
141,190,189
141,188,185
141,189,185
141,189,189
143,190,188
139,188,186
142,190,186
142,190,190
140,188,184
140,188,188
142,191,189
140,187,185
143,191,189
139,187,185
143,190,189
139,188,185
140,189,185
139,188,187
143,190,187
141,190,186
142,189,189
140,189,189
142,191,188
141,190,190
141,188,188
140,187,186
142,189,185
143,191,188
143,191,190
142,191,190
139,187,184
139,187,186
140,187,184
141,188,184
140,190,188
142,188,186
139,188,184
143,190,190
139,188,188
141,188,189
141,189,184
140,190,187
143,190,186
139,189,187
143,189,187
142,191,187
142,188,187
140,190,189
142,191,191
140,187,187
143,191,187
143,191,191
142,188,185
139,187,183
139,187,187
140,187,183
139,189,186
141,191,189
143,189,188
144,191,189
139,189,188
141,187,185
142,189,190
142,190,185
140,188,183
140,187,188
138,187,185
143,189,186
140,189,184
141,191,188
141,190,185
140,188,189
144,191,190
141,191,190
141,187,186
138,187,184
144,191,188
141,189,190
142,188,189
138,187,186
143,192,190
139,186,184
141,187,184
140,190,186
141,187,188
142,189,184
141,188,183
140,190,190
142,188,188
143,192,189
139,186,185
143,192,191
139,189,185
139,186,183
144,192,190
138,186,184
144,190,188
142,188,184
138,188,186
143,189,189
139,189,189
139,188,183
141,191,187
144,192,189
144,192,191
139,187,188
144,190,189
138,186,183
138,186,185
138,188,185
143,189,185
143,189,190
142,191,186
141,191,191
138,187,183
144,190,187
144,191,191
138,188,187
141,187,187
138,187,187
142,190,191
143,190,185
144,191,187
143,190,191
143,191,186
139,187,182
139,186,187
140,186,187
142,192,190
141,187,183
140,186,184
143,192,188
140,187,182
143,192,192
139,186,186
142,192,189
139,186,182
141,189,183
141,187,189
142,192,191
140,186,185
140,190,185
140,186,183
138,188,184
144,192,188
144,192,192
138,186,182
138,186,186
144,190,190
140,189,190
139,189,184
138,188,188
140,189,183
142,188,190
142,190,184
140,188,182
140,186,188
141,190,184
144,190,186
142,187,188
140,187,189
141,191,186
139,188,189
141,188,190
142,192,188
145,192,190
143,188,189
139,190,188
142,187,189
142,188,183
138,187,182
141,186,188
137,186,184
141,190,191
142,192,192
143,188,186
140,186,186
140,191,189
139,190,187
142,189,183
138,186,187
144,190,191
145,191,189
145,192,191
145,192,189
141,188,182
143,189,184
141,186,187
139,190,189
137,186,183
143,188,187
142,187,185
140,186,182
140,191,188
144,191,186
137,186,185
139,188,182
143,192,187
137,187,185
145,191,190
140,191,190
144,193,191
138,185,183
143,188,185
143,191,192
139,186,188
145,191,188
142,191,185
142,187,186
141,187,182
139,185,186
137,187,184
138,189,187
144,189,187
138,188,183
137,187,186
143,188,190
139,186,181
142,187,184
144,193,190
142,189,191
138,185,184
144,193,192
138,185,182
138,189,186
143,189,191
143,191,185
139,185,187
139,187,181
139,190,186
144,189,188
144,191,192
144,192,187
138,186,181
138,185,186
143,190,184
138,187,188
140,185,187
138,189,188
144,189,190
140,191,187
144,189,186
140,190,184
145,192,192
143,193,191
139,190,190
137,186,182
145,193,191
140,187,181
139,185,183
141,192,190
142,192,187
145,192,188
137,185,183
137,186,186
143,188,188
140,191,191
144,190,185
143,193,190
145,191,191
137,187,183
139,189,183
141,192,189
141,186,184
140,188,190
143,193,192
139,185,184
142,191,192
145,193,190
145,193,192
142,187,187
141,192,191
137,185,182
137,185,184
138,189,185
137,187,187
139,185,182
144,193,189
143,188,184
145,191,187
141,191,185
141,186,185
144,193,193
138,185,185
140,185,186
139,187,189
138,185,181
144,189,189
138,189,189
141,186,183
142,187,183
141,186,189
141,189,182
142,186,188
140,186,181
141,189,191
138,187,181
145,190,188
141,192,188
140,189,182
139,190,185
143,193,189
143,187,189
144,189,185
137,188,186
141,190,183
138,185,187
142,187,190
142,190,183
140,185,188
140,188,181
145,190,189
140,191,186
143,193,193
142,188,182
144,189,191
143,192,186
145,193,189
145,193,193
140,186,189
141,192,192
139,185,185
137,188,185
137,185,181
137,185,185
141,187,190
145,190,187
141,185,187
137,188,187
139,189,190
143,190,192
144,191,185
137,186,181
138,188,182
143,189,183
139,185,181
141,186,186
145,191,192
137,185,186
137,187,182
140,190,191
139,184,186
142,186,189
145,192,187
138,189,184
141,185,188
143,187,188
141,187,181
139,188,181
138,186,188
141,186,182
146,192,190
139,186,180
145,190,191
137,186,187
144,190,192
144,192,186
144,193,188
142,189,182
138,184,186
138,186,180
142,192,186
141,188,181
142,193,191
142,186,187
137,188,184
142,191,184
144,192,193
139,185,188
146,193,191
138,184,185
138,188,189
146,192,191
145,190,190
144,188,190
145,191,186
136,186,184
142,193,190
146,192,189
140,185,183
142,188,191
138,185,180
141,192,187
143,188,183
137,188,188
136,185,183
142,190,192
142,193,192
144,188,189
143,193,188
146,193,192
143,187,190
136,186,183
140,190,183
146,193,190
143,188,191
143,191,184
139,187,180
139,184,187
145,190,186
140,185,184
136,186,185
142,187,182
144,190,184
136,185,182
136,185,184
140,184,187
143,192,193
140,185,182
143,190,183
141,191,192
139,189,182
145,193,188
145,192,193
140,184,186
139,190,184
137,185,180
137,184,185
144,189,184
139,184,185
145,194,192
137,184,182
140,187,190
140,187,180
142,193,189
141,191,184
140,191,185
146,192,192
139,191,189
141,185,186
145,194,191
137,184,183
144,194,192
145,194,193
146,191,189
139,186,189
139,185,180
136,186,182
142,193,193
137,184,181
138,184,182
140,186,180
146,192,188
139,191,188
137,188,183
146,193,193
138,190,188
139,188,190
136,186,186
146,193,189
144,194,191
136,185,181
140,185,185
146,191,190
137,186,180
141,188,191
139,191,190
143,187,185
138,187,180
138,190,187
138,184,183
144,194,193
137,187,181
138,189,183
144,188,186
136,185,185
140,189,191
136,187,185
138,184,181
146,191,188
137,184,186
141,186,181
138,190,189
142,185,188
137,187,188
145,190,192
143,187,186
138,184,187
136,187,184
145,189,190
144,188,187
140,185,181
140,192,190
143,192,185
137,185,187
136,187,186
146,194,192
144,193,187
138,188,181
145,192,186
143,186,189
143,187,184
140,192,189
139,191,187
145,194,190
144,188,185
136,184,182
144,188,191
138,187,189
143,189,192
141,189,181
141,185,189
145,194,194
141,192,186
143,186,188
137,184,184
144,191,193
145,189,191
140,192,191
138,190,186
140,189,181
137,184,180
146,194,191
146,194,193
144,194,190
142,193,188
142,188,181
141,190,182
142,186,184
143,193,187
141,184,187
145,190,185
138,183,185
144,191,184
139,191,191
136,184,181
136,184,183
142,185,187
138,185,188
144,194,194
146,191,191
137,189,187
145,189,187
138,184,184
142,192,185
139,183,186
140,185,189
136,187,183
142,190,182
142,186,190
143,189,182
140,188,180
140,184,188
142,186,185
138,185,179
138,190,190
145,191,185
141,186,190
136,186,181
137,189,186
144,189,192
144,192,185
141,190,192
142,192,193
138,183,186
138,186,179
146,191,192
138,184,180
143,191,193
140,192,188
145,189,188
144,187,189
143,187,187
139,186,179
144,188,188
146,191,187
142,186,183
136,187,187
137,189,188
143,188,182
143,194,192
141,187,180
136,185,186
146,192,193
136,185,180
145,191,193
145,193,187
142,189,192
145,189,186
137,183,185
137,185,179
