215,198,207
216,199,208
214,197,206
215,197,207
215,197,206
215,199,207
215,199,208
216,198,208
216,198,207
214,198,206
214,196,206
217,200,209
213,196,205
214,198,207
216,200,208
214,196,205
216,200,209
215,196,206
215,200,208
216,197,207
217,199,209
215,198,206
215,198,208
214,199,207
217,199,208
213,197,205
213,197,206
216,201,209
214,195,205
213,195,205
216,199,207
216,199,209
214,197,205
214,197,207
217,201,209
213,195,204
217,201,210
217,198,208
213,198,206
218,201,210
212,195,204
215,196,207
217,200,208
217,200,210
213,196,204
213,196,206
217,202,210
216,197,208
213,194,204
218,200,210
215,196,205
218,200,209
212,196,204
214,195,206
216,197,206
212,196,205
212,194,204
218,202,210
215,200,207
214,195,204
212,194,203
218,202,211
217,198,209
218,199,209
214,199,206
215,195,206
215,197,208
212,197,205
216,196,207
216,201,208
215,201,208
215,195,205
216,198,209
217,198,207
215,197,205
216,196,206
215,200,209
214,200,207
214,196,207
213,194,205
216,198,206
214,194,205
214,199,208
218,201,209
218,201,211
212,195,203
212,195,205
214,196,204
216,202,209
215,201,209
218,203,211
217,197,208
213,198,205
214,194,204
216,201,210
219,202,211
211,194,203
212,193,203
213,194,203
214,200,208
215,199,206
217,197,207
217,199,210
213,199,206
216,202,210
214,198,205
217,202,209
218,199,210
213,198,207
219,201,211
216,200,207
215,199,209
213,195,206
217,199,207
219,201,210
211,195,203
211,195,204
214,198,208
213,199,207
218,199,208
213,195,203
213,193,204
216,200,210
217,203,210
217,202,211
211,193,203
213,193,203
219,200,210
219,203,211
211,193,202
211,196,204
218,198,209
213,197,204
219,203,212
212,197,204
212,193,204
217,203,211
218,198,208
217,201,208
213,197,207
212,198,205
215,195,207
212,193,202
218,200,211
216,196,208
217,201,211
219,202,210
219,202,212
211,194,202
211,194,204
216,195,206
212,197,206
215,194,205
215,202,209
218,200,208
218,203,210
214,201,208
212,198,206
212,194,205
219,204,212
214,194,206
211,192,202
215,195,204
217,197,209
212,194,202
219,200,211
216,196,205
216,203,210
217,196,207
215,196,208
214,193,204
218,203,212
218,204,211
212,192,203
216,197,209
215,198,205
215,198,209
212,196,203
220,203,212
210,193,202
213,200,207
219,200,209
216,195,207
215,194,206
212,192,202
214,194,203
214,195,207
216,199,206
216,199,210
214,197,204
214,197,208
212,196,206
218,202,209
218,204,212
219,199,210
217,197,206
220,202,212
215,196,204
220,202,211
210,194,202
211,196,203
213,193,205
219,199,209
216,197,205
210,194,203
217,198,210
216,195,205
217,196,208
218,202,212
215,194,204
214,193,205
217,204,211
211,197,204
211,192,203
214,195,203
218,197,208
218,198,210
220,201,211
219,201,212
210,195,203
213,192,203
217,200,207
217,200,211
213,196,207
213,196,203
210,192,202
211,196,205
220,204,212
210,192,201
211,192,201
217,196,206
213,194,206
220,204,213
212,199,206
219,201,209
213,193,202
211,197,205
214,193,203
217,198,206
219,204,211
211,193,204
215,202,208
218,198,207
215,201,207
214,201,207
220,203,211
220,203,213
210,193,201
210,193,203
214,200,206
218,197,209
211,193,201
213,194,202
211,195,202
213,192,204
218,199,211
219,204,213
219,205,212
216,203,209
216,202,208
220,205,213
211,191,202
220,201,212
212,192,204
211,195,205
213,200,206
210,191,201
218,197,207
219,203,210
211,191,201
218,205,212
213,192,202
213,199,205
220,201,210
218,201,208
218,201,212
212,195,202
212,195,206
219,205,213
219,198,209
218,199,207
219,199,211
219,203,213
220,200,211
212,191,202
212,193,205
216,194,206
215,197,209
212,192,201
215,193,205
220,200,210
215,202,210
215,200,206
215,201,210
210,195,202
211,198,205
217,203,209
214,201,209
217,204,210
216,198,210
221,204,213
216,194,205
209,192,201
214,200,209
214,199,205
210,196,203
214,196,208
215,203,209
215,193,204
217,195,207
216,195,208
214,202,208
215,194,207
215,197,204
219,199,208
216,201,207
212,193,201
216,202,211
216,203,211
220,202,213
219,198,210
221,203,213
210,195,204
212,199,205
216,198,205
210,191,202
221,203,212
217,195,206
209,193,201
214,192,204
212,191,203
210,196,204
214,196,203
209,193,202
212,198,204
213,200,208
216,204,210
220,202,210
219,200,212
213,199,208
217,196,209
215,195,208
217,199,211
210,191,200
213,198,204
221,202,212
214,193,206
216,196,209
213,201,207
214,192,203
209,194,202
219,198,208
215,200,210
220,205,212
210,192,203
213,195,207
212,191,201
214,199,209
215,203,210
221,205,213
209,191,201
218,196,208
214,202,209
217,199,206
217,202,208
214,194,207
216,195,204
210,194,201
209,191,200
221,205,214
215,194,203
210,192,200
217,203,212
219,200,208
216,201,211
211,191,203
219,202,209
219,202,213
211,194,201
211,194,205
217,204,212
219,206,213
217,197,210
216,194,207
213,195,202
218,196,207
218,204,210
220,205,214
218,205,211
215,193,206
210,194,204
220,206,213
216,204,211
217,205,211
220,199,210
221,204,212
221,204,214
209,192,200
209,192,202
213,191,203
211,192,204
217,196,205
210,190,201
212,199,207
213,201,208
220,204,211
218,197,210
213,198,208
215,195,203
214,193,202
220,200,212
216,196,204
217,195,208
211,190,201
212,198,207
213,192,205
212,200,206
211,191,200
221,202,213
210,190,200
220,206,214
213,191,202
212,197,203
218,200,212
220,204,214
211,198,204
221,206,214
210,197,204
217,202,212
214,192,205
215,199,205
213,193,206
221,202,211
214,194,202
216,194,204
211,197,203
211,192,200
209,190,200
212,194,206
221,201,212
214,198,204
215,193,203
217,197,205
218,200,207
220,200,209
220,199,211
216,200,206
218,198,211
217,205,212
221,201,211
218,203,209
219,197,209
211,190,202
217,195,205
215,199,210
209,194,201
218,204,213
218,197,206
218,196,209
212,194,201
218,205,213
209,195,202
212,200,207
213,192,201
219,197,208
220,201,213
214,198,209
212,197,207
220,199,209
214,192,202
216,200,211
213,197,203
218,206,212
211,190,200
221,203,214
209,194,203
213,193,201
209,195,203
215,196,209
219,198,211
217,201,207
213,191,204
212,190,202
211,198,206
219,205,211
222,205,214
221,203,211
216,197,210
208,191,200
212,191,204
209,190,201
219,206,212
211,199,205
220,201,209
218,198,206
211,197,206
218,203,213
216,193,205
213,197,208
218,196,206
220,203,210
220,203,214
210,193,200
210,193,204
212,190,201
211,196,202
214,195,208
212,192,205
222,204,214
219,201,213
209,190,199
215,192,204
222,204,213
208,192,200
217,201,212
210,190,202
220,207,214
215,204,210
217,194,206
214,203,209
221,206,213
208,192,201
209,191,202
209,193,200
222,203,213
218,206,213
217,198,211
219,199,212
208,193,201
216,193,206
213,191,201
209,191,199
219,201,208
210,191,203
215,196,203
210,197,203
211,193,205
219,197,210
221,200,211
219,198,207
212,196,202
209,193,203
215,192,205
216,197,204
216,205,211
221,206,215
211,199,206
212,191,200
210,196,202
213,202,208
210,190,199
217,194,207
221,201,213
219,204,210
210,189,200
214,191,203
221,207,214
222,206,214
208,190,200
220,198,210
214,195,202
213,194,207
221,205,212
219,205,214
218,202,208
222,206,215
211,196,206
208,190,199
211,193,200
212,192,200
218,195,207
216,193,204
219,206,214
209,196,203
210,191,199
209,189,200
212,196,207
220,198,209
221,207,215
215,192,203
221,205,215
216,194,208
217,198,205
212,190,203
209,189,199
222,205,213
222,205,215
208,191,199
208,191,201
221,200,212
214,191,204
215,193,207
217,194,205
219,197,207
219,207,213
221,201,210
219,199,207
222,203,214
218,202,213
215,198,204
