221,201,189
222,202,190
220,200,188
221,200,188
221,202,190
221,200,189
221,202,189
221,201,188
221,201,190
222,201,189
220,201,189
222,202,189
220,200,189
222,201,190
222,203,190
220,199,188
220,201,188
222,203,191
220,199,187
220,200,187
222,202,191
223,203,191
219,199,187
221,199,188
221,203,190
223,202,190
219,200,188
222,200,189
223,203,190
219,199,188
221,200,187
221,202,191
220,202,189
222,201,188
221,202,188
220,201,190
223,202,191
223,204,191
219,198,187
219,200,187
220,198,187
221,199,187
222,204,191
221,200,190
222,203,189
222,200,188
223,204,192
221,203,191
219,198,186
220,202,190
219,199,186
223,203,192
220,199,189
221,199,189
221,203,189
220,201,187
222,203,192
220,199,186
222,201,191
221,201,187
223,201,190
223,202,189
222,202,188
220,198,186
222,200,190
222,204,190
220,198,188
220,202,188
219,200,189
222,204,192
219,201,188
221,201,191
223,201,189
220,200,190
223,204,190
219,201,189
224,204,192
218,198,186
219,197,186
220,200,186
219,198,188
224,203,191
218,199,187
223,205,192
224,204,191
221,198,187
218,198,187
222,202,192
223,203,189
222,199,188
219,200,186
221,198,188
223,204,193
224,203,192
224,205,192
218,197,186
218,199,186
219,199,189
223,202,192
223,201,191
223,205,191
219,197,187
219,201,187
219,198,185
222,199,189
221,204,191
220,203,190
222,200,187
224,205,193
221,204,190
220,197,186
223,205,193
220,202,191
219,197,185
221,199,186
221,203,192
218,197,185
220,197,187
224,203,190
224,204,193
218,198,185
218,199,188
224,202,191
220,203,189
223,200,189
221,203,188
222,201,187
218,200,187
224,202,190
221,200,186
222,205,192
221,202,187
222,205,191
222,204,189
222,203,188
218,200,188
219,199,185
220,201,191
222,199,187
221,202,192
223,201,188
224,205,191
221,198,186
223,203,193
219,201,190
223,200,190
222,204,193
219,202,189
220,202,187
221,199,190
220,198,185
218,197,187
224,204,190
220,203,191
221,204,192
223,202,188
220,198,189
218,196,185
220,201,186
224,206,193
219,202,188
220,199,185
223,200,188
221,200,191
218,198,188
219,200,190
219,196,186
222,200,191
222,203,193
223,204,189
220,199,190
221,198,189
221,204,189
219,196,185
223,205,190
220,197,185
218,199,185
224,202,192
224,206,192
218,196,186
218,200,186
225,205,193
225,204,192
217,197,185
217,198,186
224,203,193
219,202,190
222,205,193
223,206,192
224,205,194
225,205,192
222,199,190
222,205,190
220,197,188
220,203,188
222,202,187
224,201,190
217,197,186
223,206,193
221,197,187
221,201,186
218,197,184
222,201,192
222,198,188
224,202,189
219,197,188
219,201,186
224,206,194
218,196,184
218,200,189
219,198,189
223,205,194
225,204,193
225,206,193
217,196,185
217,198,185
222,198,187
218,201,188
221,197,186
224,203,189
225,204,191
219,197,184
224,201,191
223,203,188
217,198,187
220,196,186
219,200,185
223,201,192
225,203,192
224,201,189
225,206,194
220,200,185
225,203,191
220,200,191
221,201,192
218,198,184
223,199,189
218,199,189
217,196,184
223,204,194
217,199,186
219,198,184
224,204,194
217,199,187
225,205,194
223,200,191
223,206,191
219,196,187
219,202,187
218,201,187
224,205,190
217,197,184
221,197,188
223,199,188
221,205,191
219,196,184
225,206,192
218,201,189
220,204,190
224,206,191
222,198,189
223,206,194
220,196,185
222,199,186
222,200,186
223,202,193
225,205,191
218,195,185
217,196,186
219,199,190
220,203,192
220,202,192
222,202,193
221,198,185
221,199,185
220,204,191
220,196,187
221,205,192
221,203,187
221,203,193
221,204,193
218,195,184
217,197,187
222,204,188
222,206,192
224,207,193
223,200,187
223,201,187
218,196,187
218,197,188
217,195,184
224,204,189
221,205,190
225,207,194
224,207,194
219,195,185
221,204,188
219,203,189
219,201,191
219,202,191
218,200,185
225,202,191
220,204,189
225,203,193
225,207,193
217,195,185
217,199,185
225,203,190
223,199,190
219,203,190
220,202,186
222,198,186
222,201,186
222,206,193
222,205,189
217,198,184
219,199,184
222,203,187
224,200,190
217,199,188
222,206,191
225,204,194
221,202,186
224,200,189
222,204,194
222,205,194
224,206,195
223,205,189
220,197,184
220,198,184
221,197,185
221,200,185
220,203,187
224,202,193
225,204,190
225,206,195
217,200,187
218,199,184
224,201,192
224,207,192
218,195,186
218,201,186
223,199,187
223,202,187
219,195,186
218,196,183
217,196,183
219,195,184
226,205,193
216,197,185
225,202,190
218,198,189
225,202,192
226,206,194
225,207,195
223,203,194
216,196,184
217,198,188
226,206,193
223,204,188
224,201,188
224,202,188
216,196,185
224,205,195
221,198,190
223,207,193
217,195,183
219,203,188
220,201,192
220,204,192
222,197,187
218,197,183
221,196,186
223,206,190
220,201,185
221,202,193
221,205,193
225,206,191
221,199,191
220,197,189
217,200,188
220,198,190
224,203,194
217,200,186
218,200,190
218,201,190
224,207,195
218,195,183
226,205,192
220,196,184
220,199,184
221,196,187
216,197,186
222,199,191
226,205,194
226,207,194
216,195,184
216,197,184
222,197,188
218,202,188
223,207,192
219,201,185
217,197,183
225,207,192
225,205,195
218,202,189
223,207,194
219,200,191
219,203,191
226,204,192
223,198,188
219,202,186
221,197,189
221,205,189
226,204,193
222,200,192
224,200,191
216,198,186
224,200,188
224,203,188
223,205,195
223,206,195
216,198,185
224,206,190
220,195,185
225,205,190
217,194,184
222,203,194
222,206,194
218,194,184
217,196,187
226,207,195
220,195,186
219,197,189
217,195,186
222,198,190
222,206,190
220,196,188
220,204,188
219,196,183
219,197,183
222,197,186
222,202,186
216,195,183
219,196,188
226,207,193
226,206,192
226,206,195
220,199,191
224,205,189
221,200,192
216,196,183
223,198,189
225,208,194
217,194,183
221,196,185
221,201,185
216,195,185
225,201,190
218,198,183
216,196,186
225,201,191
225,208,195
218,194,185
223,198,187
223,203,187
218,202,187
219,200,184
217,199,184
223,200,192
224,207,191
225,202,189
225,203,189
218,199,190
218,202,190
226,204,191
217,197,188
219,198,190
218,194,183
222,201,193
224,204,195
224,208,194
226,203,192
224,199,189
223,201,193
219,195,183
219,198,183
222,199,185
225,203,194
216,198,187
216,194,183
225,202,193
225,208,193
223,199,191
223,207,191
219,195,187
219,203,187
226,208,195
217,194,185
217,200,185
225,207,196
220,203,193
226,204,194
226,208,194
226,205,191
217,199,189
217,200,189
216,194,184
216,198,184
220,195,184
220,200,184
220,205,191
221,206,192
223,200,186
219,194,184
224,208,193
221,196,188
219,194,185
217,198,183
222,198,185
223,204,195
223,207,195
221,198,184
221,204,194
216,199,186
226,203,191
216,197,183
221,206,191
221,204,187
218,196,188
218,201,185
218,200,184
222,197,189
217,195,182
226,205,195
222,205,188
222,200,185
217,201,188
220,205,190
216,197,187
222,204,187
217,201,187
224,208,195
223,199,186
225,206,196
219,202,192
221,203,186
218,195,187
224,199,190
225,201,189
225,204,189
224,199,188
224,204,188
221,197,184
226,203,193
220,195,187
220,204,193
226,207,196
223,201,186
225,204,195
217,196,182
219,204,190
216,199,187
221,199,184
226,207,192
222,207,193
224,206,196
224,207,196
225,207,191
225,201,192
225,208,196
221,205,194
222,207,192
220,200,192
220,205,192
220,203,186
216,195,182
217,194,182
226,208,196
221,201,193
221,206,193
216,199,185
225,206,190
223,205,188
218,197,189
220,202,193
223,202,194
222,205,195
219,203,192
224,201,187
223,206,189
219,204,189
216,194,182
218,195,182
218,196,182
227,206,194
215,196,184
224,201,193
223,198,190
221,203,194
