191,184,64
191,183,64
191,185,64
191,182,64
191,186,64
191,187,64
191,181,64
192,185,64
190,183,64
192,184,64
190,184,64
192,186,64
190,182,64
192,183,64
190,185,64
192,187,64
190,181,64
192,185,65
191,184,63
191,184,65
191,180,64
191,188,64
190,183,63
191,183,63
191,185,65
192,184,65
192,186,65
191,185,63
190,182,63
190,184,63
191,183,65
192,182,64
190,186,64
191,182,63
191,186,65
192,188,64
192,183,65
192,187,65
190,181,63
190,185,63
191,186,63
191,182,65
190,180,64
191,181,63
191,187,65
192,182,65
192,188,65
191,179,64
191,189,64
190,186,63
190,180,63
191,187,63
191,181,65
192,181,64
190,187,64
192,189,64
190,179,64
191,180,63
191,188,65
192,181,65
192,189,65
190,187,63
190,179,63
191,188,63
191,180,65
192,180,64
190,188,64
192,190,64
191,178,64
191,190,64
190,178,64
192,185,63
193,186,65
189,182,63
190,183,65
192,184,63
192,186,63
193,185,65
189,183,63
190,184,65
193,187,65
189,181,63
190,182,65
191,179,63
192,183,63
191,189,65
192,180,65
192,190,65
190,178,63
190,188,63
191,189,63
193,184,65
190,185,65
192,187,63
189,184,63
193,188,65
189,180,63
191,179,65
190,181,65
193,186,64
189,182,64
193,185,64
189,183,64
193,187,64
189,181,64
192,182,63
192,179,64
193,183,65
193,184,64
190,186,65
189,185,63
192,188,63
193,189,65
190,189,64
189,184,64
192,191,64
189,179,63
193,188,64
190,180,65
189,180,64
190,177,64
191,177,64
191,191,64
191,178,63
193,183,64
189,185,64
192,181,63
191,190,65
192,179,65
192,191,65
191,190,63
190,177,63
190,189,63
193,189,64
192,185,66
193,182,65
189,179,64
191,178,65
190,187,65
189,186,63
192,189,63
192,186,66
190,183,62
193,190,65
192,184,66
189,178,63
190,182,62
190,184,62
190,179,65
192,187,66
192,183,66
190,181,62
193,182,64
190,185,62
192,178,64
189,186,64
193,190,64
192,192,64
190,190,64
192,180,63
189,178,64
190,176,64
192,188,66
193,181,65
190,180,62
192,182,66
190,188,65
192,190,63
189,187,63
193,191,65
190,186,62
193,186,66
191,177,63
189,177,63
191,184,62
191,184,66
190,191,64
191,176,64
193,185,66
193,187,66
191,183,62
189,182,62
191,185,66
190,178,65
191,185,62
192,178,65
192,192,65
191,191,65
191,191,63
191,183,66
190,176,63
190,190,63
189,181,62
189,183,62
193,181,64
191,177,65
191,182,62
193,184,66
193,188,66
191,186,66
189,187,64
191,186,62
193,191,64
191,182,66
192,189,66
189,180,62
189,184,62
190,179,62
192,181,66
190,187,62
189,177,64
192,179,63
191,181,62
193,180,65
191,187,66
193,183,66
193,189,66
192,177,64
191,187,62
192,191,63
189,188,63
190,189,65
189,185,62
189,179,62
193,192,65
191,181,66
191,192,64
189,176,63
189,190,64
190,177,65
193,180,64
190,175,64
192,190,66
190,178,62
191,176,63
191,180,62
192,180,66
190,188,62
189,188,64
193,192,64
193,186,63
191,188,66
193,182,66
193,190,66
190,191,63
193,185,63
191,192,65
192,177,65
191,188,62
189,190,63
190,175,63
190,191,65
194,187,65
188,181,63
189,186,62
189,178,62
193,187,63
189,191,64
191,175,64
189,182,65
191,180,66
194,186,65
188,182,63
189,176,64
194,188,65
188,180,63
189,183,65
191,176,65
193,184,63
189,181,65
192,178,63
193,188,63
194,185,65
188,183,63
189,184,65
194,189,65
193,179,65
188,179,63
189,180,65
192,192,63
193,193,65
189,189,63
190,190,65
191,179,62
193,183,63
189,175,63
193,181,66
193,191,66
190,177,62
191,189,66
194,184,65
192,191,66
193,179,64
193,189,63
191,189,62
188,184,63
192,176,64
189,187,62
189,177,62
189,185,65
190,189,62
194,190,65
190,176,65
192,179,66
188,178,63
191,179,66
190,192,64
189,179,65
193,193,64
189,189,64
188,190,64
193,182,63
190,174,64
191,175,63
192,185,62
194,183,65
189,175,64
192,184,62
194,187,66
193,190,63
194,187,64
188,185,63
192,186,62
189,186,65
194,186,66
194,186,64
188,181,62
189,191,63
190,183,66
194,188,66
194,191,65
190,192,65
192,176,65
188,181,64
188,190,63
190,174,63
189,191,65
194,188,64
191,178,62
192,177,63
190,184,66
188,182,62
188,182,64
188,180,62
188,177,63
192,183,62
190,182,66
188,180,64
194,185,64
191,175,65
189,178,65
193,180,66
193,192,66
192,187,62
194,185,66
191,190,66
193,178,65
194,189,66
191,190,62
188,191,64
190,185,66
194,189,64
189,176,62
189,188,62
188,183,62
188,183,64
191,192,63
188,179,62
190,176,62
192,193,65
193,181,63
190,181,66
192,192,66
188,189,63
189,190,65
188,179,64
191,178,66
192,182,62
190,190,62
193,178,64
192,178,66
189,174,63
194,182,65
194,184,64
194,184,66
192,188,62
193,191,63
194,190,66
188,186,63
190,186,66
188,184,64
188,184,62
190,175,65
194,190,64
189,187,65
194,192,65
188,178,62
192,193,64
190,180,66
188,189,64
188,176,63
188,178,64
192,175,64
192,181,62
189,177,65
191,177,62
194,183,64
189,192,64
189,174,64
194,183,66
187,190,64
192,189,62
193,180,63
194,191,66
190,187,66
193,179,66
193,193,66
188,185,64
188,185,62
194,191,64
191,191,62
191,191,66
191,174,63
188,177,62
189,175,62
189,189,62
192,176,63
194,181,65
190,179,66
188,177,64
188,191,63
193,192,63
190,175,62
191,177,66
189,192,65
187,190,63
188,187,63
193,177,65
188,191,65
194,193,65
191,192,66
189,188,65
192,180,62
189,190,62
190,192,63
191,193,65
194,182,64
192,177,66
187,189,63
188,175,63
188,190,65
193,177,64
194,182,66
192,190,62
193,186,67
189,173,63
194,192,66
192,185,67
189,176,65
187,191,64
190,188,66
193,187,67
194,192,64
188,186,62
193,185,67
188,186,64
192,186,67
192,184,67
188,176,62
191,193,64
190,183,61
190,174,65
193,179,63
190,182,61
189,182,61
191,176,62
193,188,67
190,184,61
192,187,67
187,189,64
190,178,66
193,184,67
189,181,61
188,176,64
189,183,61
192,183,67
194,180,65
190,181,61
192,193,66
193,178,66
192,179,62
190,191,62
190,185,61
189,180,61
190,191,66
189,184,61
193,193,63
194,181,64
188,189,62
189,174,62
189,173,64
193,189,67
194,194,65
188,188,63
192,188,67
193,183,67
189,189,65
194,181,66
192,182,67
188,192,64
192,191,62
190,180,61
191,176,66
194,193,66
192,175,63
194,193,64
190,174,62
190,189,66
186,190,64
189,179,61
188,187,62
190,186,61
188,174,63
188,187,64
189,185,61
188,175,62
190,192,66
188,190,62
193,176,65
189,175,65
192,176,66
189,192,63
193,190,67
187,191,63
192,189,67
190,177,66
188,175,64
188,192,65
190,193,65
193,182,67
186,190,63
193,176,64
187,191,65
193,178,63
190,179,61
186,189,63
192,181,67
187,190,65
189,178,61
192,178,62
190,187,61
189,186,61
191,175,62
194,180,64
194,179,65
194,187,67
190,193,64
194,187,63
194,186,67
194,188,67
192,193,63
194,186,63
194,180,66
191,184,61
191,184,67
194,188,63
192,192,62
191,183,61
191,185,67
186,189,64
186,191,64
189,191,62
193,194,65
191,193,66
193,177,66
191,185,61
187,188,63
194,194,66
195,188,65
191,183,67
187,180,63
194,194,64
193,191,67
189,191,66
195,187,65
194,185,63
188,189,65
187,189,62
189,173,62
192,190,67
187,181,63
188,188,62
190,190,66
188,181,61
194,185,67
194,189,67
195,189,65
188,188,64
187,179,63
193,181,67
