169,154,185
170,155,186
168,153,184
170,154,185
168,154,185
168,153,185
170,155,185
169,153,185
169,155,185
169,154,186
170,154,186
169,154,184
168,154,184
171,155,186
169,155,186
169,153,184
167,153,184
167,152,184
171,156,186
168,152,184
170,156,186
171,156,187
167,152,183
170,155,187
171,155,187
168,153,183
167,153,183
167,153,185
170,153,185
172,156,187
170,156,187
168,152,183
166,152,183
168,154,186
171,155,185
171,154,186
168,155,185
170,154,184
167,154,184
169,153,186
169,155,184
166,152,184
171,154,185
167,154,185
168,152,185
170,156,185
169,152,184
172,157,187
171,157,187
166,151,183
167,151,183
172,156,186
169,156,186
168,155,186
172,155,186
170,153,184
166,153,184
169,155,187
168,153,186
172,155,187
170,153,186
167,152,185
170,154,187
169,153,183
169,152,185
168,154,183
170,155,184
172,157,188
166,153,183
166,151,182
171,156,185
168,155,184
171,157,186
171,156,188
169,156,185
172,156,188
167,152,182
166,152,182
167,151,184
169,154,187
171,154,187
173,157,188
171,157,188
165,151,183
167,151,182
165,151,182
169,154,183
168,151,183
166,151,184
167,154,183
173,156,187
169,156,187
173,157,187
169,152,183
165,152,183
168,151,184
172,157,186
170,157,187
170,157,186
166,153,185
171,153,185
171,155,188
167,154,186
170,156,188
167,153,182
172,154,186
173,156,188
173,158,188
172,158,188
167,153,186
165,150,182
166,150,182
168,152,182
166,152,185
165,152,182
172,158,187
171,153,186
172,155,185
170,152,185
165,152,184
166,150,183
167,155,185
170,155,188
171,154,184
170,152,184
172,155,188
166,154,184
168,153,182
168,154,187
166,153,182
168,155,187
171,155,184
172,156,185
173,156,186
173,155,187
172,154,187
165,150,183
173,158,187
168,156,186
167,155,184
167,150,183
168,152,186
171,158,187
165,151,184
168,156,185
169,152,186
172,157,189
173,157,189
166,151,181
165,151,181
173,158,189
169,151,184
170,156,184
165,150,181
166,154,185
172,154,185
174,157,188
170,157,188
168,151,182
164,151,182
169,156,184
170,153,183
164,150,182
167,151,185
167,150,182
169,153,187
165,153,183
168,151,185
171,157,185
174,158,188
170,153,187
170,154,183
171,158,188
170,157,185
167,155,186
173,155,186
171,153,184
165,153,184
173,157,186
166,154,183
169,155,183
164,151,183
168,155,183
169,151,183
174,158,189
172,158,189
169,157,186
166,150,181
164,150,181
172,156,189
167,152,186
166,152,181
169,155,188
174,157,187
170,152,186
173,155,188
169,157,187
171,157,189
174,157,189
172,158,186
169,156,188
166,151,185
168,153,187
173,159,188
171,158,186
166,150,184
174,156,188
167,151,181
167,150,184
171,156,189
170,154,188
164,151,181
169,151,185
171,154,188
171,153,187
173,156,189
164,150,183
174,156,187
168,156,187
170,152,183
164,152,183
171,156,184
165,149,182
168,150,183
167,152,181
174,159,189
173,159,189
168,154,182
169,153,182
165,152,181
169,152,182
166,153,186
168,156,184
167,154,182
164,149,181
172,157,185
165,149,181
164,152,182
165,152,185
165,153,182
174,158,187
174,159,188
172,153,186
169,157,185
170,155,183
172,159,188
164,149,182
171,152,185
170,158,187
166,149,182
165,153,185
167,155,183
165,150,184
172,153,185
166,154,186
167,154,187
169,154,188
168,150,184
173,154,186
172,154,188
163,150,182
175,158,189
171,158,189
173,154,187
167,150,181
163,150,181
168,150,182
164,151,184
173,158,186
164,152,184
173,159,187
170,151,184
172,159,187
170,158,186
163,149,181
171,152,184
173,158,190
166,152,186
175,159,189
174,158,190
165,150,180
175,158,188
164,150,180
166,149,181
170,156,189
172,159,189
170,158,188
165,149,183
166,149,183
174,156,189
169,154,182
171,155,189
171,152,186
167,155,187
173,155,185
174,159,190
172,155,189
172,155,184
175,157,188
169,157,188
164,149,180
169,151,182
163,151,182
165,151,185
173,156,185
167,153,187
174,155,187
172,154,184
166,155,185
166,154,182
170,157,189
165,154,184
166,155,184
167,153,181
170,151,185
167,156,185
172,153,187
175,157,189
173,157,190
166,153,181
165,151,180
163,149,182
168,155,188
168,152,181
174,156,186
175,159,190
173,159,190
167,149,182
165,149,180
163,149,180
171,154,183
167,156,186
174,155,188
164,152,181
168,151,181
168,151,186
174,157,186
175,159,188
163,151,183
164,149,183
163,151,181
172,158,190
169,152,187
174,160,189
172,157,190
175,158,190
165,154,183
170,155,189
163,150,183
174,157,190
171,153,183
170,157,184
170,151,183
167,149,183
171,159,188
166,150,180
174,159,187
168,157,186
173,155,189
164,150,184
163,150,180
164,153,183
166,151,180
169,150,183
168,154,188
167,151,186
164,151,180
165,154,185
173,154,185
169,156,183
164,148,181
171,159,187
172,156,184
168,152,187
169,151,186
167,150,185
171,158,185
169,150,184
173,154,188
170,152,187
168,156,188
173,157,185
175,160,189
166,155,186
174,155,186
164,153,184
172,153,184
175,156,188
173,160,189
167,156,184
171,157,184
170,153,188
175,160,190
174,160,190
168,153,181
171,155,183
175,157,187
166,150,185
163,148,181
165,148,181
169,157,184
174,160,188
168,157,185
168,150,185
168,157,187
163,148,180
170,156,183
164,148,180
173,160,188
165,153,181
170,153,182
162,149,181
172,158,185
167,149,181
166,155,183
169,153,188
168,156,183
168,155,182
175,158,187
164,153,182
171,153,188
170,158,185
164,148,182
165,153,186
176,159,189
165,148,182
172,159,186
174,158,186
164,152,185
176,158,189
170,158,189
172,156,190
176,159,190
172,159,190
171,159,189
168,150,181
162,150,181
169,156,189
170,152,182
171,157,190
169,158,187
173,156,190
166,149,180
162,149,180
166,151,186
173,153,186
175,156,187
167,156,187
175,157,190
171,152,183
163,152,183
163,152,182
166,149,184
175,156,189
167,152,187
172,152,185
165,152,186
169,158,186
162,150,182
166,152,180
170,151,186
163,149,183
165,152,180
170,154,182
169,155,182
169,150,182
171,152,187
166,154,187
169,155,189
176,160,190
165,149,184
162,148,180
173,160,190
164,151,185
168,149,183
172,152,186
173,159,186
167,155,182
166,153,187
165,148,180
162,149,182
165,150,185
171,158,190
167,151,180
174,155,189
167,149,184
174,154,187
163,151,184
171,154,189
165,154,182
176,158,190
163,148,182
174,159,191
175,160,188
171,159,186
175,159,191
164,149,179
163,149,179
168,149,182
162,148,181
163,151,180
169,150,185
171,156,190
171,151,185
166,148,182
173,153,187
171,151,184
166,148,181
168,153,188
172,160,188
174,156,190
176,160,189
164,153,185
167,150,180
170,154,189
176,158,188
169,157,189
162,150,180
174,158,191
165,154,186
172,153,188
175,160,191
172,160,189
172,154,189
173,153,185
169,158,188
176,157,189
164,150,179
167,154,181
163,148,179
174,154,186
169,152,181
172,157,184
175,159,187
163,150,184
173,160,187
163,152,184
167,154,188
167,155,188
167,152,180
163,152,181
173,158,191
171,156,183
176,159,188
175,161,190
175,158,191
176,157,188
168,157,188
170,151,182
162,151,182
172,152,184
170,159,187
173,158,185
176,160,191
174,160,191
168,157,184
164,149,184
173,159,191
164,152,180
164,148,179
162,148,179
170,150,184
165,150,179
176,159,191
175,155,188
174,154,188
168,154,181
170,159,188
166,155,187
163,150,179
165,149,179
165,148,183
169,151,181
162,149,179
169,153,181
167,156,183
168,149,184
162,150,183
175,155,187
166,154,181
169,158,185
175,161,189
162,151,181
174,160,187
163,147,180
174,161,189
173,155,184
165,151,186
174,156,185
176,161,190
170,150,183
166,152,187
169,154,189
164,153,181
172,160,187
164,148,183
174,161,190
170,157,190
166,148,183
174,155,185
