191,65,97
191,65,96
191,65,98
191,65,95
191,65,99
191,65,94
191,65,100
192,65,97
190,65,97
192,65,98
190,65,96
192,65,96
190,65,98
192,65,99
190,65,95
192,66,98
192,65,95
190,64,96
191,64,96
191,66,98
190,65,99
191,65,93
191,65,101
191,64,97
191,66,97
192,66,99
192,66,97
190,64,95
190,64,97
191,64,95
191,66,99
192,65,100
190,65,94
191,64,98
191,66,96
192,66,96
192,66,100
190,64,94
190,64,98
191,64,94
191,66,100
192,65,94
190,65,100
191,64,99
191,66,95
192,65,101
192,66,95
192,66,101
190,64,93
190,64,99
190,65,93
191,65,92
191,65,102
191,64,93
191,66,101
192,65,93
190,65,101
191,64,100
191,66,94
192,66,94
192,66,102
190,64,92
190,64,100
192,65,102
191,64,92
190,65,92
191,66,102
191,65,91
191,65,103
193,66,98
189,64,96
192,64,97
192,64,96
193,66,99
189,64,95
190,66,97
190,66,98
192,65,92
191,64,101
193,66,97
189,64,97
191,66,93
190,65,102
192,64,98
192,64,95
190,66,96
190,66,99
193,66,100
189,64,94
192,66,93
192,66,103
190,64,91
190,64,101
193,66,96
189,64,98
193,65,98
193,65,97
192,64,99
192,64,94
189,65,96
189,65,97
191,64,91
192,65,103
190,66,95
191,66,103
190,66,100
193,66,101
190,65,91
193,65,99
189,64,93
193,65,96
189,65,95
189,65,98
193,66,95
189,64,99
191,64,102
193,65,100
193,65,95
192,64,100
192,64,93
189,65,94
191,65,90
191,65,104
189,65,99
192,65,91
191,66,92
190,66,94
190,66,101
190,65,103
193,66,102
189,64,92
192,66,92
192,66,104
192,67,99
190,64,90
190,64,102
192,67,98
190,63,95
190,63,96
192,67,100
190,63,94
193,65,101
191,64,90
193,65,94
193,66,94
192,67,97
189,65,93
189,64,100
189,65,100
192,65,104
190,63,97
191,66,104
192,64,101
192,64,92
192,67,101
190,65,90
190,63,93
190,66,93
190,66,102
193,66,103
192,67,96
189,64,91
190,63,98
191,64,103
193,65,102
193,67,99
191,66,91
193,65,93
192,67,102
192,65,90
190,63,92
193,67,98
193,67,100
191,63,96
191,63,95
191,67,98
191,67,99
189,63,95
189,65,92
189,65,101
193,66,93
191,65,89
191,65,105
189,63,94
189,63,96
190,65,104
192,66,91
192,66,105
190,64,89
190,64,103
191,63,97
189,64,101
191,63,94
191,67,97
191,67,100
192,67,95
193,67,97
193,67,101
192,64,102
192,64,91
190,63,99
189,63,93
189,63,97
191,64,89
190,66,92
190,66,103
191,63,98
191,63,93
191,67,96
191,66,105
191,67,101
193,66,104
192,65,105
192,67,103
190,63,91
189,64,90
193,67,96
193,67,102
193,65,103
190,65,89
193,65,92
189,63,92
189,63,98
189,65,91
189,65,102
192,67,94
191,63,99
190,63,100
191,63,92
191,64,104
193,66,92
191,67,95
191,67,102
189,64,102
191,66,90
192,64,103
192,65,89
192,64,90
193,67,95
193,67,103
193,64,97
189,63,91
189,63,99
193,64,96
194,66,99
194,66,98
188,64,95
188,64,96
192,66,90
192,66,106
192,67,104
190,63,90
190,64,88
190,64,104
190,65,105
193,64,98
189,66,97
190,66,91
189,66,98
190,66,104
191,65,88
191,65,106
194,66,100
194,66,97
188,64,94
193,64,95
188,64,97
193,66,105
189,66,96
191,63,100
191,63,91
191,64,88
189,64,89
193,65,104
193,64,99
193,65,91
191,67,94
189,66,99
191,67,103
191,66,106
190,63,101
192,67,93
194,66,101
194,66,96
188,64,93
189,66,95
188,64,98
193,64,94
192,65,106
189,65,90
189,65,103
193,67,94
193,67,104
189,63,90
189,63,100
190,65,88
189,66,100
193,64,100
193,66,91
189,64,103
190,63,89
194,66,102
191,64,105
192,64,104
194,66,95
192,67,105
192,64,89
189,66,94
188,64,92
188,64,99
191,63,101
193,64,93
191,63,90
191,66,89
194,67,99
192,63,96
191,67,93
191,67,104
194,67,100
192,63,95
188,63,95
192,65,88
194,65,98
192,63,97
188,63,94
190,66,90
189,66,101
194,67,98
190,66,105
194,65,97
190,67,98
193,64,101
193,66,106
188,65,96
190,67,99
188,63,96
194,65,99
192,66,89
192,66,107
188,65,97
193,65,105
194,67,101
192,63,94
190,64,87
190,64,105
193,65,90
190,67,97
190,63,102
188,65,95
190,65,106
188,63,93
192,67,92
189,64,88
193,67,93
193,67,105
194,65,96
192,63,98
194,67,97
194,66,103
190,67,100
194,66,94
189,63,89
189,63,101
189,66,93
188,65,98
194,65,100
188,63,97
188,64,91
191,64,87
191,65,87
191,65,107
188,64,100
193,64,92
189,65,89
190,67,96
189,65,104
192,63,93
194,67,102
188,65,94
194,65,95
188,63,92
191,66,107
191,63,102
190,67,101
191,63,89
192,63,99
193,66,90
188,65,99
192,65,107
194,67,96
189,66,102
190,63,88
193,64,102
194,65,101
192,67,106
188,63,98
189,64,104
191,67,92
191,67,105
190,67,95
192,64,105
192,64,88
188,65,93
190,65,87
192,63,92
194,67,103
194,66,104
194,65,94
194,66,93
188,63,91
189,66,92
191,64,106
193,64,91
188,64,90
190,67,102
188,64,101
188,65,100
192,63,100
193,67,92
193,67,106
190,63,103
194,67,95
190,66,89
190,66,106
189,63,88
189,63,102
193,66,107
194,65,102
193,65,106
191,66,88
193,65,89
192,67,91
188,63,99
192,65,87
190,67,94
189,64,87
188,65,92
189,66,103
192,63,91
192,66,88
192,66,108
193,64,103
190,64,86
190,64,106
194,67,104
194,65,93
189,65,88
191,63,103
191,63,88
189,65,105
190,65,107
188,63,90
193,68,100
193,68,99
192,68,99
192,68,100
191,64,86
193,68,101
190,67,103
190,63,87
188,65,101
192,63,101
194,66,105
194,66,92
191,67,91
192,67,107
192,68,98
193,68,98
192,68,101
194,67,94
191,67,106
191,65,86
191,65,108
193,66,89
190,62,95
190,62,94
194,65,103
189,66,91
189,62,94
189,62,95
193,64,90
191,66,108
188,64,89
188,63,100
189,62,93
188,64,102
193,68,102
190,62,96
190,62,93
189,64,105
192,64,106
189,62,96
192,64,87
192,65,108
190,67,93
188,65,91
192,68,97
192,68,102
193,68,97
192,63,90
193,67,91
193,67,107
194,67,105
189,62,92
194,65,92
190,62,97
190,62,92
189,63,87
189,63,103
190,63,104
190,65,86
188,63,89
189,66,104
193,68,103
193,64,104
189,62,97
192,67,90
191,64,107
193,65,107
193,65,88
193,66,108
190,66,88
190,67,104
190,66,107
188,65,102
192,63,102
192,68,96
192,68,103
189,62,91
193,68,96
194,65,104
194,67,93
191,63,104
190,62,98
190,62,91
191,63,87
191,66,87
189,64,86
194,66,106
194,66,91
188,63,101
189,62,98
192,65,86
189,66,90
189,65,87
189,65,106
193,64,89
193,68,104
190,67,92
192,66,87
192,66,109
190,64,85
190,64,107
190,63,86
188,65,90
188,64,88
191,67,90
188,64,103
192,63,89
191,67,107
194,67,106
192,67,108
194,65,91
194,68,100
189,62,90
192,68,95
190,65,108
192,68,104
194,68,99
194,68,101
193,66,88
191,64,85
190,62,99
190,62,90
193,68,95
188,63,88
191,62,95
191,68,99
194,64,97
191,62,94
191,68,100
194,64,98
194,64,96
188,62,94
191,62,96
194,68,98
194,68,102
191,68,98
195,66,99
187,64,95
193,67,90
193,67,108
195,66,98
193,64,105
192,64,107
187,64,96
189,62,99
188,62,95
188,62,93
190,67,105
