211,101,44
211,100,44
211,102,44
211,103,44
211,104,44
211,105,44
212,101,44
210,101,44
212,102,44
210,100,44
212,100,44
210,102,44
212,103,44
210,103,44
211,100,43
211,102,45
211,101,43
211,101,45
212,104,44
211,103,45
211,106,44
211,102,43
210,104,44
211,104,45
212,102,45
211,103,43
212,105,44
210,100,43
212,101,45
212,103,45
210,99,43
210,101,43
212,104,45
210,102,43
211,105,45
210,105,44
211,104,43
211,107,44
212,106,44
212,105,45
210,103,43
211,106,45
211,105,43
210,106,44
212,106,45
210,104,43
212,107,44
212,101,43
212,100,43
210,101,45
211,108,44
210,102,45
212,102,43
211,107,45
210,103,45
212,103,43
211,106,43
212,107,45
210,105,43
210,104,45
210,107,44
212,104,43
212,108,44
210,105,45
211,108,45
211,109,44
212,108,45
210,106,43
213,102,44
209,100,44
213,101,44
209,101,44
212,105,43
211,107,43
213,103,44
209,102,44
213,102,45
209,100,43
213,103,45
209,99,43
213,104,44
210,108,44
210,106,45
209,101,43
213,104,45
209,103,44
212,109,44
209,102,43
212,106,43
213,105,45
213,105,44
211,109,45
212,109,45
210,107,43
209,104,44
211,108,43
209,103,43
211,110,44
210,107,45
213,106,45
213,106,44
210,109,44
212,107,43
212,103,46
212,102,46
209,105,44
210,99,42
209,104,43
210,100,42
212,104,46
210,98,42
211,100,42
211,102,46
212,110,44
211,99,42
211,103,46
213,107,45
210,101,42
211,101,42
212,105,46
211,110,45
211,104,46
213,107,44
212,110,45
210,108,43
210,108,45
211,102,42
210,102,42
211,109,43
211,105,46
212,106,46
209,105,43
209,106,44
211,111,44
212,108,43
213,108,45
211,103,42
210,103,42
211,106,46
213,108,44
210,110,44
213,101,43
212,107,46
213,102,43
213,100,43
209,101,45
211,104,42
212,111,44
209,100,45
209,102,45
210,109,45
210,104,42
213,103,43
209,106,43
212,111,45
210,109,43
211,111,45
209,107,44
209,103,45
211,107,46
213,109,45
211,110,43
213,104,43
212,109,43
212,108,46
213,103,46
209,104,45
211,105,42
213,109,44
213,102,46
213,104,46
209,99,42
210,105,42
209,98,42
209,100,42
211,112,44
213,105,46
213,105,43
211,108,46
209,101,42
209,107,43
212,100,42
210,111,44
209,105,45
212,101,42
212,99,42
210,110,45
213,106,46
209,108,44
210,102,46
213,110,45
210,101,46
210,103,46
212,109,46
212,102,42
209,102,42
212,112,44
211,106,42
212,112,45
210,110,43
213,106,43
210,104,46
211,112,45
210,106,42
212,110,43
212,103,42
213,110,44
213,107,46
209,106,45
211,111,43
209,103,42
211,109,46
210,105,46
212,104,42
209,108,43
213,107,43
212,110,46
214,103,45
213,108,46
208,99,43
211,107,42
214,102,45
208,100,43
209,109,44
210,106,46
213,111,45
214,104,45
211,113,44
209,104,42
210,111,45
208,101,43
209,107,45
210,107,42
210,112,44
214,105,45
214,102,44
208,100,44
212,105,42
214,103,44
214,101,44
208,99,44
208,101,44
208,102,43
213,111,44
212,113,45
211,110,46
210,111,43
212,113,44
214,104,44
212,111,43
208,102,44
210,107,46
211,113,45
214,106,45
213,108,43
213,109,46
209,105,42
214,105,44
208,103,43
211,112,43
208,103,44
212,111,46
211,108,42
209,109,43
212,106,42
209,108,45
214,107,45
213,112,45
209,110,44
210,108,42
214,106,44
210,108,46
208,104,43
208,104,44
210,112,45
213,110,46
211,111,46
213,109,43
209,106,42
211,114,44
213,112,44
214,108,45
210,113,44
212,107,42
214,107,44
212,112,43
212,114,45
210,112,43
208,105,44
209,109,45
212,114,44
211,109,42
208,105,43
212,112,46
211,114,45
210,109,46
209,110,43
214,103,46
210,109,42
214,104,46
211,113,43
214,109,45
213,111,46
213,113,45
214,108,44
214,102,46
209,111,44
208,99,42
214,105,46
208,98,42
209,107,42
213,110,43
208,100,42
208,106,44
212,108,42
211,112,46
214,106,46
208,106,43
208,101,42
210,113,45
212,103,47
212,104,47
213,113,44
213,100,42
212,102,47
213,101,42
209,110,45
212,105,47
213,99,42
210,99,41
210,110,46
210,98,41
213,102,42
214,107,46
208,102,42
211,110,42
214,110,45
214,109,44
210,100,41
212,113,46
211,115,44
209,102,46
212,113,43
209,101,46
210,114,44
212,106,47
214,101,43
214,102,43
213,103,42
209,103,46
210,101,41
213,112,46
212,115,45
214,100,43
210,113,43
208,107,44
214,103,43
209,111,43
209,108,42
208,101,45
208,100,45
212,115,44
210,110,42
214,108,46
208,103,42
209,104,46
212,109,42
213,111,43
208,102,45
208,107,43
211,115,45
211,99,41
211,103,47
212,107,47
214,104,43
210,102,41
213,114,45
213,104,42
211,100,41
211,102,47
211,98,41
211,104,47
209,112,44
208,103,45
211,101,41
211,114,43
211,113,46
211,105,47
209,105,46
214,110,44
214,105,43
213,104,47
214,111,45
213,103,47
210,111,46
210,103,41
213,105,47
211,102,41
213,105,42
208,104,42
212,108,47
214,109,46
209,111,45
208,104,45
211,106,47
210,114,45
213,114,44
208,108,44
213,106,47
209,98,41
211,111,42
209,99,41
209,106,46
209,97,41
213,113,46
212,114,46
214,106,43
209,100,41
211,103,41
209,109,42
208,108,43
211,107,47
208,105,45
212,110,42
210,104,41
213,107,47
212,114,43
213,106,42
209,101,41
213,112,43
212,109,47
210,111,42
208,105,42
209,112,43
214,110,46
210,115,44
211,116,44
214,111,44
212,116,45
210,114,43
209,107,46
214,112,45
211,104,41
214,107,43
213,115,45
209,102,41
213,108,47
212,116,44
211,108,47
211,114,46
208,106,45
209,113,44
210,112,46
211,116,45
210,105,41
208,109,44
213,107,42
209,112,45
211,115,43
212,110,47
209,103,41
208,106,42
211,105,41
213,114,46
208,109,43
213,109,47
214,111,46
211,112,42
209,108,46
213,115,44
214,108,43
209,110,42
210,115,45
211,109,47
212,111,42
212,115,46
208,107,45
214,112,44
213,113,43
210,106,41
212,99,41
212,100,41
214,113,45
213,108,42
209,104,41
210,112,42
212,98,41
215,103,45
207,99,43
212,101,41
212,115,43
215,104,45
215,102,45
207,98,43
207,100,43
209,113,43
211,106,41
210,103,47
212,111,47
213,110,47
210,102,47
215,105,45
210,104,47
207,101,43
212,102,41
208,110,44
214,109,43
210,113,46
209,109,46
208,107,42
213,116,45
211,110,47
212,117,45
214,112,46
210,116,44
210,115,43
211,115,46
210,105,47
211,117,44
215,106,45
207,102,43
208,108,45
209,114,44
209,113,45
212,103,41
212,117,44
209,105,41
208,110,43
210,107,41
211,117,45
213,115,46
210,106,47
213,109,42
215,102,44
215,103,44
214,104,47
212,112,42
215,107,45
209,111,42
211,113,42
207,100,44
214,103,47
214,105,47
207,99,44
214,113,44
215,101,44
213,111,47
211,107,41
207,103,43
215,104,44
211,116,43
207,101,44
213,116,44
212,104,41
214,106,47
212,112,47
214,114,45
212,116,46
214,110,43
213,114,43
215,105,44
207,102,44
209,110,46
210,116,45
211,111,47
208,98,41
210,107,47
208,97,41
208,99,41
208,108,42
215,108,45
214,107,47
214,113,46
210,113,42
209,106,41
208,109,45
208,100,41
207,104,43
208,111,44
215,106,44
207,103,44
212,105,41
210,114,46
215,104,46
215,103,46
212,116,43
210,108,41
209,114,43
215,105,46
214,108,47
208,101,41
207,98,42
207,99,42
213,110,42
213,112,47
210,108,47
207,97,42
211,108,41
213,117,45
207,100,42
