180,75,76
180,75,77
180,75,78
181,75,76
179,75,76
180,75,79
181,75,77
179,75,77
181,76,77
179,74,75
181,76,78
179,74,76
181,75,78
180,74,75
180,76,77
179,75,78
180,74,76
180,76,78
181,76,79
179,74,77
180,75,80
180,74,77
180,76,79
181,75,79
179,75,79
181,76,80
179,74,78
180,74,78
180,76,80
181,75,80
179,75,80
182,76,77
178,74,75
180,75,81
182,76,78
178,74,76
181,76,81
179,74,79
180,74,79
182,76,79
180,76,81
178,74,77
181,74,75
179,76,77
181,74,76
179,76,78
181,75,81
182,75,76
178,75,76
182,76,80
182,75,77
179,75,81
178,74,78
178,75,77
181,74,77
179,76,79
181,76,82
179,74,80
180,75,82
181,77,78
182,75,78
180,74,80
179,73,74
178,75,78
181,77,79
180,76,82
179,73,75
181,74,78
182,76,81
179,76,80
181,77,80
182,77,78
179,73,76
178,74,79
182,75,79
178,73,74
182,77,79
178,73,75
178,75,79
181,75,82
182,77,80
179,75,82
178,73,76
181,74,79
181,77,81
179,73,77
181,76,83
179,74,81
180,74,81
179,76,81
182,75,80
180,75,83
180,73,74
180,77,78
180,76,83
182,76,82
182,77,81
178,75,80
180,73,75
180,77,79
178,74,80
178,73,77
180,73,76
179,73,78
181,77,82
180,77,80
181,74,80
183,76,77
177,74,75
181,75,83
183,76,78
182,75,81
182,77,82
177,74,76
179,76,82
178,73,78
180,73,77
179,75,83
180,77,81
181,76,84
178,75,81
179,74,82
183,76,79
182,76,83
177,74,77
180,74,82
178,74,81
179,73,79
183,77,78
181,77,83
177,73,74
180,76,84
183,77,79
177,73,75
180,75,84
183,76,80
180,73,78
182,74,75
181,74,81
177,74,78
183,77,80
182,74,76
182,77,83
180,77,82
177,73,76
178,73,79
178,76,77
182,75,82
178,76,78
182,74,77
179,76,83
183,77,81
178,75,82
181,75,84
178,76,79
183,76,81
177,73,77
179,73,80
177,74,79
182,76,84
180,73,79
182,74,78
181,77,84
183,75,76
179,75,84
181,76,85
179,74,83
183,75,77
177,75,76
178,74,82
180,74,83
180,77,83
177,75,77
178,76,80
182,77,84
181,73,74
183,75,78
183,77,82
181,74,82
178,73,80
180,76,85
181,73,75
177,73,78
179,77,78
177,75,78
183,76,82
179,77,79
182,74,79
182,75,83
181,73,76
182,78,79
180,75,85
182,78,80
183,75,79
177,74,80
179,76,84
179,77,80
178,72,73
180,73,80
178,76,81
178,72,74
178,75,83
177,75,79
182,78,81
179,73,81
181,73,77
183,77,83
181,77,85
180,77,84
181,78,79
178,72,75
182,76,85
181,75,85
177,73,79
181,78,80
182,74,80
179,77,81
183,75,80
179,72,73
179,72,74
182,77,85
182,78,82
183,76,83
178,74,83
178,73,81
179,75,85
181,78,81
181,76,86
183,78,79
179,74,84
180,74,84
181,74,83
181,73,78
177,75,80
178,72,76
183,78,80
179,72,75
178,76,82
177,74,81
177,72,73
182,75,84
177,72,74
180,76,86
183,78,81
179,77,82
180,73,81
181,78,82
183,77,84
183,75,81
182,78,83
179,72,76
177,72,75
179,76,85
182,74,81
178,72,77
177,73,80
184,77,78
176,73,74
179,73,82
184,77,79
178,75,84
180,75,86
176,73,75
180,77,85
181,73,79
183,78,82
177,75,81
181,77,86
183,76,84
177,72,76
184,77,80
184,76,77
176,73,76
176,74,75
181,78,83
184,76,78
179,72,77
182,76,86
176,74,76
182,77,86
178,76,83
179,77,83
178,73,82
181,75,86
182,78,84
184,76,79
177,74,82
183,75,82
183,78,83
178,74,84
184,77,81
178,72,78
176,74,77
181,74,84
176,73,77
183,77,85
177,72,77
180,74,85
181,76,87
180,72,73
180,78,79
179,74,85
180,73,82
179,75,86
182,75,85
181,73,80
182,74,82
180,72,74
184,76,80
180,78,80
177,73,81
179,72,78
176,74,78
181,78,84
177,75,82
180,72,75
184,77,82
180,76,87
180,78,81
183,74,75
179,76,86
183,74,76
180,77,86
176,73,78
183,78,84
179,73,83
179,77,84
183,76,85
182,78,85
178,75,85
184,76,81
178,72,79
184,78,79
183,74,77
180,72,76
177,72,78
178,76,84
177,76,77
181,77,87
183,75,83
184,78,80
180,78,82
177,76,78
176,72,73
176,74,79
182,73,74
180,75,87
182,73,75
176,72,74
182,77,87
184,78,81
178,73,83
177,74,83
182,76,87
181,73,81
184,77,83
183,74,78
179,72,79
177,76,79
182,73,76
183,77,86
176,72,75
181,78,85
182,74,83
178,77,78
180,72,77
176,73,79
178,77,79
184,76,82
181,74,85
180,73,83
181,75,87
178,74,85
177,75,83
183,78,85
184,78,82
180,78,83
177,73,82
182,75,86
182,73,77
177,76,80
178,77,80
183,74,79
176,72,76
177,72,79
176,74,80
184,75,76
182,78,86
180,74,86
179,77,85
184,75,77
178,72,80
181,76,88
179,74,86
179,75,87
176,75,76
183,76,86
184,77,84
183,75,84
180,77,87
180,72,78
184,75,78
184,78,83
176,75,77
178,76,85
178,77,81
179,73,84
182,73,78
179,76,87
179,72,80
180,76,88
184,76,83
177,76,81
176,73,80
176,72,77
181,73,82
180,78,84
178,75,86
176,75,78
183,74,80
181,78,86
184,75,79
181,77,88
183,78,86
177,74,84
182,77,88
182,74,84
183,77,87
178,73,84
176,74,81
178,77,82
177,72,80
184,78,84
177,75,84
176,75,79
182,76,88
182,73,79
180,72,79
180,75,88
183,79,80
182,79,80
184,75,80
177,73,83
180,73,84
183,79,81
182,79,81
178,72,81
184,77,85
176,72,78
182,78,87
177,76,82
181,74,86
179,77,86
181,72,73
183,74,81
178,74,86
181,72,74
183,79,82
180,78,85
182,79,82
184,76,84
182,75,87
181,75,88
183,75,85
178,71,72
179,72,81
176,73,81
179,78,79
177,71,72
176,75,80
178,71,73
181,72,75
183,76,87
177,71,73
179,78,80
178,77,83
185,77,78
175,73,74
178,76,86
181,73,83
184,75,81
180,77,88
180,74,87
185,77,79
182,73,80
184,78,85
181,78,87
183,79,83
175,73,75
178,71,74
182,79,83
181,76,89
179,74,87
177,71,74
179,78,81
183,78,87
179,75,88
181,72,76
179,73,85
176,74,82
180,72,80
185,77,80
175,73,76
179,76,88
176,72,79
177,72,81
177,76,83
178,71,75
182,74,85
180,76,89
178,75,87
177,71,75
183,77,88
183,74,82
181,77,89
177,74,85
184,77,86
179,78,82
176,75,81
183,79,84
185,77,81
177,75,85
182,79,84
184,79,80
181,79,80
182,77,89
181,72,77
185,78,79
175,73,77
178,73,85
184,79,81
178,72,82
180,78,86
181,79,81
184,76,85
184,75,82
185,78,80
182,78,88
175,72,73
177,73,84
178,77,84
175,72,74
179,77,87
180,73,85
179,71,72
178,71,76
184,79,82
182,73,81
182,76,89
176,73,82
181,79,82
179,71,73
185,78,81
185,76,77
177,71,76
179,72,82
184,78,86
185,76,78
176,71,72
183,75,86
185,77,82
175,72,75
175,74,75
179,78,83
176,71,73
181,74,87
179,71,74
175,74,76
180,75,89
185,76,79
175,73,78
183,79,85
180,72,81
181,72,78
184,79,83
176,72,80
182,79,85
181,73,84
185,78,82
182,75,88
181,79,83
176,71,74
181,78,88
176,74,83
178,74,87
183,76,88
183,78,88
175,74,77
177,76,84
176,75,82
175,72,76
178,76,87
179,71,75
183,74,83
181,75,89
178,71,77
185,76,80
177,72,82
177,71,77
180,77,89
