107,150,114
107,150,115
107,150,113
108,151,115
106,149,113
108,151,116
108,151,114
106,149,114
106,149,112
107,151,114
107,149,114
106,150,113
108,150,115
107,151,115
107,149,113
106,150,114
108,150,114
107,151,113
107,149,115
107,150,116
107,150,112
106,150,112
108,150,116
108,152,115
106,148,113
109,152,116
105,148,112
108,151,117
108,151,113
106,149,115
106,149,111
108,152,116
106,148,112
107,151,116
109,151,116
108,152,114
105,149,112
109,152,117
109,152,115
106,148,114
107,149,112
105,148,113
105,148,111
106,150,115
108,150,113
109,151,115
105,149,113
107,151,112
109,151,117
105,149,111
106,150,111
107,149,116
108,152,117
108,150,117
106,148,111
107,150,117
107,150,111
109,152,114
109,152,118
108,152,113
105,148,110
105,148,114
105,149,114
109,153,116
105,147,112
109,151,114
106,148,115
106,151,113
109,153,117
108,149,115
105,147,111
106,151,114
107,152,114
107,151,117
108,151,112
108,151,118
106,149,116
106,149,110
108,149,114
107,152,115
107,148,114
105,149,110
109,153,115
106,150,116
105,147,113
109,151,118
107,148,113
107,149,111
106,151,112
110,152,117
110,153,117
108,150,112
104,147,111
107,152,113
104,148,111
108,149,116
105,150,112
109,150,116
110,152,116
107,151,111
106,151,115
107,148,115
105,150,113
104,148,112
108,152,118
110,153,118
110,153,116
109,150,115
104,147,112
104,147,110
109,153,118
106,150,110
107,152,116
110,152,118
105,147,110
104,148,110
108,149,113
108,153,115
107,149,117
106,148,110
108,153,116
106,147,113
107,148,112
105,150,111
108,150,118
105,149,115
106,147,112
109,153,114
109,150,117
109,152,113
109,152,119
105,148,115
105,148,109
108,152,112
105,147,114
109,151,113
105,150,114
108,153,114
106,151,111
110,152,115
104,148,113
107,152,112
109,150,114
106,148,116
106,147,114
110,153,119
110,153,115
108,153,117
104,147,113
104,147,109
105,149,109
108,149,117
107,150,118
107,150,110
104,148,109
106,151,116
110,152,119
107,148,116
106,147,111
109,151,119
110,151,117
110,154,117
104,146,111
107,152,117
107,151,118
105,150,110
110,151,116
104,149,111
109,153,119
106,150,117
110,154,118
104,149,112
104,146,110
108,151,119
108,151,111
106,149,117
106,149,109
108,149,112
105,147,109
110,154,116
109,150,118
108,153,113
104,146,112
107,149,110
107,148,111
110,151,118
104,149,110
105,150,115
108,150,111
109,154,116
108,152,119
105,146,112
109,153,113
109,154,117
107,151,110
111,153,118
105,146,111
106,147,115
104,149,113
104,148,114
110,151,115
108,153,118
106,150,109
110,154,119
110,152,114
106,151,110
109,150,113
105,147,115
111,153,117
103,147,110
104,146,109
109,154,115
105,149,116
107,152,111
111,154,118
106,148,109
110,153,120
110,153,114
111,153,119
103,146,110
104,147,108
104,147,114
103,147,111
105,146,113
107,149,118
110,154,115
109,154,118
109,152,120
109,152,112
111,154,119
111,154,117
106,147,110
105,148,116
105,148,108
108,150,119
103,147,109
108,152,111
104,148,108
106,152,113
106,152,114
109,151,112
104,146,113
103,146,111
103,146,109
104,149,109
110,152,120
105,146,110
106,151,117
105,150,109
108,149,118
110,151,119
108,148,115
107,152,118
108,148,114
107,153,114
107,148,117
107,153,115
105,149,108
111,153,116
105,151,112
105,151,113
106,148,117
106,152,112
108,153,112
106,152,115
103,147,112
104,149,114
111,152,118
109,153,120
109,154,114
109,149,116
109,149,115
107,147,114
107,147,113
111,152,117
111,153,120
109,150,119
109,151,120
111,154,120
111,154,116
110,154,120
110,151,114
105,150,116
107,153,113
107,153,116
103,148,110
103,147,108
105,151,111
103,146,112
103,146,108
105,151,114
108,148,116
105,146,114
108,148,113
103,148,111
108,149,111
105,147,108
107,151,119
104,146,108
109,154,119
107,150,119
107,150,109
111,152,119
107,148,110
108,153,119
106,150,118
106,147,116
109,149,117
104,148,115
109,149,114
109,153,112
103,148,109
107,147,115
107,147,112
110,154,114
111,155,118
103,145,110
108,154,115
108,154,116
111,152,116
108,151,120
108,151,110
106,149,118
106,149,108
106,152,111
105,146,109
106,152,116
110,155,117
110,152,113
106,151,109
109,150,112
104,145,111
103,148,112
111,155,119
104,149,108
104,150,111
104,150,112
110,155,118
110,150,117
103,145,109
110,150,116
104,146,114
108,152,120
107,152,110
107,149,109
104,145,110
110,153,121
110,153,113
106,146,113
111,155,117
106,146,112
105,147,116
108,150,110
111,153,115
104,147,115
104,147,107
103,147,113
103,145,111
107,153,112
107,153,117
105,151,110
108,154,114
107,151,109
108,154,117
105,151,115
106,147,109
110,155,116
104,148,107
105,149,117
106,150,108
110,151,120
109,154,113
104,145,112
104,150,110
104,150,113
105,150,108
104,149,115
110,155,119
111,154,121
111,154,115
111,152,120
108,148,117
103,148,108
106,148,108
110,150,118
110,150,115
108,148,112
111,155,120
112,154,119
110,152,121
103,147,107
103,146,113
103,146,107
111,153,121
106,151,118
106,146,114
104,145,109
103,145,108
106,146,111
107,152,119
108,153,111
109,152,121
109,152,111
112,154,118
108,152,110
105,148,117
105,148,107
109,149,118
109,151,111
109,149,113
108,149,119
107,147,116
107,149,119
110,154,121
111,155,116
107,147,111
112,154,120
103,148,113
109,154,120
102,146,109
105,146,115
107,148,118
108,150,120
111,152,115
103,145,112
110,151,113
112,155,119
110,155,115
108,154,113
102,146,110
105,149,107
108,154,118
109,153,121
106,152,110
105,150,117
106,152,117
104,146,107
104,150,109
102,146,108
102,145,109
104,150,114
112,155,120
112,155,118
109,150,120
104,145,113
106,148,118
112,153,119
109,155,116
109,155,117
111,151,118
112,154,117
108,153,120
111,151,117
107,153,111
112,153,118
110,154,113
107,153,118
110,155,120
102,145,110
102,145,108
105,151,109
105,151,116
105,146,108
103,149,110
105,145,112
103,149,111
105,145,111
110,150,119
104,149,107
109,151,121
106,147,117
105,147,107
111,155,121
108,149,110
110,150,114
103,147,114
104,148,116
102,146,111
112,154,121
106,146,115
107,148,109
103,148,107
109,155,115
109,155,118
106,146,110
112,153,120
104,145,108
111,153,114
102,147,109
104,146,115
103,145,107
109,153,111
102,147,110
107,151,120
111,151,119
111,151,116
102,146,107
112,155,121
112,155,117
111,152,121
103,149,109
103,149,112
106,151,108
106,150,119
109,154,112
112,153,117
111,155,115
110,152,112
107,152,109
109,150,111
105,145,113
107,150,120
107,150,108
105,145,110
102,147,108
108,148,118
111,154,122
111,154,114
102,145,111
102,145,107
108,148,111
110,153,122
110,153,112
103,147,106
103,146,114
103,146,106
104,147,116
104,147,106
103,148,114
110,155,114
104,149,116
108,154,112
103,145,113
108,154,119
110,151,121
102,147,111
104,148,106
109,149,119
108,152,121
111,156,118
105,147,117
111,153,122
103,144,110
106,147,108
104,150,108
108,151,121
108,151,109
106,149,119
106,149,107
109,149,112
106,153,114
107,147,117
104,150,115
111,156,119
107,147,110
106,153,113
103,144,109
105,150,107
112,154,116
109,155,114
109,155,119
111,152,114
105,152,113
107,149,108
105,152,112
112,156,119
109,154,121
112,153,121
102,146,112
105,149,118
102,144,109
106,152,109
111,156,117
108,150,109
106,153,115
104,145,114
107,151,108
110,154,122
108,153,110
110,155,121
103,149,108
106,152,118
103,149,113
112,156,120
106,151,119
103,144,111
110,152,122
106,150,107
105,146,116
102,144,108
107,154,115
102,147,107
107,152,120
105,152,114
106,153,112
112,156,118
107,154,114
111,156,120
111,151,120
108,147,114
