185,70,120
185,70,125
185,70,115
185,70,130
185,70,110
190,70,125
190,70,120
190,70,130
185,70,135
190,70,115
190,70,135
190,75,125
185,70,105
190,75,130
185,65,120
185,65,115
190,75,120
190,70,110
180,70,120
185,65,125
190,75,135
185,70,140
180,70,115
180,70,125
185,65,110
180,65,115
180,65,120
190,70,140
185,75,125
190,75,115
180,65,110
185,65,130
185,75,120
180,70,110
185,75,130
180,65,125
190,75,140
180,70,130
190,70,105
185,70,100
185,65,105
185,75,115
180,65,105
185,75,135
185,65,135
190,75,110
180,65,130
185,70,145
190,70,145
180,70,105
180,70,135
190,75,145
195,75,130
185,65,100
185,75,110
195,75,125
180,65,100
195,75,135
190,70,100
190,65,120
185,75,140
190,65,125
195,75,120
190,65,115
185,70,95
180,65,135
185,65,140
195,70,125
195,75,140
190,75,105
190,65,130
180,70,100
195,70,130
195,70,120
190,70,150
190,65,110
195,75,115
195,70,135
180,70,140
185,75,105
185,70,150
185,65,95
190,75,150
180,65,95
195,70,115
190,65,135
195,75,145
185,75,145
190,65,105
175,65,115
195,70,140
190,70,95
175,65,110
180,65,140
175,65,120
185,65,145
195,75,110
195,70,110
190,65,140
190,75,100
180,70,95
175,65,105
185,70,90
175,65,125
195,75,150
195,70,145
190,70,155
180,75,120
180,75,125
190,65,100
185,75,100
180,70,145
185,65,90
190,80,130
180,65,90
190,75,155
190,80,125
180,75,115
190,80,135
195,70,105
180,75,130
175,65,100
185,70,155
185,75,150
195,80,130
195,75,105
180,60,115
195,80,135
175,70,115
180,60,110
190,65,145
175,70,120
190,80,120
175,65,130
180,60,120
180,65,145
195,80,125
190,80,140
190,70,90
185,65,150
195,80,140
175,70,110
180,75,110
180,60,105
195,70,150
175,70,125
180,75,135
190,65,95
195,75,155
180,60,125
190,75,95
195,80,120
180,70,90
190,80,115
185,60,115
175,65,95
185,60,120
195,70,100
180,60,100
195,80,145
185,60,110
175,70,105
190,80,145
185,70,85
185,75,95
190,70,160
175,70,130
185,65,85
185,60,125
175,65,135
180,70,150
180,65,85
190,65,150
180,60,130
195,75,100
180,75,105
190,75,160
185,60,105
195,80,115
175,60,110
180,75,140
175,60,115
200,75,130
185,75,155
195,70,155
200,75,135
185,60,130
175,60,105
200,75,125
180,60,95
195,65,125
190,80,110
195,80,150
195,65,120
185,70,160
190,65,90
175,60,120
180,65,150
175,70,100
200,75,140
185,65,155
195,65,130
185,80,125
185,60,100
185,80,130
195,75,160
195,65,115
190,70,85
190,80,150
175,70,135
200,75,120
175,65,90
195,70,95
175,60,100
180,60,135
185,80,120
185,80,135
195,65,135
185,60,135
175,60,125
200,75,145
195,80,110
195,65,110
190,75,90
175,65,140
180,75,100
180,70,85
190,65,155
200,75,115
180,60,90
180,75,145
185,60,95
195,75,95
185,80,115
185,65,80
195,80,155
195,65,140
175,60,95
185,75,90
200,80,135
185,80,140
190,70,165
180,65,80
195,70,160
200,80,130
190,80,105
180,70,155
195,65,105
185,70,80
175,70,95
200,80,140
200,75,150
190,75,165
175,60,130
200,70,130
200,80,125
200,70,125
190,65,85
180,60,140
185,60,140
175,70,140
190,80,155
200,70,135
185,75,160
200,75,110
200,80,145
200,70,120
195,75,165
195,70,90
175,65,85
195,65,145
195,80,105
180,65,155
185,80,110
185,65,160
190,60,120
185,60,90
190,60,115
200,70,140
200,80,120
175,60,90
185,80,145
170,65,110
185,70,165
195,65,100
190,60,125
170,65,115
200,70,115
180,60,85
190,70,80
190,60,110
180,75,95
200,75,155
175,65,145
200,80,150
195,80,160
170,65,105
190,65,160
170,65,120
175,60,135
190,60,130
180,75,150
200,70,145
190,60,105
190,75,85
185,60,145
195,75,90
190,80,100
200,75,105
195,70,165
200,80,115
200,70,110
180,70,80
175,70,90
195,65,150
180,60,145
185,65,75
170,65,100
190,60,135
175,70,145
185,80,105
170,65,125
190,80,160
185,75,85
195,65,95
190,65,80
180,65,75
185,60,85
200,80,155
190,60,100
175,60,85
200,70,150
170,60,110
185,80,150
195,80,100
200,75,160
180,70,160
170,60,105
195,70,85
190,75,170
170,60,115
185,70,75
175,65,80
175,75,120
195,75,170
200,70,105
180,60,80
175,75,115
185,75,165
175,75,125
200,80,110
175,60,140
170,60,100
190,60,140
170,65,95
200,75,100
195,80,165
170,60,120
195,65,155
180,65,160
180,75,90
185,60,150
170,65,130
195,85,135
190,60,95
175,65,150
195,85,130
190,65,165
175,75,110
195,85,140
175,75,130
200,70,155
200,80,160
190,70,75
180,75,155
195,65,90
180,60,150
190,80,95
170,60,95
195,70,170
195,85,125
185,80,100
175,70,85
195,75,85
200,70,100
185,60,80
170,60,125
195,85,145
200,75,165
175,60,80
190,60,145
185,80,155
190,75,80
175,70,150
190,80,165
200,80,105
190,65,75
180,80,125
170,70,115
175,75,105
170,65,90
195,80,95
180,70,75
190,60,90
175,75,135
185,65,70
180,80,120
170,70,110
195,85,120
180,80,130
170,70,120
170,65,135
190,85,130
180,60,75
190,85,135
195,65,160
195,70,80
200,75,95
175,60,145
180,65,70
170,60,90
195,85,150
200,70,160
185,75,80
200,85,135
200,85,140
190,85,125
185,60,155
175,65,75
190,85,140
200,80,165
180,80,115
170,70,105
170,60,130
200,85,130
180,80,135
170,70,125
195,80,170
195,65,85
200,70,95
200,85,145
180,55,110
190,60,150
180,55,115
180,55,105
180,75,85
195,85,115
200,65,125
190,85,120
200,85,125
205,75,135
180,60,155
205,75,130
175,75,100
200,65,130
175,65,155
200,65,120
180,55,120
190,85,145
175,55,110
185,60,75
200,75,170
175,75,140
190,60,85
205,75,140
175,55,105
205,80,135
185,80,95
200,85,150
205,80,140
205,75,125
195,85,155
200,80,100
180,55,100
175,55,115
200,65,135
175,60,75
190,80,90
180,80,110
170,70,100
180,75,160
205,80,130
200,65,115
170,65,85
180,80,140
170,70,130
170,60,85
175,55,100
175,70,80
205,75,145
205,80,145
185,80,160
195,75,80
180,55,125
200,70,165
170,65,140
205,75,120
175,55,120
195,65,165
200,85,120
195,60,120
205,80,125
200,65,140
195,60,125
170,60,135
195,60,115
200,75,90
200,65,110
180,55,95
195,80,90
190,85,115
175,70,155
190,80,170
190,65,70
175,55,95
175,60,150
205,80,150
195,60,130
200,85,155
190,85,150
200,80,170
180,60,70
200,70,90
205,75,150
195,60,110
190,60,155
195,85,110
185,60,160
195,65,80
195,70,75
205,80,120
180,55,130
205,75,115
175,55,125
200,65,145
185,55,115
195,60,135
185,55,110
180,80,105
170,70,95
200,65,105
175,75,95
195,85,160
190,60,80
180,80,145
170,70,135
195,60,105
185,55,120
175,75,145
180,55,90
200,85,115
195,80,175
185,55,105
205,80,155
175,65,70
175,55,90
205,75,155
200,75,175
170,60,80
200,80,95
185,60,70
185,55,125
190,85,110
205,80,115
200,85,160
195,60,140
205,75,110
185,55,100
200,65,150
170,65,80
200,70,170
175,55,130
180,55,135
195,60,100
175,60,70
190,85,155
185,80,90
180,75,80
200,65,100
170,60,140
195,65,170
170,65,145
185,55,130
170,55,105
170,55,110
190,80,85
195,85,105
205,80,160
205,70,130
180,55,85
190,60,160
200,75,85
185,80,165
200,70,85
205,70,135
175,55,85
185,55,95
205,70,125
170,55,100
205,75,160
