30,115,130
30,110,130
30,120,130
30,115,135
30,120,135
35,120,135
30,105,130
35,115,135
30,110,135
35,125,135
30,125,135
35,110,135
30,125,130
30,100,130
30,105,135
35,130,135
30,130,135
35,120,140
35,125,140
35,105,135
35,115,130
35,115,140
30,110,125
35,130,140
35,110,130
30,130,130
30,105,125
35,120,130
30,115,125
30,100,135
30,135,135
35,135,135
35,105,130
35,110,140
30,100,125
35,135,140
35,125,130
30,120,125
30,120,140
30,125,140
30,115,140
30,130,125
35,100,130
30,95,125
30,130,140
35,140,140
30,135,130
35,135,130
35,130,130
30,110,140
30,125,125
30,135,140
30,105,140
35,140,135
35,125,145
30,140,140
30,130,120
35,130,145
35,120,145
35,130,125
30,135,125
30,125,120
35,135,145
35,135,125
25,110,130
25,115,130
35,115,145
35,110,125
25,105,130
35,105,125
25,120,130
35,115,125
35,140,145
25,110,125
25,105,125
30,105,120
30,140,135
25,115,125
30,100,120
35,140,130
30,110,120
40,125,140
40,120,140
25,100,125
35,110,145
25,100,130
35,100,125
25,125,130
35,120,125
40,130,140
40,115,140
35,145,145
30,95,120
25,120,125
35,130,120
30,115,120
30,130,115
30,125,115
30,135,120
25,95,125
25,115,135
25,120,135
40,120,135
40,135,140
40,115,135
35,135,120
25,95,130
25,110,135
25,130,130
40,110,140
40,125,135
35,95,125
25,125,135
30,140,130
35,125,125
30,125,145
30,130,145
40,110,135
30,120,145
25,125,125
25,105,135
30,90,120
40,125,145
30,120,120
40,130,145
35,145,140
35,140,125
30,135,145
40,130,135
25,130,135
40,140,140
30,115,145
40,120,145
40,135,145
25,105,120
25,100,120
25,110,120
25,100,135
25,130,125
40,105,135
30,140,145
40,115,145
40,140,145
30,110,145
25,95,120
35,130,115
25,135,135
35,125,120
30,125,110
40,135,135
25,125,120
30,135,115
30,130,110
25,115,120
30,140,125
30,120,115
35,145,135
40,140,135
30,145,145
35,135,115
40,110,145
25,90,120
40,145,145
25,130,120
25,135,130
35,140,120
25,120,120
35,130,150
40,135,130
35,135,150
35,125,150
30,145,140
25,120,140
25,125,115
40,115,130
25,125,140
25,115,140
35,140,150
35,125,115
40,110,130
40,120,130
35,120,150
40,145,140
25,130,140
40,140,130
35,145,130
25,110,140
30,140,120
30,120,110
35,145,150
35,130,110
30,125,105
40,105,130
30,135,110
40,125,130
25,120,115
25,135,125
35,115,150
25,135,140
30,130,105
25,105,140
40,130,150
40,135,150
25,130,115
30,145,135
35,105,120
40,125,150
40,135,125
35,135,110
35,110,120
35,150,150
40,140,150
35,100,120
40,145,135
25,140,140
30,100,115
40,100,130
40,130,130
40,120,150
35,140,115
25,125,110
30,105,115
30,95,115
25,100,115
35,115,120
40,145,150
25,95,115
40,140,125
25,105,115
35,145,125
35,95,120
35,125,110
25,135,120
25,120,110
30,110,115
35,150,145
40,115,150
30,140,115
30,120,105
30,145,130
30,90,115
25,140,135
25,90,115
25,110,115
40,150,150
35,120,120
40,130,125
25,130,110
30,130,150
40,135,120
30,135,105
35,130,105
30,125,150
30,135,150
40,145,130
30,125,100
30,115,115
25,85,115
30,120,150
30,140,150
35,150,140
25,115,115
30,130,100
40,150,145
25,125,105
25,140,130
35,135,105
30,115,150
25,135,115
30,145,150
40,140,120
35,145,120
35,140,110
25,120,105
30,145,125
35,120,115
35,125,105
40,130,120
30,115,110
30,110,150
30,140,110
25,125,145
30,150,150
25,120,145
25,115,110
25,130,145
30,120,100
35,150,135
40,150,140
40,145,125
25,115,145
25,130,105
25,135,145
25,140,125
45,130,145
45,125,145
40,135,115
45,135,145
45,120,145
25,110,145
45,125,140
40,110,125
25,140,145
30,150,145
45,120,140
40,115,125
30,135,100
45,130,140
40,105,125
45,140,145
35,130,100
35,120,110
25,135,110
30,145,120
25,125,100
20,105,125
30,125,95
20,110,125
45,115,140
45,115,145
20,100,125
35,145,115
25,105,145
40,120,125
25,120,100
20,115,125
40,140,115
25,145,145
45,135,140
35,135,155
30,115,105
20,110,130
25,115,105
20,115,130
30,130,95
40,150,135
35,130,155
35,140,155
40,100,125
40,135,155
35,150,130
40,130,115
20,105,130
40,140,155
40,130,155
20,120,130
35,140,105
35,125,155
30,150,140
25,140,120
35,145,155
20,95,125
45,145,145
35,135,100
20,120,125
45,110,140
40,145,155
20,100,130
40,125,155
45,130,150
45,135,150
30,140,105
40,145,120
35,125,100
45,140,140
20,105,120
40,125,125
20,125,130
35,120,155
25,145,140
20,100,120
35,150,155
45,125,150
45,140,150
40,150,155
20,110,120
25,130,100
30,120,95
20,90,125
20,95,120
40,120,155
20,125,125
20,95,130
25,95,110
40,135,110
45,120,150
45,145,150
25,100,110
45,145,140
35,115,155
25,90,110
35,155,155
20,130,130
20,115,120
30,145,115
30,150,135
35,120,105
40,150,130
40,155,155
25,135,105
20,90,120
20,115,135
25,145,135
35,150,125
25,115,100
45,140,135
25,105,110
20,120,135
45,120,135
20,110,135
30,115,100
40,125,120
25,125,95
45,115,150
25,140,115
45,115,135
45,125,135
25,85,110
45,150,150
20,125,120
30,135,95
35,145,110
20,125,135
25,120,95
20,105,135
20,120,120
40,130,110
40,140,110
35,155,150
20,130,125
35,130,95
30,125,90
45,110,135
40,155,150
45,130,135
20,130,135
35,100,115
45,145,135
35,105,115
25,110,110
20,100,135
30,95,110
40,145,115
30,130,90
30,150,130
30,100,110
35,140,100
35,95,115
25,145,130
45,150,145
30,140,100
30,90,110
35,110,115
45,140,130
35,135,95
20,120,115
20,135,135
20,125,115
45,105,135
35,155,145
20,100,115
45,135,135
25,130,95
40,150,125
30,105,110
20,95,115
35,125,95
20,130,120
20,105,115
30,145,110
40,155,145
40,125,115
35,150,120
35,90,115
30,135,155
40,135,105
30,120,90
20,90,115
30,130,155
25,135,100
25,140,110
30,140,155
35,120,100
30,85,110
25,110,105
25,115,95
30,125,155
20,110,115
35,115,115
20,135,130
30,145,155
45,145,130
45,150,140
25,130,150
30,115,95
45,135,155
25,125,150
45,140,155
30,110,110
25,135,150
25,145,125
30,120,155
45,130,155
30,150,125
20,85,115
35,155,140
45,135,130
25,120,150
20,120,110
35,145,105
45,145,155
25,125,90
30,150,155
25,140,150
25,120,90
40,130,105
20,125,110
20,115,115
45,125,155
40,155,140
45,140,125
20,130,115
40,140,105
25,115,150
30,135,90
30,115,155
20,120,140
45,150,155
20,115,140
20,125,140
25,145,150
20,135,125
30,155,155
40,145,110
20,110,140
20,130,140
35,115,110
40,150,120
45,120,155
25,110,150
25,110,100
40,125,110
35,130,90
30,125,85
30,110,105
45,150,135
25,150,150
45,155,155
35,150,115
30,140,95
20,105,140
35,140,95
30,145,105
20,135,140
35,155,135
20,115,110
25,145,120
25,140,105
45,135,125
45,145,125
25,130,90
30,130,85
30,155,150
20,120,105
30,150,120
25,135,95
40,155,135
35,135,90
25,115,90
20,125,105
20,100,140
20,130,110
20,135,120
20,140,140
25,150,145
35,120,95
35,125,90
40,135,100
45,155,150
40,105,120
40,110,120
45,140,120
45,115,130
40,140,160
30,120,85
30,115,90
40,135,160
45,120,130
40,145,160
30,155,145
40,100,120
45,110,130
35,115,105
35,145,100
40,130,160
40,150,160
20,115,105
40,115,120
20,140,135
45,150,130
