172,72,181
171,72,181
173,72,181
174,72,181
170,72,181
173,72,182
171,72,180
175,72,181
169,72,181
172,72,182
172,72,180
174,72,182
170,72,180
173,73,182
171,71,180
171,72,182
172,73,182
174,73,182
170,71,180
172,71,180
173,72,180
175,72,182
172,71,181
172,73,181
169,72,180
171,71,181
173,73,181
173,71,181
171,73,181
175,73,182
171,73,182
173,71,180
169,71,180
176,72,181
168,72,181
170,71,181
174,73,181
170,72,182
174,71,181
174,72,180
170,73,181
176,72,182
168,72,180
176,73,182
170,73,182
174,71,180
168,71,180
169,71,181
175,73,181
175,71,181
169,73,181
169,72,182
175,72,180
177,72,182
167,72,181
177,72,181
167,72,180
174,73,183
170,71,179
177,73,182
169,73,182
175,71,180
167,71,180
173,73,183
171,71,179
175,73,183
169,71,179
168,71,181
176,73,181
176,71,181
168,73,181
172,73,183
172,71,179
176,73,183
168,71,179
173,71,182
168,72,182
171,73,180
172,71,182
172,73,180
174,71,182
176,72,180
170,73,180
178,72,182
174,72,183
170,72,179
166,72,180
171,71,182
173,72,183
171,73,183
171,72,179
173,71,179
175,72,183
173,73,180
178,72,181
166,72,181
169,72,179
177,73,183
168,73,182
178,73,182
175,71,182
166,71,180
176,71,180
167,71,179
167,71,181
169,73,180
172,72,183
177,73,181
172,72,179
177,71,181
176,72,183
167,73,181
170,71,182
168,72,179
173,74,182
171,70,180
174,74,182
174,73,180
172,74,182
170,70,180
176,71,182
172,70,180
170,73,183
171,72,183
174,71,179
168,73,180
167,72,182
173,72,179
178,73,183
175,74,182
166,71,179
177,72,183
169,70,180
171,74,182
177,72,180
173,70,180
174,74,183
179,72,182
167,72,179
170,70,179
173,74,183
175,74,183
169,71,182
165,72,180
169,70,179
171,70,179
179,73,182
167,73,182
177,71,180
165,71,180
166,71,181
175,73,180
176,74,182
177,71,182
170,72,183
178,73,181
168,70,180
172,74,183
176,74,183
179,72,181
165,72,181
178,71,181
170,74,182
168,70,179
172,70,179
174,70,180
174,72,179
167,73,180
169,73,183
166,73,181
178,72,183
175,71,179
179,73,183
172,70,181
172,74,181
166,72,179
171,70,181
173,74,181
165,71,179
173,70,181
171,74,181
177,74,183
171,74,183
168,71,182
173,70,179
167,70,179
177,74,182
170,70,181
167,70,180
166,72,182
174,74,181
176,73,180
169,74,182
174,70,181
175,70,180
169,72,183
170,74,181
178,72,180
178,71,182
180,72,182
175,72,179
175,73,184
169,71,178
164,72,180
169,70,181
165,71,181
166,73,180
179,72,183
180,73,182
166,73,182
174,73,184
178,71,180
164,71,180
170,71,178
175,74,181
178,74,183
170,74,183
176,73,184
168,71,178
168,73,183
166,70,179
174,70,179
179,73,181
175,70,181
179,71,181
165,72,179
176,71,179
169,74,181
173,73,184
180,73,183
171,71,178
164,72,181
180,72,181
165,73,181
177,73,184
166,70,180
178,74,182
164,71,179
167,71,178
167,71,182
176,70,180
168,74,182
168,70,181
168,72,183
172,73,184
175,74,184
176,74,181
174,71,183
177,73,180
169,70,178
173,71,183
172,71,178
174,74,184
179,71,182
176,74,184
170,70,178
176,70,181
175,71,183
168,70,178
178,73,184
170,73,179
169,74,183
179,74,183
171,73,179
176,72,179
166,71,178
165,72,182
168,74,181
172,71,183
165,70,179
175,70,179
169,73,179
173,74,184
180,72,183
177,74,184
171,70,178
165,73,180
176,71,183
167,70,178
179,72,180
172,73,179
181,72,182
167,73,183
171,73,184
164,72,179
164,71,181
171,71,183
168,73,179
167,70,181
165,70,180
173,71,178
163,72,180
165,73,182
181,73,182
179,71,180
163,71,180
179,74,182
177,71,179
172,74,184
181,73,183
179,73,184
177,74,181
172,70,178
178,74,184
177,70,180
166,71,182
180,73,181
180,71,181
175,72,184
173,73,179
167,74,182
177,71,183
166,70,178
165,71,178
174,72,184
177,70,181
163,71,179
169,72,178
176,72,184
170,72,178
167,72,183
164,73,181
167,74,181
168,72,178
173,72,184
167,73,179
170,71,183
180,74,183
168,74,183
178,73,180
173,70,182
163,72,181
181,72,181
180,71,182
172,70,182
171,72,178
164,70,179
176,70,179
177,72,184
170,73,184
174,70,182
171,74,184
171,74,180
172,74,180
177,72,179
173,70,178
171,70,182
167,72,178
179,74,184
181,72,183
174,71,178
170,74,180
174,73,179
172,72,184
178,71,183
165,70,178
166,70,181
180,73,184
175,70,182
164,73,180
173,74,180
172,72,178
164,72,182
178,72,184
164,71,178
164,70,180
178,74,181
169,74,180
170,70,182
163,72,179
174,75,183
166,73,183
166,73,179
180,74,182
178,70,181
169,71,183
175,75,183
173,75,183
166,72,178
182,72,182
180,72,180
178,70,180
174,74,180
171,72,184
178,71,179
176,70,182
166,74,182
182,73,183
165,71,182
163,71,181
170,74,184
170,69,179
166,74,181
169,69,179
176,75,183
164,73,182
182,73,182
171,69,179
162,71,180
180,71,180
169,73,184
174,70,178
162,72,180
180,74,184
172,75,183
175,73,179
173,72,178
162,71,179
179,71,183
166,72,183
168,74,180
181,74,183
167,74,183
173,75,182
181,71,181
181,73,181
169,70,182
179,72,184
164,70,178
177,70,179
163,70,179
174,75,182
168,69,179
175,71,178
172,75,182
172,69,179
171,69,180
179,73,180
181,71,182
181,73,184
170,69,180
177,75,183
163,73,181
165,70,181
172,69,180
175,74,180
165,72,178
175,75,182
177,70,182
171,75,183
178,72,179
165,73,179
170,72,184
182,72,183
168,71,183
171,75,182
163,71,178
169,69,180
167,69,179
162,72,181
181,72,180
175,75,184
173,69,180
173,69,179
179,74,181
174,75,184
176,75,184
167,74,180
163,73,180
179,70,181
169,74,184
163,70,180
168,70,182
174,72,178
176,75,182
169,69,178
180,72,184
181,74,182
175,70,178
168,69,180
181,74,184
162,72,179
178,75,183
168,69,178
170,69,178
176,73,179
170,75,182
173,75,184
177,75,184
180,71,183
179,70,180
168,73,184
165,73,183
163,72,182
170,75,183
165,74,181
174,69,180
163,70,178
166,69,179
165,74,182
176,74,180
178,70,182
164,71,182
167,69,178
171,69,178
176,74,185
164,72,178
174,69,179
168,70,177
183,73,183
179,71,179
175,74,185
176,71,178
169,70,177
182,72,181
169,72,184
177,74,185
166,74,183
182,74,183
180,72,179
167,70,177
182,73,184
177,75,182
178,75,184
172,75,184
162,71,181
165,72,183
176,73,185
162,70,179
178,70,179
168,71,177
175,73,185
167,69,180
174,74,185
169,71,177
164,73,179
167,71,183
161,71,179
170,70,177
177,73,185
163,73,182
182,73,181
161,71,180
180,71,179
164,70,181
166,74,180
167,71,177
178,74,185
169,75,182
167,70,182
161,72,180
172,69,178
166,69,178
166,70,177
174,73,185
175,69,180
182,71,182
181,71,180
162,71,178
179,75,183
181,73,180
170,71,177
180,73,180
175,72,178
181,72,184
178,73,185
168,74,184
169,75,183
165,69,179
173,74,185
166,71,177
183,72,183
179,72,179
171,70,177
180,74,181
179,75,184
171,75,184
180,70,181
175,69,179
162,73,181
182,74,184
176,70,178
173,73,185
179,74,185
181,71,183
177,74,180
172,69,181
177,73,179
172,75,181
179,70,182
165,70,177
171,71,177
171,69,181
173,75,181
178,75,182
166,69,180
162,70,180
167,73,184
173,69,181
162,70,178
171,75,181
165,69,178
173,69,178
162,73,180
179,73,185
163,72,178
175,71,184
168,72,184
174,71,184
170,69,181
