131,186,188
131,187,188
131,185,188
132,187,189
130,185,187
132,186,189
132,188,189
130,184,187
130,186,187
130,186,188
132,186,188
131,187,189
131,185,187
131,184,188
131,188,188
130,185,188
132,187,188
131,186,189
130,187,188
131,186,187
132,185,188
131,188,189
131,184,187
132,185,189
132,189,189
130,183,187
130,187,187
130,184,188
131,185,189
130,188,188
132,188,188
133,187,189
131,189,189
131,187,187
129,185,187
132,184,188
132,188,190
131,183,187
130,184,186
133,188,189
129,184,187
133,188,190
129,184,186
133,186,189
129,186,187
132,187,190
130,185,186
132,189,190
130,183,186
131,183,188
131,188,187
133,187,190
133,189,190
129,183,186
129,185,186
132,184,189
132,189,188
130,182,187
130,187,186
129,183,187
130,187,189
133,189,189
132,186,190
132,185,187
129,187,187
133,185,189
132,190,190
130,186,186
130,183,188
131,184,189
130,182,186
130,186,189
130,188,187
131,189,188
130,188,189
132,186,187
133,186,190
133,190,190
132,188,187
129,182,186
129,186,186
131,187,186
132,184,187
132,183,188
131,182,187
129,186,188
133,186,188
131,188,190
131,184,186
129,185,188
133,187,188
131,187,190
129,187,188
133,185,188
131,189,190
131,185,186
130,185,189
131,183,186
130,189,189
132,187,187
134,188,190
128,184,186
129,182,187
131,182,188
131,188,186
132,183,187
132,185,190
133,189,191
129,183,185
129,187,186
133,189,188
134,189,190
132,190,189
134,187,190
129,184,188
128,183,186
130,186,185
133,184,189
128,185,186
131,186,190
133,188,191
129,184,185
129,188,188
133,188,188
133,190,191
130,181,186
129,182,185
133,185,190
133,190,189
129,181,186
129,186,185
131,190,190
131,186,186
133,184,188
132,183,189
132,189,187
130,181,187
130,187,185
131,182,186
130,182,188
131,183,189
134,189,191
128,183,185
130,188,186
131,189,187
134,187,189
130,184,189
128,185,187
134,190,190
132,188,186
128,182,186
131,187,185
134,188,191
134,190,191
134,186,190
128,186,186
133,187,191
132,189,191
128,182,185
128,184,185
130,189,188
134,188,189
132,182,188
133,191,191
129,185,185
130,183,185
131,181,187
128,184,187
134,186,189
129,181,185
128,186,187
132,187,186
132,188,191
132,190,191
130,184,185
129,183,188
130,182,185
131,185,190
132,182,187
129,188,187
131,190,189
133,188,187
129,181,187
134,187,191
134,191,191
132,184,190
131,186,185
128,181,185
128,185,185
128,183,187
134,189,189
129,187,185
133,183,188
132,190,188
132,187,191
128,187,187
133,189,187
134,185,189
131,181,186
132,191,191
130,186,184
133,183,189
130,185,185
133,184,190
133,190,188
128,181,186
129,180,186
129,186,184
130,180,186
134,190,189
133,186,191
128,186,185
130,181,185
131,181,188
131,188,185
134,185,190
133,191,190
129,185,184
129,187,189
130,183,189
129,180,185
130,188,190
133,185,187
129,186,189
130,187,190
132,184,186
130,189,187
129,188,189
130,189,190
133,186,187
132,182,189
132,189,186
130,180,187
130,187,184
130,181,188
131,182,189
132,185,186
133,184,187
128,182,187
129,182,188
130,188,185
134,186,191
134,191,190
131,189,186
135,189,191
131,184,190
132,183,186
132,186,191
132,187,185
128,180,185
128,185,184
128,187,186
134,189,188
127,183,185
129,188,186
132,191,190
135,190,191
132,188,185
129,185,189
134,190,192
128,182,184
131,190,188
131,187,184
135,188,191
130,186,190
135,188,190
132,181,187
134,184,189
130,185,184
127,182,185
132,181,188
129,189,189
127,184,185
131,180,187
130,190,190
128,186,188
134,186,188
134,189,192
133,188,186
128,183,184
134,191,192
128,181,184
133,187,187
135,189,190
127,184,186
131,189,191
131,186,184
130,180,185
135,187,190
128,185,188
132,186,186
134,187,188
133,190,192
128,187,188
131,188,191
129,182,184
127,183,186
133,182,188
133,183,187
128,180,186
131,183,185
134,185,188
127,185,186
129,180,187
131,190,191
133,185,191
132,182,186
132,183,190
133,189,192
131,180,186
128,186,184
133,191,192
134,190,188
129,183,184
135,191,191
133,191,189
129,187,184
131,184,185
129,181,184
135,187,191
132,190,187
127,181,185
134,184,190
131,182,185
129,185,183
127,185,185
134,188,192
133,189,186
134,192,192
128,184,184
128,184,188
129,179,185
129,184,189
135,190,190
128,180,184
130,186,183
130,185,190
133,183,190
133,190,187
129,179,186
129,186,183
131,187,191
135,190,192
133,182,189
127,182,186
128,188,188
134,188,188
135,186,190
127,182,184
130,182,189
128,181,187
130,179,186
127,186,186
131,191,191
133,188,192
129,189,188
132,185,191
135,189,192
135,191,192
130,190,189
134,184,188
133,192,192
134,185,191
134,191,189
127,181,184
127,183,184
129,184,184
128,187,185
128,179,185
128,185,183
131,185,185
130,189,186
133,187,186
132,191,189
129,180,184
134,189,187
132,186,185
129,181,188
131,180,188
131,188,184
131,181,185
131,183,190
130,185,183
133,182,187
134,183,189
135,191,190
127,180,185
129,188,185
132,181,186
128,183,188
134,187,192
135,186,191
135,188,192
135,192,192
131,190,187
132,187,184
135,187,189
127,185,184
130,180,188
131,181,189
131,186,191
134,192,191
127,180,184
127,184,184
128,184,183
130,179,185
132,181,189
132,189,185
130,187,183
130,179,187
127,181,186
127,185,187
135,188,189
135,190,189
128,179,184
128,188,187
130,188,184
131,189,185
133,187,192
135,186,189
131,191,190
132,190,192
127,186,185
127,184,187
132,180,187
134,188,187
129,183,189
135,185,190
133,188,185
127,186,187
130,184,190
133,192,191
132,189,192
128,179,186
130,182,184
131,186,183
132,191,192
133,184,191
129,184,183
132,188,184
131,187,183
128,186,183
131,185,184
134,183,188
133,191,188
130,183,184
129,189,187
133,181,188
130,190,188
132,180,188
129,179,184
134,190,187
131,179,187
130,181,184
131,179,186
135,189,189
127,183,187
129,185,182
134,183,190
129,179,187
131,180,185
132,182,190
132,188,192
128,180,187
127,187,187
135,187,192
135,192,191
135,185,189
129,178,185
129,187,183
132,184,191
127,179,184
127,184,183
132,190,186
132,192,192
133,187,185
136,189,191
132,186,184
128,182,188
128,187,184
130,184,184
127,179,185
134,184,191
134,191,188
131,185,191
132,191,188
128,178,185
128,185,182
130,181,189
134,186,192
135,191,189
133,189,185
136,190,191
136,190,192
127,185,183
133,182,190
133,190,186
129,186,182
129,178,186
129,188,190
136,188,191
127,180,186
130,186,182
134,192,190
135,185,191
130,180,184
133,181,187
128,188,186
133,181,189
126,183,185
129,187,190
133,186,192
128,184,182
134,189,186
136,191,192
132,180,186
131,191,189
136,189,192
130,178,186
130,189,185
127,186,184
129,189,190
126,182,184
134,191,193
135,190,188
128,181,183
128,178,184
135,191,193
127,182,187
127,181,183
126,182,185
129,180,188
133,184,186
126,184,185
133,192,190
131,182,190
130,185,182
132,187,192
134,190,193
128,187,189
126,181,184
134,188,186
135,190,193
128,182,183
126,183,184
134,192,193
134,182,189
130,189,191
135,192,193
135,189,188
127,182,183
133,185,186
127,187,186
135,184,190
127,180,183
128,180,183
128,186,189
129,182,189
136,191,191
130,183,190
130,188,191
129,184,182
129,186,190
134,185,187
132,192,191
129,188,184
133,183,186
128,188,189
130,178,185
131,190,186
136,187,191
130,190,191
131,185,183
135,184,189
136,192,192
134,186,187
129,190,190
134,182,188
126,181,185
136,188,192
129,178,184
132,183,185
131,179,188
131,188,183
134,184,187
126,185,185
129,189,186
130,184,183
134,189,193
132,187,183
130,190,187
136,188,190
126,180,184
135,186,192
135,192,190
135,189,193
128,185,189
132,184,185
126,184,184
134,193,193
