165,73,125
165,73,124
165,73,126
165,73,123
165,73,127
166,73,126
164,73,124
166,73,125
164,73,125
166,74,126
164,72,124
166,73,127
165,73,122
165,73,128
164,73,123
166,74,125
166,74,127
164,72,123
164,72,125
166,73,124
164,73,126
165,72,125
165,74,125
165,72,124
165,74,126
166,74,124
166,74,128
164,72,122
164,72,126
166,73,128
164,73,122
165,72,126
166,73,123
165,74,124
165,72,123
164,73,127
165,74,127
165,73,121
165,73,129
165,72,127
166,74,123
166,74,129
164,72,121
164,72,127
165,74,123
165,72,122
165,74,128
166,73,129
164,73,121
167,74,127
163,72,123
167,74,126
163,72,124
166,73,122
164,73,128
167,74,128
163,72,122
167,74,125
163,72,125
165,72,128
165,74,122
165,72,121
166,74,122
166,74,130
165,74,129
164,72,120
164,72,128
167,74,129
163,72,121
165,73,120
165,73,130
167,74,124
163,72,126
166,73,130
164,73,120
166,73,121
167,73,126
166,72,125
163,73,124
167,73,127
164,73,129
164,74,125
166,72,126
163,73,123
167,73,125
166,72,124
164,74,124
163,73,125
164,74,126
167,74,130
165,72,129
167,73,128
163,72,120
166,72,127
165,74,121
167,74,123
163,73,122
165,72,120
167,73,124
166,75,126
166,75,127
163,72,127
164,74,123
166,72,123
167,75,127
164,71,124
163,73,126
164,71,123
165,74,130
164,74,127
163,71,123
166,74,121
166,74,131
164,72,119
164,72,129
167,75,126
167,75,128
166,75,125
163,71,122
163,71,124
166,75,128
164,71,125
164,71,122
167,73,129
166,72,128
166,73,131
165,73,119
165,73,131
163,73,121
167,75,125
167,75,129
167,73,123
164,74,122
163,71,121
163,71,125
166,72,122
164,73,119
166,73,120
166,75,124
163,73,127
164,71,126
167,74,131
166,75,129
164,74,128
164,73,130
164,71,121
163,72,119
167,74,122
165,72,130
163,72,128
167,75,124
167,75,130
165,74,120
165,72,119
167,73,130
163,71,120
163,71,126
166,72,129
165,74,131
168,74,127
163,73,120
162,72,123
166,75,123
167,73,122
164,71,127
164,74,121
166,72,121
168,74,128
166,74,120
166,74,132
162,72,122
164,72,118
164,72,130
166,75,130
168,74,126
164,71,120
162,72,124
165,71,124
165,75,126
165,71,125
163,73,128
165,75,125
165,71,123
164,74,129
165,75,127
168,74,129
162,72,121
168,75,128
166,73,132
168,75,127
162,71,122
168,74,125
162,71,123
167,74,132
165,71,126
162,72,125
167,75,123
167,75,131
165,75,124
165,73,118
165,73,132
163,71,119
163,71,127
166,73,119
168,75,129
163,72,118
165,71,122
167,74,121
164,73,118
168,75,126
165,75,128
162,71,121
162,71,124
167,73,131
166,72,130
163,72,129
164,73,131
168,74,130
164,71,128
166,75,122
165,72,131
162,72,120
163,73,119
167,73,121
164,71,119
165,71,127
168,74,124
166,75,131
168,75,130
166,72,120
164,74,120
165,72,118
165,75,123
162,71,120
168,75,125
165,74,119
162,72,126
162,71,125
165,71,121
165,75,129
163,73,129
165,74,132
164,74,130
166,74,119
166,74,133
164,72,117
164,72,131
167,75,122
167,75,132
167,72,126
168,74,131
163,71,118
163,71,128
167,72,125
168,75,131
162,72,119
165,71,128
167,72,127
167,74,133
162,71,119
168,75,124
163,74,124
168,74,123
163,74,125
167,72,124
167,73,132
165,75,122
162,71,126
166,72,131
166,73,133
167,74,120
164,71,129
165,71,120
163,72,117
162,72,127
168,73,127
163,74,123
168,73,126
166,75,121
164,71,118
167,72,128
163,74,126
165,75,130
162,73,123
168,73,128
166,73,118
163,72,130
162,73,124
166,75,132
167,73,120
164,73,117
166,72,119
163,73,118
168,73,125
165,73,117
165,73,133
164,74,119
167,72,123
162,73,122
163,74,122
165,72,132
164,73,132
162,73,125
168,74,132
168,73,129
168,75,132
163,73,130
165,72,117
163,74,127
168,75,123
165,71,129
164,74,131
162,71,118
165,74,118
167,72,129
167,76,127
167,76,128
168,73,124
162,72,118
162,73,121
167,75,121
167,75,133
168,74,122
162,71,127
163,71,117
163,71,129
165,75,121
165,74,133
167,76,126
165,71,119
167,76,129
163,70,123
163,70,122
167,72,122
162,73,126
166,71,125
162,72,128
166,71,124
163,74,121
168,73,130
163,70,124
166,74,118
166,74,134
164,72,116
164,72,132
166,71,126
165,75,131
164,75,125
168,76,128
163,70,121
167,73,133
164,71,130
164,75,126
166,72,132
167,74,134
166,71,123
168,76,127
168,76,129
167,76,125
166,75,120
168,73,123
163,74,128
164,75,124
162,73,120
167,76,130
164,71,117
162,70,122
167,74,119
167,72,130
164,75,127
163,72,116
169,75,128
166,75,133
161,71,122
166,71,127
162,70,121
162,70,123
163,70,125
168,75,133
167,73,119
169,75,129
168,74,133
168,76,126
168,76,130
161,71,121
166,72,118
166,73,134
163,70,120
169,75,127
161,71,123
166,76,127
163,73,117
162,73,127
168,75,122
163,72,131
166,71,122
164,74,118
162,71,117
165,71,130
166,76,126
164,75,123
167,72,121
166,76,128
168,73,131
166,73,117
162,70,120
162,70,124
164,70,123
169,75,130
162,71,128
161,71,120
163,74,120
168,74,121
162,72,117
164,70,124
164,73,116
167,76,124
169,75,126
164,70,122
164,75,128
161,71,124
167,76,131
166,76,125
165,71,118
165,75,120
165,72,133
163,73,131
166,71,128
165,73,116
165,73,134
167,75,120
167,75,134
168,76,125
168,76,131
169,74,128
164,74,132
163,70,126
169,74,127
166,76,129
168,73,122
164,73,133
163,71,116
163,71,130
161,72,122
164,70,125
162,73,119
161,72,123
163,70,119
162,72,129
169,74,129
165,72,116
163,74,129
164,70,121
169,75,131
166,71,121
162,70,119
162,70,125
161,72,121
165,74,117
164,75,122
167,72,131
169,74,126
165,75,132
161,71,119
169,75,125
161,72,124
166,76,124
161,71,125
165,74,134
162,73,128
164,71,131
169,74,130
167,73,134
164,70,126
164,75,129
166,72,133
166,76,130
168,73,132
168,75,134
161,72,120
167,76,123
167,72,120
166,75,119
166,71,129
169,74,125
164,70,120
164,71,116
168,76,124
168,76,132
167,74,135
168,74,134
167,76,132
166,74,117
166,74,135
164,72,115
164,72,133
168,75,121
163,70,127
163,74,119
161,72,125
162,71,116
169,75,132
165,71,131
166,75,134
163,70,118
167,73,118
162,70,118
162,70,126
167,74,118
166,72,117
161,71,118
169,76,129
166,71,120
169,76,128
162,71,129
169,74,131
163,72,115
168,73,121
169,75,124
168,74,120
164,75,121
163,73,116
166,76,123
162,73,118
162,72,116
161,70,121
164,74,117
161,70,122
164,70,127
169,76,130
161,71,126
165,71,117
169,76,127
161,72,119
163,72,132
166,73,135
165,75,119
169,74,124
163,74,130
167,72,132
166,76,131
161,70,120
164,70,119
161,70,123
164,75,130
167,75,119
167,75,135
166,73,116
161,72,126
162,72,130
163,73,132
169,76,131
163,71,115
163,71,131
166,71,130
162,73,129
164,74,133
168,76,123
168,76,133
169,76,126
167,76,122
164,73,115
165,75,133
169,75,133
165,72,134
168,73,133
169,74,132
161,70,119
163,70,128
167,76,133
161,70,124
167,72,119
162,70,117
162,70,127
165,73,115
165,73,135
163,70,117
161,71,117
164,73,134
168,72,126
165,72,115
169,75,123
165,70,124
165,76,126
166,71,119
168,72,127
168,75,135
165,70,123
165,76,127
164,70,128
161,72,118
164,71,132
166,76,122
163,74,118
169,74,123
168,72,125
165,74,116
165,70,125
164,75,120
165,76,125
