94,170,146
94,170,147
94,170,145
94,170,144
94,170,148
95,171,147
93,169,145
94,171,147
94,169,145
95,171,146
95,171,148
93,169,146
93,169,144
94,171,146
94,169,146
94,171,148
94,169,144
93,170,146
95,170,146
93,170,145
95,170,147
94,171,145
94,169,147
95,171,145
95,171,149
93,169,147
93,169,143
93,170,147
95,170,145
94,170,143
94,170,149
93,170,144
95,170,148
94,171,149
94,169,143
94,171,144
93,170,148
95,170,144
94,169,148
95,172,148
93,168,144
95,172,147
93,168,145
95,171,144
95,171,150
93,169,142
93,169,148
93,170,143
95,172,149
95,170,149
93,168,143
95,172,146
93,168,146
94,170,142
94,170,150
94,171,150
94,169,142
93,170,149
95,172,150
96,171,147
93,168,142
96,172,148
95,170,143
92,169,145
96,171,148
94,171,143
92,168,144
92,169,144
94,169,149
96,172,149
96,172,147
92,168,145
92,168,143
96,171,146
95,172,145
92,169,146
93,168,147
93,170,142
93,171,146
95,171,143
95,171,151
93,169,141
93,169,149
93,171,147
95,169,146
96,171,149
95,170,150
95,169,145
92,169,143
94,172,147
94,172,148
94,168,145
93,171,145
94,168,144
96,172,150
96,172,146
92,168,146
92,168,142
95,169,147
93,171,148
94,172,146
94,171,151
95,169,144
95,172,151
96,171,145
92,169,147
94,168,146
94,172,149
93,168,141
94,169,141
94,168,143
94,170,141
94,170,151
93,170,150
92,169,142
96,171,150
93,171,144
95,172,144
95,170,142
95,169,148
94,172,145
94,171,142
93,168,148
93,171,149
96,172,151
96,172,145
92,168,141
92,168,147
94,168,147
94,169,150
94,172,150
95,169,143
93,170,141
92,170,145
96,170,147
94,168,142
92,169,148
92,170,146
96,170,146
96,171,144
95,171,142
95,171,152
93,169,140
93,169,150
96,173,149
95,170,151
92,167,143
96,173,148
92,167,144
92,170,144
96,170,148
95,172,152
93,171,143
96,173,150
92,170,147
92,167,142
96,170,145
92,169,141
95,173,148
93,168,140
96,171,151
94,172,144
93,167,144
95,173,149
96,173,147
93,167,143
92,167,145
95,169,149
93,171,150
94,171,152
95,173,147
94,168,148
94,172,151
93,167,145
92,170,143
95,172,143
95,173,150
96,172,152
96,172,144
94,169,140
95,169,142
92,168,140
92,168,148
96,170,149
93,170,151
96,173,151
93,167,142
92,167,141
92,170,148
93,168,149
94,168,141
94,170,140
94,170,152
96,170,144
95,170,141
92,169,149
96,173,146
94,171,141
92,167,146
95,173,146
96,171,143
93,167,146
97,172,148
95,173,151
93,171,142
97,172,149
94,169,151
93,170,140
91,168,144
93,167,141
94,172,143
92,170,142
91,168,143
97,172,147
92,169,140
96,173,152
95,170,152
95,172,153
95,171,141
95,171,153
96,171,152
93,169,151
93,169,139
93,171,151
96,170,150
95,169,150
91,168,145
97,172,150
92,167,140
97,173,149
92,170,149
94,172,152
93,168,139
94,168,149
91,168,142
91,167,143
97,173,150
97,173,148
95,173,145
96,170,143
96,173,145
91,167,144
91,167,142
95,169,141
96,172,153
96,172,143
97,172,146
92,167,147
92,168,149
92,168,139
93,172,147
93,167,147
94,171,153
95,173,152
95,172,142
94,168,140
91,168,146
93,172,148
93,172,146
97,173,151
97,173,147
97,172,151
95,168,145
97,171,148
93,167,140
92,169,150
93,168,150
93,170,152
91,167,145
91,167,141
97,171,147
91,168,141
94,169,139
95,168,144
95,168,146
92,170,141
91,169,144
96,171,142
91,169,145
93,172,149
93,171,141
96,173,153
97,171,149
93,172,145
94,173,148
95,170,140
91,169,143
97,171,146
94,173,149
94,172,142
92,167,139
94,171,140
96,170,151
94,173,147
94,170,139
94,170,153
92,170,150
97,172,145
94,167,144
91,169,146
92,171,146
95,168,143
95,173,144
92,169,139
91,168,147
95,168,147
94,167,143
97,173,152
97,173,146
92,171,147
93,171,152
94,167,145
92,171,145
96,169,146
93,170,139
96,173,144
95,169,151
91,167,140
91,167,146
96,171,153
94,169,152
96,170,142
94,173,150
94,172,153
96,174,149
96,169,145
92,166,143
97,171,150
95,172,154
94,173,146
96,169,147
96,174,150
92,166,142
97,172,152
93,172,150
91,169,142
93,167,148
95,173,153
92,167,148
94,168,150
91,168,140
93,172,144
92,171,148
95,170,153
97,171,145
96,174,148
91,169,147
94,167,142
92,171,144
92,166,144
95,171,140
95,171,154
93,169,138
93,169,152
93,168,138
94,167,146
96,174,151
95,169,140
92,166,141
96,172,154
96,172,142
93,167,139
92,168,150
92,168,138
96,169,144
95,168,142
96,169,148
94,168,139
97,174,150
95,168,148
97,174,149
94,173,151
91,166,142
92,170,140
91,166,143
95,172,141
94,173,145
96,174,147
96,173,154
97,174,151
97,172,144
97,173,153
97,173,145
92,169,151
91,168,148
92,166,145
94,171,154
91,169,141
92,171,149
91,166,141
97,171,151
96,174,152
92,171,143
91,167,147
91,167,139
97,174,148
93,172,151
92,167,138
94,167,141
93,168,151
91,166,144
92,166,140
93,171,140
92,170,151
96,171,141
95,173,143
93,172,143
96,170,152
91,169,148
93,170,153
94,167,147
97,171,144
94,172,141
96,169,143
94,169,138
97,172,153
91,168,139
97,174,152
96,169,149
96,173,143
95,174,149
91,166,140
95,173,154
92,169,138
95,174,150
93,171,153
95,170,139
96,170,141
96,174,146
93,166,143
95,174,148
94,173,152
95,168,141
93,167,149
97,174,147
92,167,149
94,171,139
94,173,144
94,172,154
93,166,142
91,166,145
95,168,149
93,166,144
92,166,146
95,169,152
92,171,150
96,171,154
96,174,153
94,170,154
94,170,138
94,168,151
93,170,138
92,171,142
91,170,145
97,170,147
95,174,151
91,169,140
95,172,155
95,174,147
92,166,139
93,167,138
91,170,146
97,170,146
91,170,144
97,171,152
97,170,148
94,169,153
97,174,153
94,167,140
97,173,154
97,173,144
93,166,141
93,172,152
91,168,149
93,166,145
98,173,149
97,172,143
94,167,148
91,166,139
95,169,139
91,169,149
91,167,148
91,167,138
92,170,139
98,173,150
96,172,141
96,172,155
96,169,142
93,172,142
92,168,137
92,168,151
95,170,154
93,168,137
94,168,138
91,170,147
97,171,143
96,173,155
96,169,150
95,171,155
95,171,139
98,173,148
93,169,137
93,169,153
91,170,143
97,174,146
97,170,145
95,174,152
97,170,149
96,174,145
90,167,143
98,173,151
91,166,146
95,174,146
90,167,142
95,173,142
95,172,140
92,170,152
94,173,153
92,169,152
92,167,137
91,168,138
97,172,154
90,167,144
94,173,143
96,170,153
92,166,147
93,166,140
98,172,149
96,174,154
93,171,139
95,168,140
98,172,148
92,171,151
93,166,146
98,173,147
90,167,141
94,171,155
91,170,148
94,172,140
96,171,140
96,173,142
98,174,150
95,168,150
92,171,141
91,170,142
93,168,152
95,173,155
97,174,154
98,172,150
98,174,151
98,174,149
92,166,138
91,169,139
97,170,144
98,173,152
98,172,147
93,170,154
90,168,143
93,167,150
97,170,150
90,167,145
90,168,144
91,166,138
96,170,140
90,166,142
92,167,150
93,171,154
95,174,153
94,167,139
92,169,137
97,171,153
90,168,142
90,166,143
90,166,141
94,169,137
95,174,145
90,167,140
94,172,155
93,172,153
97,174,145
91,169,150
94,167,149
90,168,145
98,174,152
98,174,148
96,169,141
97,173,155
97,173,143
98,172,151
93,172,141
93,173,148
95,169,153
91,168,150
98,173,146
91,167,149
91,167,137
95,170,138
96,169,151
91,166,147
93,173,147
