176,168,49
176,167,49
176,169,49
176,166,49
176,170,49
176,165,49
176,171,49
177,169,49
175,167,49
177,168,49
175,168,49
177,170,49
175,166,49
177,167,49
175,169,49
177,171,49
175,165,49
176,164,49
176,172,49
177,169,50
176,168,48
176,168,50
175,167,48
177,166,49
175,170,49
177,168,50
177,170,50
177,172,49
176,167,48
176,169,50
175,166,48
175,168,48
176,169,48
176,167,50
175,164,49
176,166,48
176,170,50
177,167,50
177,171,50
175,165,48
175,169,48
176,170,48
176,166,50
176,163,49
176,173,49
177,165,49
175,171,49
177,173,49
175,163,49
176,165,48
176,171,50
177,166,50
177,172,50
175,164,48
175,170,48
176,171,48
176,165,50
176,164,48
177,164,49
176,172,50
177,165,50
177,173,50
175,171,48
175,163,48
176,172,48
175,172,49
176,164,50
177,174,49
176,162,49
176,174,49
175,162,49
177,169,48
178,170,50
174,166,48
175,167,50
177,168,48
178,169,50
174,167,48
178,171,50
177,170,48
174,165,48
175,168,50
175,166,50
178,170,49
174,166,49
178,169,49
174,167,49
177,167,48
178,171,49
176,163,48
174,165,49
178,168,50
174,168,48
178,172,50
176,173,50
175,169,50
177,164,50
177,174,50
177,171,48
175,162,48
175,172,48
174,164,48
176,173,48
175,165,50
176,163,50
178,168,49
177,163,49
174,168,49
178,172,49
175,173,49
174,164,49
177,175,49
177,166,48
175,161,49
178,167,50
174,169,48
175,170,50
178,173,50
177,172,48
176,161,49
176,175,49
174,163,48
178,167,49
175,164,50
174,169,49
178,173,49
174,163,49
176,162,48
177,165,48
176,174,50
178,166,50
177,163,50
177,175,50
175,161,48
175,173,48
176,174,48
174,170,48
175,171,50
178,174,50
177,173,48
178,166,49
176,162,50
174,162,48
174,170,49
175,163,50
177,162,49
178,174,49
174,162,49
175,174,49
177,176,49
175,160,49
177,164,48
178,165,50
177,169,51
176,160,49
176,176,49
174,171,48
178,165,49
175,172,50
178,175,50
177,174,48
177,170,51
177,168,51
175,167,47
174,161,48
175,166,47
176,161,48
174,171,49
175,168,47
178,175,49
175,162,50
177,162,50
177,176,50
176,175,50
177,171,51
175,160,48
175,174,48
176,175,48
177,167,51
174,161,49
175,165,47
175,169,47
176,161,50
177,161,49
177,172,51
177,163,48
177,166,51
175,164,47
178,170,51
178,164,50
175,170,47
177,177,49
175,175,49
178,164,49
178,169,51
178,171,51
176,168,47
176,168,51
174,172,48
178,176,50
175,173,50
177,175,48
174,166,47
176,167,47
176,169,51
176,169,47
176,167,51
175,159,49
174,165,47
174,167,47
174,160,48
174,172,49
178,176,49
178,168,51
178,172,51
176,166,47
176,170,51
175,161,50
176,170,47
177,173,51
176,166,51
174,164,47
174,168,47
178,170,48
175,163,47
174,160,49
177,165,51
176,160,48
178,169,48
179,171,50
173,165,48
175,176,49
175,171,47
178,171,48
179,170,50
173,166,48
179,172,50
173,164,48
174,166,50
177,161,50
177,177,50
176,176,50
176,176,48
175,159,48
175,175,48
178,167,51
178,173,51
174,167,50
176,165,47
178,168,48
176,171,51
174,165,50
179,169,50
176,171,47
173,167,48
174,169,47
174,163,47
178,172,48
176,160,50
177,162,48
176,165,51
179,173,50
173,163,48
174,168,50
178,163,50
178,163,49
174,164,50
178,167,48
174,173,48
178,177,50
177,176,48
177,174,51
175,174,50
179,168,50
177,160,49
175,162,47
173,168,48
176,164,47
178,173,48
178,166,51
178,174,51
177,164,51
174,159,48
179,174,50
175,172,47
174,173,49
176,172,51
174,169,50
178,177,49
173,162,48
176,177,49
176,172,47
174,175,49
174,170,47
174,162,47
175,160,50
176,164,51
174,163,50
179,171,49
179,170,49
173,165,49
178,166,48
174,159,49
179,172,49
173,166,49
173,164,49
179,167,50
179,169,49
173,169,48
178,174,48
173,167,49
179,175,50
176,159,48
174,170,50
179,173,49
176,163,47
173,161,48
178,165,51
178,175,51
173,163,49
177,161,48
176,173,51
176,177,50
175,176,48
177,175,51
174,175,48
175,161,47
175,176,50
174,176,49
176,173,47
179,168,49
174,162,50
174,171,47
174,161,47
177,163,51
175,173,47
178,162,50
178,162,49
176,163,51
173,168,49
178,165,48
179,174,49
177,177,48
178,178,50
174,174,48
179,166,50
175,175,50
173,162,49
179,171,51
177,169,47
178,178,49
173,170,48
174,158,48
174,174,49
177,168,47
179,170,51
178,175,48
179,172,51
179,176,50
174,171,50
177,170,47
173,165,47
179,167,49
175,167,51
173,166,47
173,164,47
173,160,48
175,168,51
175,159,50
177,167,47
176,162,47
179,169,51
175,166,51
173,169,49
179,173,51
177,171,47
179,175,49
174,158,49
178,164,51
178,176,51
175,177,49
174,161,50
173,167,47
176,174,51
173,175,49
175,169,51
173,163,47
176,174,47
174,160,47
174,172,47
173,161,49
178,164,48
175,165,51
175,160,47
177,166,47
177,176,51
179,168,51
176,162,51
179,174,51
175,174,47
179,165,50
177,162,51
177,172,47
179,166,49
173,168,47
177,160,48
175,170,51
173,162,47
173,171,48
178,176,48
179,177,50
174,172,50
178,161,49
178,161,50
175,164,51
173,170,49
174,176,48
175,177,50
179,176,49
173,175,48
177,165,47
174,176,50
173,159,48
176,177,48
177,178,50
179,167,51
173,174,48
176,161,47
173,176,49
179,175,51
174,175,50
177,173,47
177,178,49
173,160,49
174,160,50
173,169,47
175,171,51
178,163,51
178,177,51
173,174,49
173,161,47
176,175,51
176,175,47
178,163,48
174,159,47
174,173,47
179,165,49
175,163,51
179,164,50
175,159,47
177,164,47
176,161,51
177,177,51
179,166,51
175,175,47
173,171,49
178,177,48
179,177,49
173,172,48
177,161,51
179,178,50
179,176,51
177,174,47
174,177,49
174,173,50
173,170,47
175,172,51
172,175,49
173,160,47
173,158,48
173,159,49
176,160,47
175,162,51
174,159,50
179,164,49
177,163,47
178,162,51
178,178,51
178,162,48
175,177,48
176,176,47
176,176,51
176,178,50
173,176,48
174,177,50
179,165,51
174,158,47
174,174,47
172,175,48
172,174,48
173,176,50
173,175,50
176,178,49
179,163,50
179,177,51
179,171,48
177,175,47
179,170,48
172,174,49
179,178,49
173,171,47
173,172,49
175,173,51
179,172,48
180,172,50
176,160,51
172,164,48
180,171,50
175,158,47
172,165,48
172,176,49
173,159,47
178,178,48
179,169,48
180,173,50
172,163,48
179,179,50
173,173,48
176,177,51
178,170,52
173,165,50
174,175,47
178,171,52
179,173,48
174,174,50
177,169,52
180,170,50
178,169,52
173,166,50
172,166,48
177,170,52
173,164,50
177,168,52
175,161,51
180,174,50
173,158,49
172,162,48
179,168,48
178,172,52
173,167,50
173,157,48
175,167,46
177,162,47
178,168,52
177,171,52
175,166,46
174,166,46
175,168,46
180,169,50
177,167,52
174,165,46
173,163,50
179,163,49
176,159,47
174,167,46
179,174,48
172,167,48
179,164,51
174,158,50
175,165,46
180,175,50
173,177,49
175,169,46
173,168,50
172,161,48
178,173,52
174,164,46
179,178,51
178,161,48
174,168,46
177,176,47
179,167,48
178,167,52
177,172,52
177,178,51
171,175,49
173,172,47
178,170,47
175,176,47
175,174,51
178,169,47
175,176,51
177,166,52
173,174,47
180,168,50
180,172,51
173,162,50
178,171,47
179,179,49
179,162,50
173,158,47
175,164,46
180,171,51
173,173,49
180,173,51
172,164,47
172,168,48
178,168,47
179,175,48
174,163,46
