173,150,56
173,149,56
173,151,56
173,148,56
173,152,56
173,153,56
173,147,56
174,151,56
172,149,56
174,150,56
172,150,56
174,152,56
172,148,56
174,149,56
172,151,56
174,153,56
172,147,56
174,151,57
172,149,55
173,154,56
173,146,56
174,150,57
174,152,57
172,148,55
172,150,55
173,150,55
173,150,57
174,148,56
173,149,55
173,151,57
172,152,56
173,151,55
173,149,57
174,149,57
174,153,57
172,151,55
172,147,55
174,154,56
173,148,55
172,146,56
173,152,57
173,152,55
173,148,57
174,147,56
174,148,57
174,154,57
172,153,56
173,147,55
172,152,55
172,146,55
173,153,57
173,155,56
173,145,56
173,153,55
174,155,56
173,147,57
172,145,56
173,146,55
174,155,57
174,147,57
173,154,57
172,153,55
172,145,55
174,146,56
175,152,57
171,148,55
172,154,56
175,151,57
171,149,55
175,153,57
173,154,55
171,147,55
173,146,57
175,150,57
171,150,55
174,156,56
173,144,56
173,156,56
174,151,55
174,150,55
172,144,56
172,149,57
175,154,57
172,150,57
175,152,56
171,146,55
175,151,56
171,148,56
171,149,56
174,152,55
174,149,55
172,148,57
175,153,56
173,145,55
171,147,56
172,151,57
175,150,56
173,155,57
174,146,57
174,156,57
175,149,57
171,150,56
172,154,55
172,144,55
171,151,55
174,153,55
175,155,57
174,145,56
175,154,56
174,148,55
172,147,57
171,145,55
173,155,55
171,146,56
172,155,56
175,149,56
172,152,57
173,145,57
171,151,56
175,148,57
174,157,56
171,152,55
174,154,55
175,155,56
172,143,56
174,147,55
172,146,57
173,143,56
173,157,56
171,145,56
173,144,55
175,156,57
175,148,56
172,153,57
171,144,55
173,156,57
171,152,56
174,145,57
174,157,57
172,155,55
172,143,55
174,151,58
174,152,58
173,156,55
172,149,54
174,155,55
174,150,58
174,144,56
175,147,57
172,148,54
173,144,57
175,156,56
172,150,54
171,153,55
172,156,56
174,146,55
174,153,58
172,145,57
171,144,56
175,147,56
172,147,54
174,149,58
172,154,57
175,157,57
172,151,54
171,153,56
175,152,58
171,143,55
174,158,56
175,151,58
175,153,58
171,148,54
174,154,58
173,143,55
172,142,56
172,146,54
171,147,54
171,149,54
173,157,57
174,148,58
175,150,58
175,154,58
173,142,56
174,144,57
174,158,57
172,142,55
172,156,55
174,156,55
172,152,54
171,146,54
171,150,54
175,157,56
175,146,57
173,150,54
173,150,58
173,149,54
173,151,58
174,145,55
171,154,55
172,144,57
173,157,55
175,146,56
171,143,56
173,151,54
173,149,58
174,155,58
173,148,54
176,153,57
170,147,55
173,152,58
176,152,57
170,148,55
172,145,54
175,149,58
175,155,58
174,143,56
173,143,57
172,155,57
171,154,56
175,158,57
176,154,57
171,145,54
171,151,54
170,146,55
176,151,57
170,149,55
174,147,58
173,152,54
171,142,55
172,153,54
173,148,58
173,147,54
173,153,58
176,155,57
175,151,55
170,145,55
175,152,55
176,150,57
170,150,55
174,157,55
175,148,58
175,156,58
175,150,55
171,149,57
173,142,55
175,153,55
171,148,57
175,158,56
174,156,58
173,153,54
172,144,54
171,144,54
171,152,54
172,141,56
173,147,58
175,145,57
171,150,57
174,144,55
173,146,54
171,147,57
174,143,57
172,143,57
172,141,55
175,145,56
173,154,58
176,156,57
171,155,55
175,149,55
171,142,56
170,144,55
175,154,55
174,146,58
176,149,57
172,154,54
173,141,56
170,151,55
172,156,57
171,151,57
171,155,56
171,146,57
175,159,57
176,152,56
176,153,56
170,148,56
173,154,54
170,147,56
175,147,58
175,157,58
173,142,57
175,148,55
176,153,58
171,141,55
176,151,56
174,142,56
176,154,56
176,152,58
173,146,58
171,143,54
171,153,54
175,155,55
170,147,54
173,145,54
170,149,56
176,154,58
176,157,57
170,148,54
170,146,56
172,143,54
174,157,58
170,146,54
173,155,58
170,143,55
176,151,58
171,152,57
176,150,56
176,148,57
174,158,55
170,149,54
176,155,56
171,145,57
176,155,58
175,159,56
170,152,55
170,150,56
170,145,54
170,145,56
174,143,55
172,155,54
175,144,57
174,145,58
175,147,55
173,141,55
176,150,58
175,144,56
172,142,57
171,141,56
173,155,54
175,156,55
170,150,54
176,149,56
176,156,58
172,140,56
176,156,56
174,150,54
175,146,58
175,158,58
174,151,54
173,145,58
174,142,57
172,140,55
173,144,54
176,158,57
170,151,56
171,153,57
170,144,54
171,142,54
171,154,54
174,149,54
172,150,58
170,144,56
174,152,54
172,149,58
171,144,57
170,142,55
173,156,58
176,147,57
176,149,58
172,151,58
172,142,54
173,140,56
172,148,58
174,158,58
171,140,55
170,153,55
170,151,54
174,148,54
176,148,56
175,146,55
174,153,54
176,157,58
173,141,57
176,157,56
172,152,58
175,157,55
174,141,56
170,143,54
172,147,58
170,152,56
172,156,54
173,156,54
174,144,58
170,143,56
174,147,54
171,154,57
174,142,55
174,154,54
176,159,57
176,148,58
173,143,54
173,144,58
175,143,57
175,143,56
175,145,58
175,159,58
171,143,57
172,141,57
170,152,54
172,153,58
171,141,54
171,155,54
171,140,56
176,146,57
170,141,55
173,140,55
176,147,56
173,157,58
172,146,58
176,158,58
176,158,56
175,145,55
170,154,55
170,142,54
174,146,54
172,141,54
174,141,57
172,139,56
170,153,56
172,139,55
175,158,55
174,155,54
170,142,56
172,154,58
176,147,58
171,139,55
173,157,54
171,155,57
175,152,59
172,145,58
175,153,59
170,153,54
175,151,59
173,139,56
176,160,57
174,143,58
171,142,57
173,142,54
173,140,57
176,146,56
173,143,58
175,154,59
177,153,57
176,159,58
169,147,55
177,154,57
169,146,55
174,145,54
171,148,53
175,144,58
174,140,56
176,145,57
171,147,53
175,150,59
174,151,59
176,159,56
177,152,57
174,152,59
170,140,55
169,148,55
171,149,53
177,155,57
171,140,54
174,156,54
174,141,55
170,141,54
169,145,55
174,150,59
175,144,55
175,142,56
171,146,53
175,142,57
174,153,59
172,149,53
172,148,53
175,155,59
170,154,56
172,140,57
177,151,57
171,150,53
172,155,58
171,139,56
172,150,53
169,149,55
177,156,57
177,154,58
172,147,53
177,153,58
175,149,59
169,144,55
169,146,54
170,141,56
176,152,55
174,149,59
169,147,54
172,144,58
176,146,58
172,140,54
176,153,55
177,155,58
174,154,59
173,139,55
171,145,53
176,151,55
177,152,58
169,145,54
172,151,53
169,148,54
176,154,55
170,154,54
172,146,53
171,151,53
177,150,57
176,153,59
175,156,59
170,148,57
174,144,54
176,150,55
177,156,58
176,152,59
176,154,59
177,157,57
169,150,55
170,147,57
176,145,56
177,151,58
169,144,54
176,160,58
174,140,57
170,149,57
174,148,59
172,138,55
169,143,55
171,141,57
174,157,54
172,138,56
169,149,54
176,155,55
175,148,59
173,141,54
174,155,59
176,151,59
176,155,59
171,144,53
170,146,57
172,152,53
171,138,55
170,147,53
173,142,58
170,140,54
174,142,58
170,146,53
170,148,53
172,145,53
176,149,55
170,150,57
176,144,57
177,157,58
175,143,58
172,156,58
171,152,53
177,149,57
170,139,55
175,143,55
177,150,58
169,143,54
171,139,54
170,145,53
170,149,53
177,158,57
176,150,59
176,156,59
170,145,57
175,157,59
175,151,54
169,151,55
172,143,58
169,150,54
176,156,55
175,152,54
173,139,57
173,138,56
174,147,59
175,150,54
174,140,55
176,145,58
169,142,55
170,140,56
170,151,57
172,153,53
175,141,56
175,153,54
