60,110,135
60,115,135
60,120,135
60,115,140
60,120,140
55,105,130
55,110,130
60,125,140
60,125,135
55,115,130
55,110,135
55,115,135
60,110,130
65,115,140
65,120,140
60,115,130
55,120,135
60,130,140
55,120,130
65,125,140
55,105,125
60,130,135
65,120,145
60,120,130
65,125,145
55,125,135
55,110,125
65,130,140
65,115,135
65,130,145
60,135,140
60,120,145
55,125,130
65,120,135
60,125,145
55,115,125
55,115,140
55,120,140
60,125,130
55,130,135
60,130,145
65,135,145
60,135,135
65,135,140
65,125,135
55,125,140
50,100,125
50,105,125
60,140,140
60,135,145
55,120,125
55,130,130
50,105,130
50,110,125
50,110,130
65,140,145
55,130,140
60,105,125
55,135,135
65,130,135
65,125,150
50,115,130
60,110,125
60,130,130
65,130,150
70,120,145
70,125,145
65,140,140
50,115,125
60,140,145
60,135,130
50,100,120
55,100,120
65,135,150
70,130,145
55,135,140
60,115,125
50,120,130
55,105,120
55,125,125
50,105,120
60,140,135
65,145,145
70,125,150
65,110,130
70,120,140
55,130,125
70,130,150
65,140,150
70,135,145
50,110,135
50,120,125
65,115,130
65,135,135
55,110,120
70,125,140
50,115,135
55,135,130
50,110,120
60,145,145
70,135,150
50,125,130
60,120,125
60,125,150
60,120,150
60,130,125
55,140,140
50,120,135
55,120,145
55,115,145
65,140,135
65,120,130
60,130,150
55,125,145
70,130,140
65,145,150
70,140,145
70,140,150
55,115,120
60,135,125
60,135,150
50,115,120
65,145,140
55,130,145
50,125,135
55,125,120
50,125,125
60,140,130
50,130,130
60,145,140
65,125,130
70,135,140
60,140,150
55,130,120
65,135,130
55,135,145
60,125,125
70,145,150
55,135,125
55,140,135
65,150,150
50,130,135
50,95,115
70,145,145
50,100,115
70,130,155
65,140,130
50,120,120
55,120,120
65,130,155
70,135,155
65,125,155
60,130,120
60,145,150
55,140,145
70,115,135
65,135,155
50,125,120
65,145,135
50,105,115
70,120,135
50,115,140
50,110,140
70,140,155
50,130,125
70,150,150
65,130,130
70,140,140
50,120,140
65,140,155
60,145,135
50,135,135
55,125,115
60,135,120
65,150,145
60,140,125
55,140,130
70,125,135
50,125,140
70,145,155
45,95,120
45,100,120
60,150,150
60,125,120
55,145,145
70,145,140
60,100,120
75,130,150
45,100,125
65,145,155
65,135,125
60,105,120
45,105,125
55,135,120
50,110,115
55,130,115
45,105,120
75,135,150
50,120,115
50,130,140
45,110,125
55,95,115
55,120,115
55,100,115
60,110,120
75,125,145
70,150,155
70,150,145
70,130,135
50,135,130
45,110,120
65,140,125
65,150,155
75,130,145
50,125,115
50,130,120
75,140,150
70,140,135
45,95,115
65,145,130
75,130,155
45,115,125
65,130,125
55,105,115
65,150,140
60,150,145
60,130,115
55,120,150
75,135,155
55,145,140
65,105,125
60,145,130
55,125,150
45,100,115
50,135,140
65,110,125
45,105,130
55,130,150
60,125,155
75,135,145
60,130,155
50,115,115
55,140,125
75,140,155
60,115,120
45,110,130
45,115,120
60,135,155
70,145,135
70,155,155
65,115,125
60,140,120
45,105,115
55,125,110
75,145,150
55,135,150
65,155,155
60,135,115
45,120,125
45,115,130
60,125,115
70,135,135
55,110,115
75,145,155
60,140,155
50,140,140
50,135,125
55,135,115
50,120,110
65,135,120
70,150,140
75,140,145
55,140,150
55,130,110
60,150,140
45,120,130
55,145,135
70,135,160
70,130,160
55,120,110
60,145,155
45,110,115
65,120,125
70,140,160
50,130,115
65,150,135
45,120,120
70,140,130
50,125,110
50,90,110
75,150,155
60,120,120
75,150,150
70,155,150
50,95,110
45,125,125
65,155,150
50,115,145
50,120,145
60,145,125
75,120,140
70,145,160
65,140,120
65,130,120
65,145,125
55,145,150
50,115,110
75,125,140
50,125,145
45,125,130
50,140,135
55,140,120
60,150,155
45,90,110
55,115,115
50,100,110
75,145,145
45,95,110
65,130,160
60,130,110
65,135,160
75,135,160
50,130,145
70,150,160
70,135,130
70,145,130
70,110,130
75,130,140
75,140,160
70,115,130
45,110,135
45,105,135
45,115,115
65,140,160
50,135,120
75,155,155
45,115,135
60,150,135
55,150,150
65,125,125
60,140,115
55,145,130
45,100,110
70,150,135
75,145,160
45,120,115
50,135,145
65,145,160
55,125,105
45,125,120
70,120,130
45,130,130
60,155,155
75,150,145
65,155,145
50,105,110
45,120,135
70,155,145
60,125,110
60,135,110
50,120,105
70,155,160
55,135,110
65,150,130
50,140,130
75,135,140
60,120,115
75,150,160
65,135,115
50,130,110
65,150,160
70,140,125
45,125,135
50,140,145
45,105,110
55,130,105
55,120,105
75,145,140
50,125,105
55,150,145
50,115,105
60,145,120
55,115,110
70,125,130
75,155,150
45,115,110
60,155,150
70,160,160
65,145,120
55,140,115
65,130,115
75,155,160
45,130,125
65,155,160
65,140,115
70,135,125
80,130,155
80,135,155
45,130,135
50,110,110
50,135,115
60,150,130
55,145,125
45,125,115
65,125,120
65,155,140
50,145,145
45,120,110
70,145,125
75,140,140
80,140,155
75,150,140
70,155,140
80,130,150
70,150,130
50,140,125
55,125,155
45,110,110
80,135,150
55,130,155
55,150,140
60,130,105
65,160,160
75,160,160
70,160,155
55,135,155
80,145,155
60,140,110
70,130,130
60,155,145
45,135,135
60,100,115
65,150,125
75,155,145
80,140,150
60,130,160
75,145,135
50,120,100
60,135,160
60,120,110
50,145,140
45,130,120
55,140,155
80,135,160
55,95,110
55,135,105
55,125,100
50,130,105
80,140,160
60,125,105
60,105,115
60,140,160
45,110,140
45,115,105
60,135,105
45,115,140
45,85,105
80,145,160
80,150,155
70,140,120
55,115,105
55,100,110
45,120,140
45,90,105
70,135,165
60,145,115
70,140,165
55,145,155
50,110,105
50,115,100
65,160,155
65,135,110
75,115,135
60,145,160
65,155,135
75,140,135
75,120,135
40,90,115
50,125,100
45,125,110
40,95,115
75,140,165
75,135,165
60,150,125
50,120,150
40,95,120
80,145,150
55,145,120
70,145,165
75,160,155
55,120,100
55,140,110
40,100,120
50,125,150
55,130,100
55,150,135
45,135,130
45,120,105
75,145,165
45,125,140
50,135,110
70,160,150
45,110,105
70,155,135
40,100,115
65,145,115
50,140,120
45,95,105
65,105,120
75,150,135
80,150,160
50,130,150
60,155,140
65,125,115
70,135,120
75,125,135
60,110,115
40,105,120
70,150,165
60,150,160
75,150,165
50,145,135
55,150,155
80,125,145
65,130,110
70,130,125
65,110,120
55,105,110
45,130,140
80,130,145
65,140,110
70,150,125
50,135,150
70,145,120
40,105,115
80,155,155
40,90,110
75,155,140
45,130,115
70,155,165
40,110,120
75,155,165
80,155,160
65,160,150
40,95,110
60,155,160
40,100,125
45,100,105
80,150,150
80,135,145
50,140,150
40,105,125
75,130,135
75,145,130
50,90,105
65,150,120
55,155,155
45,135,140
45,135,125
75,160,150
65,115,120
40,110,115
45,115,100
60,140,105
40,110,125
65,135,165
40,100,110
55,150,130
70,160,145
70,160,165
65,140,165
50,95,105
40,115,120
65,155,130
60,130,100
75,160,165
60,115,115
50,130,100
60,120,105
75,140,130
50,145,130
45,125,105
60,155,135
50,120,95
50,145,150
65,145,165
60,160,160
50,110,100
60,150,120
55,135,100
55,145,115
80,140,145
55,110,110
80,160,160
50,140,115
80,140,165
45,110,100
40,115,125
80,155,150
80,145,165
