126,75,164
127,75,164
125,75,164
128,75,164
124,75,164
127,75,165
125,75,163
126,75,165
126,75,163
127,76,165
125,74,163
128,76,165
126,76,165
126,74,163
124,74,163
128,75,165
124,75,163
125,75,165
129,75,164
123,75,164
127,75,163
126,74,164
126,76,164
125,74,164
127,76,164
129,76,165
125,76,165
127,74,163
123,74,163
129,75,165
127,74,164
123,75,163
125,76,164
124,74,164
124,75,165
128,76,164
128,75,163
130,75,164
122,75,164
128,74,164
130,76,165
124,76,165
128,74,163
122,74,163
124,76,164
123,74,164
129,76,164
128,76,166
124,74,162
127,76,166
125,74,162
130,75,165
122,75,163
123,75,165
129,76,166
129,75,163
123,74,162
126,76,166
126,74,162
129,74,164
123,76,164
122,74,164
130,76,166
131,76,165
123,76,165
121,74,163
129,74,163
122,74,162
130,76,164
125,76,166
127,74,162
131,75,164
121,75,164
131,75,165
127,75,166
126,74,165
125,75,162
121,75,163
128,75,166
122,75,165
126,76,163
127,74,165
124,75,162
126,75,166
125,74,165
125,76,163
126,75,162
130,75,163
127,76,163
131,76,166
129,75,166
127,77,165
121,74,162
128,77,165
128,77,166
130,74,164
128,74,165
124,76,166
125,73,163
123,75,162
124,73,163
124,73,162
125,75,166
122,76,164
128,74,162
129,77,166
127,77,166
124,76,163
124,74,165
121,74,164
125,73,162
123,73,162
126,77,165
127,75,162
129,77,165
126,73,163
131,76,164
128,76,163
123,73,163
132,76,165
122,76,165
130,74,163
120,74,163
130,77,166
126,77,166
130,75,166
126,73,162
122,73,162
129,74,165
122,75,162
125,77,165
132,75,165
124,75,166
127,73,163
123,76,163
132,75,164
120,75,164
130,77,165
123,74,165
122,73,163
120,75,163
132,76,166
121,75,165
128,75,162
129,76,163
120,74,162
123,76,166
131,75,163
131,77,166
125,77,166
129,74,162
127,73,162
121,73,162
131,74,164
131,75,166
121,76,164
130,74,165
128,76,167
120,74,164
124,74,161
124,77,165
128,73,163
129,76,167
123,74,161
127,76,167
121,75,162
125,74,161
131,77,165
132,76,164
121,73,163
125,73,164
127,77,164
123,75,166
122,76,163
122,74,165
126,73,164
126,77,164
133,76,165
121,76,165
131,74,163
119,74,163
124,73,164
129,77,167
128,77,164
128,77,167
123,73,161
124,73,161
130,76,167
122,74,161
129,75,162
130,76,163
126,76,167
130,77,167
127,73,164
124,77,166
132,77,166
126,74,161
122,73,161
127,77,167
125,77,164
125,73,161
120,73,162
128,73,162
133,76,166
123,73,164
133,75,165
129,77,164
119,74,162
122,76,166
131,76,167
132,75,166
120,75,165
119,75,163
133,75,164
119,75,164
129,73,163
131,74,165
131,77,167
123,77,165
130,74,162
121,74,161
121,73,161
126,77,167
128,73,164
125,76,167
120,73,163
126,73,161
132,77,165
132,75,163
124,77,164
132,74,164
120,75,162
127,74,161
122,75,166
121,76,163
122,73,164
121,74,165
130,77,164
119,74,164
120,76,164
130,75,162
133,77,166
123,77,166
133,76,164
131,76,163
132,77,167
132,76,167
129,73,162
119,73,162
127,74,166
120,73,161
126,74,166
125,77,167
134,76,165
120,76,165
120,74,161
132,74,163
118,74,163
129,73,164
127,73,161
128,74,166
124,76,167
125,76,162
126,76,162
123,77,164
134,76,166
125,74,166
130,73,163
128,75,167
121,73,164
133,75,166
128,74,161
124,76,162
127,75,167
132,74,165
122,77,165
121,76,166
118,74,162
129,75,167
124,75,161
119,73,163
129,74,166
131,77,164
134,75,165
127,76,162
125,75,161
133,77,165
126,75,167
131,74,162
123,75,161
121,75,166
124,74,166
119,75,162
119,75,165
133,77,167
128,78,166
120,74,165
129,78,166
123,76,162
120,76,163
118,75,163
126,75,161
133,76,167
130,75,167
119,73,161
124,77,167
134,75,164
118,75,164
133,74,164
127,78,166
130,73,164
124,72,162
130,78,166
123,72,162
128,73,161
128,76,162
133,75,163
130,74,166
125,75,167
119,74,161
134,77,166
122,77,166
122,75,161
131,75,162
123,76,167
130,73,162
118,73,162
129,78,167
118,74,164
132,76,163
125,72,162
119,76,164
122,77,164
122,72,162
130,78,167
128,78,167
126,73,165
120,73,164
127,75,161
125,73,165
123,74,166
126,78,166
123,72,161
129,74,161
131,75,167
122,76,162
127,73,165
134,76,164
126,77,163
131,78,166
124,72,161
122,72,161
127,77,163
132,77,164
131,73,163
124,73,165
129,77,168
123,73,160
126,72,162
131,78,167
127,78,167
125,77,163
134,75,166
130,77,168
122,73,160
121,72,162
135,76,165
119,76,165
117,74,163
133,74,163
135,76,166
121,77,165
133,74,165
124,75,167
121,75,161
128,77,168
124,73,160
128,78,165
118,73,163
129,76,162
134,77,167
128,77,163
128,73,165
125,72,161
121,72,161
131,74,166
127,78,165
129,78,165
134,77,165
134,76,167
120,76,166
131,77,168
124,72,163
123,77,167
118,73,161
117,74,162
121,73,160
125,72,163
123,73,165
125,78,166
124,77,163
127,77,168
128,75,161
123,72,163
120,75,166
131,73,164
125,73,160
119,74,165
132,78,167
126,78,167
129,73,161
132,78,166
126,78,165
118,75,162
132,75,167
135,75,165
127,72,162
132,74,162
122,74,166
119,76,163
118,74,161
130,78,165
121,76,162
122,76,167
126,72,163
129,77,163
129,76,168
120,72,162
128,76,168
126,72,161
120,72,161
129,73,165
123,74,160
122,72,163
132,77,168
121,77,164
124,74,160
118,75,165
119,73,164
130,76,168
135,77,166
121,77,166
120,73,160
117,75,163
131,73,162
117,73,162
123,75,167
122,74,160
120,75,161
127,76,168
126,77,168
134,74,164
132,75,162
130,74,161
122,73,165
133,76,163
125,78,165
123,77,163
126,73,160
125,74,160
135,75,164
117,75,164
130,76,162
127,72,163
132,74,166
134,75,163
133,77,164
131,76,168
131,78,165
117,74,164
125,78,167
133,78,167
124,78,166
118,76,164
121,72,163
121,74,160
132,73,163
135,77,167
133,78,166
128,72,162
130,77,163
129,75,161
126,76,168
130,78,168
129,78,168
119,72,161
127,72,161
133,77,168
130,73,165
133,75,167
135,75,166
119,72,162
122,72,160
134,74,165
120,77,165
126,74,160
122,77,167
123,72,160
135,76,164
135,76,167
131,78,168
117,73,163
119,73,160
117,73,161
121,74,166
128,78,168
125,77,168
136,76,166
132,76,168
120,76,162
132,73,164
121,72,160
124,78,165
124,72,160
135,77,165
128,72,163
130,73,161
136,76,165
118,76,165
121,73,165
127,73,160
134,74,163
116,74,163
122,77,163
122,75,167
120,74,160
119,76,166
119,75,166
121,76,167
132,78,168
119,75,161
125,76,168
132,78,165
118,74,165
117,74,161
120,72,163
116,74,162
127,78,168
117,75,162
118,73,164
120,72,160
134,78,167
124,78,167
120,77,164
118,76,163
125,72,160
133,74,166
131,76,162
127,74,160
123,78,166
133,74,162
134,77,168
131,77,163
136,75,165
129,72,162
128,72,161
118,72,161
131,73,165
136,77,166
120,77,166
133,76,168
134,78,166
116,73,162
132,73,162
131,74,161
118,73,160
118,72,162
130,75,161
125,72,164
133,78,168
127,78,164
134,75,167
124,77,168
134,77,164
124,72,164
128,78,164
133,75,162
117,75,165
129,72,163
126,78,168
134,76,163
123,78,165
126,72,164
127,74,167
126,78,164
136,77,167
119,72,160
119,74,160
128,74,167
135,74,164
116,75,163
120,74,166
124,76,168
123,72,164
128,73,160
120,73,165
126,72,160
126,74,167
129,78,164
121,77,163
