170,165,65
170,160,65
170,170,65
165,170,65
175,170,70
175,165,70
175,170,65
175,165,65
175,175,70
175,175,65
165,160,65
165,155,65
170,165,70
170,160,70
165,165,65
160,170,65
170,170,70
170,175,70
170,175,65
160,165,65
165,170,70
165,160,60
165,155,60
170,165,60
170,160,60
165,175,65
165,175,70
165,165,60
170,170,60
180,175,70
180,170,70
180,180,70
155,165,65
160,165,60
160,170,70
165,170,60
175,180,70
155,165,60
160,170,60
180,170,65
180,175,65
170,180,70
180,165,65
180,180,65
160,155,60
160,150,60
165,160,70
165,155,70
175,170,75
175,165,75
160,160,60
175,165,60
175,170,60
165,165,70
175,175,75
180,175,75
175,180,65
180,170,75
175,160,60
175,175,60
160,155,65
180,180,75
160,150,65
155,160,60
160,160,65
160,165,70
170,175,75
170,175,60
170,180,65
175,180,75
155,160,65
150,160,60
165,175,60
165,175,75
155,165,70
170,180,75
165,180,65
170,165,75
185,175,70
185,180,70
150,160,65
170,160,75
160,175,60
185,170,70
170,170,75
185,185,70
165,160,55
165,155,55
185,180,75
185,175,75
180,185,70
165,165,55
165,170,75
185,185,75
160,155,55
160,150,55
160,165,55
175,185,70
180,185,75
160,160,55
160,170,75
170,160,55
170,165,55
155,150,60
155,145,60
155,160,55
155,165,55
180,170,60
170,155,55
180,175,60
170,170,55
155,155,60
175,185,75
180,165,60
180,180,60
170,185,70
185,175,65
185,180,65
165,170,55
185,170,65
150,155,60
185,185,65
175,180,60
150,160,55
160,155,70
180,185,65
160,170,55
160,150,70
160,160,70
170,180,60
180,175,80
180,170,80
145,155,60
180,180,80
175,185,65
155,150,55
155,160,70
155,145,55
155,170,55
155,155,55
165,180,60
175,180,80
155,150,65
155,145,65
155,155,65
185,180,80
185,175,80
170,185,65
165,160,75
150,155,55
185,185,80
165,155,75
175,170,80
175,165,80
165,165,75
175,165,55
150,160,70
175,170,55
175,175,80
170,180,80
150,155,65
175,160,55
175,175,55
180,185,80
190,180,75
190,185,75
160,165,75
145,155,55
170,175,80
170,175,55
190,175,75
190,190,75
190,180,70
190,185,70
175,185,80
145,155,65
190,175,70
185,190,75
190,190,70
165,175,55
165,175,80
155,165,75
185,190,70
180,190,75
160,175,55
180,190,70
175,190,75
190,185,80
190,180,80
185,175,60
185,180,60
175,190,70
185,170,60
190,190,80
185,185,60
150,145,60
150,140,60
150,150,60
180,185,60
185,190,80
150,145,55
170,165,80
150,140,55
170,160,80
160,155,50
160,150,50
150,150,55
170,170,80
160,160,50
145,150,60
175,185,60
165,155,50
165,160,50
180,190,80
190,180,65
190,185,65
165,150,50
145,150,55
190,175,65
165,165,50
165,170,80
190,190,65
155,160,50
180,170,55
180,175,55
160,165,50
170,185,60
180,165,55
185,190,65
180,180,55
140,150,60
150,160,50
155,150,50
140,150,55
155,145,50
175,180,55
160,170,80
180,190,65
155,155,50
155,165,50
155,150,70
170,180,55
150,155,50
155,145,70
155,155,70
185,180,85
175,190,65
185,175,85
170,160,50
170,165,50
150,165,50
185,185,85
170,155,50
170,170,50
165,180,55
145,155,50
150,155,70
180,175,85
160,155,75
180,170,85
165,170,50
160,150,75
180,185,85
180,180,85
160,160,75
195,185,75
195,190,75
195,180,75
195,195,75
150,145,65
160,170,50
175,180,85
150,140,65
150,150,65
155,160,75
190,195,75
175,185,85
145,155,70
190,185,85
190,180,85
190,190,85
195,185,80
195,190,80
145,150,65
155,170,50
185,195,75
170,180,85
150,145,50
195,180,80
195,195,80
150,140,50
195,185,70
195,190,70
150,160,75
195,180,70
150,150,50
185,190,85
195,195,70
190,195,80
180,195,75
190,195,70
145,150,50
140,150,65
180,190,85
185,195,80
185,195,70
175,170,85
175,165,85
175,165,50
175,170,50
175,175,85
140,150,50
165,160,80
175,160,50
165,155,80
175,175,50
145,140,55
165,165,80
190,180,60
145,135,55
190,185,60
180,195,80
190,175,60
180,195,70
145,145,55
190,190,60
170,175,85
170,175,50
160,165,80
185,190,60
140,145,55
185,175,55
165,175,50
185,180,55
185,170,55
185,185,55
180,190,60
165,175,85
145,140,60
180,185,55
145,135,60
160,175,50
155,165,80
145,145,60
135,145,55
195,190,85
195,185,85
175,190,60
175,185,55
195,195,85
140,145,60
195,185,65
195,190,65
195,180,65
190,195,85
195,195,65
170,185,55
190,195,65
185,195,85
145,140,50
135,145,60
145,135,50
185,195,65
145,145,50
140,145,50
180,195,65
160,150,45
160,155,45
135,145,50
160,145,45
160,160,45
180,170,50
180,175,50
180,165,50
170,165,85
200,190,75
200,195,75
180,180,50
170,160,85
155,150,45
155,145,45
185,180,90
200,185,75
200,190,80
170,170,85
200,195,80
185,175,90
155,160,45
200,200,75
155,155,45
200,185,80
185,185,90
200,200,80
190,185,90
175,180,50
190,180,90
150,145,70
195,200,75
190,190,90
165,155,45
150,140,70
165,160,45
150,150,70
150,155,45
195,200,80
165,170,85
165,150,45
150,160,45
165,165,45
180,185,90
170,180,50
155,150,75
155,145,75
185,190,90
155,155,75
190,200,75
160,165,45
190,200,80
145,150,70
145,155,45
165,180,50
145,160,45
175,185,90
160,170,85
150,155,75
155,165,45
180,190,90
185,200,75
185,200,80
150,145,45
150,140,45
200,190,70
200,195,70
180,175,90
145,140,65
200,185,70
150,150,45
180,170,90
140,150,70
200,200,70
180,180,90
145,135,65
150,165,45
145,145,65
200,190,85
200,195,85
195,200,70
145,150,45
145,155,75
200,185,85
195,190,90
200,200,85
195,185,90
175,180,90
195,195,90
170,160,45
170,165,45
140,145,65
195,200,85
170,155,45
190,200,70
140,135,55
170,170,45
190,180,55
160,155,80
190,185,55
140,130,55
140,150,45
190,175,55
190,195,90
140,140,55
160,150,80
190,190,55
195,185,60
160,160,80
195,190,60
165,170,45
195,180,60
195,195,60
190,200,85
170,180,90
185,200,70
185,190,55
135,140,55
190,195,60
185,195,90
135,145,65
160,170,45
155,160,80
180,190,55
185,195,60
185,200,85
140,135,50
140,130,50
155,170,45
140,140,50
175,190,55
130,140,55
180,195,60
150,160,80
135,140,50
145,140,45
145,135,45
145,145,45
185,175,50
185,180,50
185,170,50
130,140,50
140,145,45
185,185,50
140,135,60
200,190,65
200,195,65
140,130,60
180,185,50
200,185,65
175,170,90
140,140,60
200,200,65
175,165,90
175,175,90
175,165,45
175,170,45
135,145,45
175,160,45
195,200,65
175,185,50
175,175,45
200,195,90
200,190,90
135,140,60
170,175,45
170,175,90
200,200,90
190,200,65
165,160,85
170,185,50
165,155,85
165,165,85
195,200,90
165,175,45
185,200,65
130,140,60
165,175,90
160,165,85
190,200,90
160,175,45
205,195,80
205,200,80
205,190,80
205,205,80
200,205,80
205,195,75
205,200,75
205,190,75
155,165,85
205,205,75
195,205,80
200,205,75
190,185,95
190,180,95
205,195,85
205,200,85
190,190,95
205,190,85
205,205,85
195,205,75
190,205,80
200,205,85
140,135,45
185,190,95
140,130,45
140,140,45
190,205,75
195,190,95
195,185,95
195,205,85
195,195,95
185,180,95
185,175,95
135,140,45
180,190,95
185,185,95
190,195,95
190,205,85
195,185,55
195,190,55
180,185,95
195,180,55
180,170,45
180,175,45
205,195,70
130,140,45
145,140,70
195,195,55
205,200,70
150,145,75
180,165,45
205,190,70
180,180,45
