174,181,71
175,181,71
173,181,71
172,181,71
176,181,71
175,182,71
173,180,71
177,181,71
171,181,71
174,182,71
174,180,71
176,182,71
172,180,71
175,182,72
173,180,70
173,182,71
176,182,72
174,182,72
175,180,71
174,180,70
172,180,70
177,182,71
171,180,71
174,181,70
174,181,72
173,181,70
175,181,72
175,181,70
173,181,72
173,182,72
177,182,72
175,180,70
171,180,70
178,181,71
170,181,71
172,181,70
176,181,72
172,182,71
176,181,70
176,180,71
172,181,72
178,182,71
170,180,71
178,182,72
172,182,72
176,180,70
170,180,70
171,181,70
177,181,72
177,181,70
171,181,72
171,182,71
177,180,71
179,182,71
179,181,71
169,181,71
169,180,71
176,183,72
172,179,70
179,182,72
171,182,72
177,180,70
169,180,70
175,183,72
173,179,70
177,183,72
170,181,70
171,179,70
178,181,72
178,181,70
170,181,72
174,183,72
174,179,70
178,183,72
170,179,70
175,182,70
170,182,71
173,180,72
174,182,70
176,182,70
174,180,72
178,180,71
180,182,71
172,180,72
176,183,71
168,180,71
172,179,71
175,183,71
173,182,70
173,183,72
173,179,71
180,181,71
168,181,71
177,183,71
175,179,70
175,180,72
171,179,71
177,182,70
180,182,72
170,182,72
179,183,72
178,180,70
168,180,70
169,179,70
169,181,70
171,180,72
179,181,72
174,183,71
179,181,70
174,179,71
178,183,71
169,181,72
170,179,71
172,182,70
175,182,73
176,180,72
173,180,69
176,182,73
178,182,70
174,182,73
172,180,69
174,180,69
172,183,72
173,183,71
170,180,72
176,179,70
169,182,71
180,183,72
175,179,71
179,183,71
168,179,70
177,182,73
179,180,71
181,182,71
173,182,73
171,180,69
169,179,71
175,180,69
176,183,73
167,180,71
171,182,70
172,179,69
177,183,73
175,183,73
181,182,72
169,182,72
179,180,70
167,180,70
171,179,69
173,179,69
168,181,70
177,180,72
179,182,70
181,181,71
167,181,71
180,181,72
172,183,71
180,181,70
178,182,73
170,180,69
174,183,73
178,183,73
172,182,73
169,180,72
176,180,69
176,179,71
168,181,72
174,179,69
170,179,69
180,183,71
171,183,72
177,179,70
181,183,72
168,179,71
174,181,69
174,181,73
167,179,70
173,181,69
175,181,73
175,181,69
173,181,73
179,183,73
173,183,73
170,182,70
169,179,69
175,179,69
168,182,71
179,182,73
172,181,69
169,180,69
176,181,73
178,180,72
171,182,73
180,182,70
176,181,69
177,180,69
171,183,71
182,182,71
180,180,71
172,181,73
166,180,71
177,179,71
168,180,72
181,183,71
167,181,70
182,182,72
168,182,72
180,180,70
166,180,70
177,184,72
171,178,70
171,181,69
176,184,72
172,178,70
177,181,73
178,184,72
170,183,72
180,183,73
172,183,73
170,178,70
181,181,70
181,181,72
167,179,71
177,181,69
176,179,69
168,179,69
178,179,70
171,181,73
182,183,72
181,180,71
175,184,72
167,181,72
173,178,70
166,179,70
179,184,72
168,180,69
169,178,70
169,182,70
180,182,73
178,180,69
170,182,73
170,181,69
170,183,71
176,183,70
181,182,70
179,180,72
174,184,72
178,181,73
175,183,70
177,184,73
174,178,70
177,183,70
171,178,69
178,181,69
176,184,73
178,184,73
180,184,72
172,179,72
172,178,69
170,178,69
173,179,72
170,181,73
168,178,70
178,179,71
181,183,73
171,183,73
182,183,71
174,183,70
171,179,72
167,180,72
167,179,69
177,179,69
182,181,71
175,184,73
178,183,70
180,179,71
179,184,73
173,178,69
174,179,72
169,178,69
166,179,71
169,183,72
173,184,72
170,179,72
182,181,72
180,179,70
173,183,70
167,180,69
169,181,69
175,178,70
183,183,72
179,179,70
181,182,73
181,184,72
181,180,70
181,180,72
174,184,73
179,180,69
168,182,70
179,181,73
179,183,70
169,182,73
177,184,71
180,184,73
165,179,70
174,178,69
167,178,70
175,179,72
179,181,69
176,184,71
168,178,69
171,178,71
178,184,71
172,178,71
169,183,71
169,181,73
170,178,71
169,179,72
181,179,71
182,182,70
175,184,71
180,180,72
172,183,70
175,182,69
182,183,73
170,183,73
174,182,69
179,184,71
173,178,71
178,179,69
166,179,69
176,182,69
172,184,72
173,180,73
183,183,71
179,179,71
173,184,73
174,180,73
169,178,71
180,183,70
173,182,69
172,180,73
181,184,73
176,178,70
175,178,69
176,179,72
166,180,72
174,184,71
182,184,72
167,178,69
168,181,69
177,182,69
175,180,73
174,178,71
180,184,71
165,179,71
166,178,70
168,179,72
166,180,69
171,180,73
180,181,73
182,180,71
180,181,69
172,182,69
182,182,73
168,178,71
180,178,71
171,183,70
180,180,69
176,183,74
183,182,72
168,182,73
177,183,74
179,178,70
178,182,69
175,183,74
173,184,71
176,180,73
168,181,73
182,180,72
180,178,70
172,184,73
172,179,68
181,183,70
171,184,72
181,179,70
182,184,73
171,179,68
170,180,73
176,178,69
178,183,74
177,179,72
181,179,72
173,179,68
175,178,71
181,184,71
174,183,74
183,183,73
169,183,73
171,182,69
166,178,69
165,179,69
179,179,69
182,181,70
175,182,74
177,178,70
183,184,72
176,182,74
180,179,72
170,179,68
174,182,74
174,179,68
167,178,71
173,180,68
183,182,71
167,179,72
179,182,69
167,181,69
172,180,68
177,180,73
174,180,68
179,183,74
179,178,71
165,178,70
177,182,74
181,178,71
172,184,71
170,183,70
173,183,74
173,182,74
171,180,68
169,179,68
181,181,73
181,181,69
169,180,73
175,180,68
175,179,68
177,184,74
171,184,73
182,184,71
176,178,71
170,182,69
178,184,74
176,184,74
182,183,70
178,182,74
182,181,73
183,184,73
180,179,69
177,178,69
178,179,72
167,181,73
171,178,68
170,180,68
170,184,72
172,182,74
180,183,74
170,178,68
172,178,68
165,178,69
179,184,74
175,184,74
172,183,74
180,182,69
176,180,68
166,178,71
183,181,72
178,180,73
182,179,71
168,179,68
179,177,70
180,177,71
178,185,73
184,184,72
178,178,70
176,179,68
170,177,69
173,178,68
169,178,68
183,182,73
171,184,71
177,185,73
171,177,69
166,179,72
179,185,73
179,178,69
169,177,69
178,185,72
182,179,72
180,177,70
179,182,74
170,177,70
177,185,72
174,184,74
180,184,74
168,180,73
169,183,70
171,177,70
182,180,70
169,180,68
179,185,72
181,178,70
176,185,73
169,177,70
172,177,69
164,178,70
171,182,74
181,178,72
180,185,73
169,182,69
176,185,72
180,178,72
183,184,71
168,177,69
177,180,68
168,178,68
174,178,68
177,178,71
172,177,70
183,181,71
181,183,74
180,185,72
170,184,73
171,183,74
168,177,70
179,177,71
181,180,69
183,183,70
167,179,68
181,180,73
175,185,73
184,184,73
181,182,69
173,177,69
178,178,69
177,179,68
175,185,72
181,185,73
181,184,74
173,184,74
179,179,72
179,180,73
174,181,68
174,181,74
165,178,71
167,177,69
173,177,70
173,181,68
175,181,74
164,178,69
180,182,74
181,185,72
181,177,71
175,181,68
168,180,68
173,181,74
177,184,70
176,184,70
175,178,68
167,178,68
182,180,73
170,184,71
180,178,69
167,177,70
178,184,70
172,181,68
176,181,74
170,182,74
178,180,68
174,185,73
175,184,70
167,180,73
176,181,68
184,183,72
165,179,72
172,181,74
178,177,70
174,185,72
174,177,69
171,178,72
168,182,69
182,185,73
179,184,70
168,183,70
172,178,72
182,183,74
183,180,72
183,181,73
174,177,70
184,184,71
170,178,72
171,181,68
166,177,69
176,183,69
179,177,69
182,185,72
179,176,70
177,181,74
172,184,74
182,184,74
