179,127,48
179,126,48
179,128,48
179,125,48
179,129,48
179,124,48
179,130,48
180,128,48
178,126,48
180,127,48
178,127,48
180,129,48
178,125,48
180,126,48
178,128,48
179,123,48
179,131,48
180,130,48
178,124,48
180,125,48
178,129,48
179,127,47
179,127,49
179,126,47
179,128,49
180,128,49
178,126,47
180,129,49
180,127,49
178,125,47
178,127,47
179,128,47
179,126,49
179,125,47
179,129,49
180,131,48
178,123,48
180,124,48
180,130,49
180,126,49
178,124,47
178,128,47
178,130,48
179,129,47
179,122,48
179,132,48
179,125,49
179,124,47
179,130,49
180,131,49
180,125,49
178,123,47
178,129,47
180,132,48
178,122,48
179,130,47
179,124,49
180,123,48
179,123,47
178,131,48
179,131,49
180,124,49
180,132,49
178,122,47
178,130,47
179,121,48
179,133,48
179,131,47
179,123,49
180,133,48
179,122,47
180,127,47
178,121,48
180,128,47
179,132,49
178,127,49
178,126,49
180,126,47
180,122,48
181,129,49
178,128,49
177,125,47
181,128,49
177,126,47
178,132,48
180,129,47
181,128,48
177,126,48
181,130,49
181,129,48
178,125,49
177,124,47
177,125,48
181,127,49
180,123,49
180,133,49
181,127,48
177,127,47
180,125,47
178,121,47
178,131,47
177,127,48
178,129,49
181,130,48
177,124,48
181,131,49
180,130,47
179,132,47
177,123,47
181,126,48
177,128,48
181,126,49
179,122,49
178,124,49
179,120,48
179,134,48
177,128,47
180,124,47
179,121,47
181,131,48
179,133,49
180,134,48
178,130,49
177,123,48
178,120,48
181,125,48
181,132,49
180,121,48
177,122,47
180,131,47
177,129,48
181,125,49
178,133,48
177,129,47
178,123,49
180,134,49
180,122,49
178,120,47
178,132,47
180,123,47
181,132,48
177,122,48
178,131,49
179,133,47
181,124,48
179,121,49
181,133,49
177,121,47
177,130,48
179,120,47
180,132,47
181,124,49
179,134,49
177,130,47
179,119,48
179,135,48
178,122,49
180,135,48
181,133,48
180,122,47
178,119,48
180,128,50
180,129,50
177,121,48
180,120,48
178,126,46
178,125,46
180,127,50
180,135,49
180,121,49
178,132,49
178,119,47
178,133,47
180,130,50
178,134,48
181,123,48
178,127,46
178,124,46
181,134,49
177,131,48
177,120,47
180,126,50
180,133,47
181,123,49
179,134,47
180,131,50
178,128,46
177,131,47
178,123,46
179,120,49
178,121,49
181,134,48
179,119,47
179,126,46
179,128,50
180,121,47
179,127,46
179,127,50
179,135,49
177,120,48
181,129,50
180,125,50
179,125,46
179,129,50
178,129,46
181,130,50
181,128,50
180,132,50
179,128,46
177,125,46
180,136,48
179,126,50
178,133,49
178,122,46
181,122,48
179,118,48
179,136,48
177,124,46
177,126,46
179,124,46
179,130,50
181,135,49
181,131,50
181,127,50
178,118,48
181,128,47
181,127,47
177,132,48
180,136,49
180,120,49
180,119,48
177,119,47
181,129,47
178,118,47
178,134,47
177,123,46
177,127,46
177,126,49
179,129,46
180,134,47
181,122,49
179,125,50
177,127,49
181,126,47
177,125,49
178,135,48
182,129,49
176,125,47
180,124,50
177,132,47
182,130,49
176,124,47
178,130,46
179,123,46
181,130,47
181,126,50
181,132,50
182,128,49
179,131,50
176,126,47
177,128,49
180,133,50
181,135,48
178,120,49
179,135,47
178,121,46
177,122,46
177,128,46
182,131,49
177,124,49
176,123,47
181,125,47
180,120,47
179,119,49
182,127,49
179,130,46
177,119,48
176,127,47
179,124,50
179,118,47
181,131,47
177,129,49
182,132,49
181,121,48
179,122,46
176,122,47
181,125,50
181,133,50
178,134,49
179,136,49
177,123,49
179,132,50
181,136,49
182,126,49
177,129,46
177,121,46
180,123,50
181,124,47
178,131,46
176,128,47
177,133,48
182,129,48
177,118,47
180,137,48
182,128,48
176,125,48
180,134,50
178,120,46
182,130,48
181,121,49
180,135,47
176,126,48
181,132,47
179,131,46
177,130,49
176,124,48
179,117,48
179,137,48
182,133,49
178,117,48
182,127,48
180,119,49
180,137,49
179,123,50
177,133,47
178,117,47
178,135,47
176,121,47
180,118,48
176,127,48
182,131,48
181,136,48
177,122,49
182,125,49
181,124,50
181,134,50
179,121,46
176,123,48
178,119,49
176,129,47
178,136,48
181,123,47
179,133,50
182,126,48
177,120,46
177,130,46
180,119,47
179,136,47
177,118,48
176,128,48
182,132,48
180,127,46
180,126,46
180,122,50
181,133,47
178,132,46
182,134,49
181,120,48
177,131,49
179,118,49
180,128,46
176,122,48
179,132,46
178,127,50
176,120,47
179,117,47
178,135,49
178,128,50
180,125,46
178,119,46
180,135,50
178,126,50
182,125,48
181,137,49
179,122,50
180,129,46
182,130,50
182,124,49
182,129,50
177,121,49
179,137,49
177,134,48
178,129,50
176,129,48
177,117,47
182,131,50
176,124,46
176,130,47
182,133,48
176,125,46
181,135,50
181,123,50
179,120,46
182,128,50
181,122,47
178,125,50
181,120,49
180,124,46
180,136,47
176,123,46
177,119,46
177,131,46
176,126,46
176,121,48
179,134,50
180,130,46
180,138,48
177,134,47
182,132,50
178,130,50
181,137,48
182,135,49
182,127,50
181,134,47
182,124,48
180,138,49
180,118,49
176,122,46
177,132,49
178,116,47
178,136,47
178,124,50
178,118,49
178,116,48
176,119,47
176,127,46
179,116,48
179,138,48
180,123,46
180,117,48
178,133,46
179,133,46
180,121,50
180,118,47
176,130,48
182,134,48
177,117,48
182,133,50
182,123,49
180,131,46
177,120,49
179,121,50
178,118,46
182,126,50
178,131,50
178,137,48
180,136,50
181,119,48
176,121,46
179,137,47
176,131,47
176,120,48
181,121,47
176,128,46
181,122,50
181,136,50
179,119,46
178,123,50
178,136,49
181,138,49
179,117,49
177,118,46
177,132,46
180,122,46
182,123,48
179,116,47
179,135,50
182,136,49
177,135,48
182,134,50
177,116,47
181,135,47
181,119,49
182,125,50
177,133,49
180,137,47
180,132,46
179,138,49
176,120,46
176,131,48
176,118,47
178,132,50
182,135,48
176,129,46
177,135,47
179,134,46
181,138,48
182,122,49
178,134,46
178,122,50
180,120,50
176,119,48
177,119,49
180,139,48
179,120,50
178,117,49
176,132,47
180,121,46
180,139,49
180,117,49
181,120,47
182,135,50
178,117,46
178,115,47
178,137,47
180,117,47
180,137,50
182,122,48
181,137,50
181,121,50
179,118,46
177,116,48
178,115,48
182,124,50
180,116,48
176,119,46
179,115,48
179,139,48
180,133,46
177,117,46
177,133,46
181,118,48
182,137,49
178,133,50
176,130,46
182,128,47
182,129,47
179,136,50
181,136,47
176,132,48
182,136,48
179,138,47
178,138,48
182,127,47
178,137,49
177,134,49
181,139,49
182,130,47
176,117,47
178,121,50
176,126,49
176,125,49
177,136,48
179,116,49
182,121,49
182,126,47
180,129,51
179,115,47
180,120,46
177,115,47
183,130,49
179,135,46
175,124,47
180,128,51
182,136,50
182,131,47
176,127,49
176,118,48
181,129,51
183,129,49
181,118,49
175,125,47
181,130,51
176,124,49
180,138,47
180,130,51
183,131,49
175,123,47
181,128,51
177,118,49
178,135,46
178,125,45
181,131,51
182,123,50
180,127,51
183,128,49
175,126,47
176,118,46
178,126,45
176,133,47
182,121,48
179,139,49
180,119,50
177,136,47
178,124,45
181,139,48
176,128,49
181,119,47
183,132,49
180,131,51
179,119,50
180,134,46
175,122,47
182,125,47
176,123,49
177,125,45
177,124,45
178,127,45
176,131,46
181,127,51
