82,140,165
82,139,165
82,141,165
82,138,165
82,142,165
83,141,166
82,141,166
81,139,164
82,139,164
82,140,166
82,140,164
83,140,166
83,142,166
81,138,164
81,140,164
82,142,166
82,138,164
82,139,166
82,143,165
82,141,164
81,140,165
83,140,165
81,139,165
83,141,165
83,139,166
83,143,166
81,137,164
81,141,164
81,141,165
83,139,165
82,143,166
82,137,164
81,138,165
83,142,165
82,142,164
81,142,165
83,138,165
83,144,166
81,142,164
83,142,167
81,138,163
83,141,167
81,139,163
82,144,165
81,137,165
83,143,165
82,144,166
83,143,167
81,137,163
83,140,167
81,140,163
81,143,165
82,143,164
83,144,167
81,136,163
83,145,166
81,143,164
81,141,163
83,144,165
82,145,166
81,140,166
82,141,167
84,141,166
84,142,167
81,141,166
82,142,167
83,140,164
82,139,163
84,142,166
80,138,163
80,139,164
83,139,164
82,138,163
82,145,165
80,138,164
84,141,167
84,143,167
80,137,163
80,139,163
81,139,166
84,140,166
83,145,167
82,140,167
80,140,164
81,142,166
82,143,167
83,141,164
82,140,163
84,143,166
81,144,165
83,138,164
82,137,163
80,137,164
84,140,167
84,144,167
80,136,163
80,140,163
82,144,164
81,142,163
81,138,166
82,139,167
84,139,166
80,141,164
81,143,166
82,144,167
83,142,164
82,141,163
83,146,166
81,144,164
82,136,163
84,144,166
83,145,165
80,136,164
84,145,167
83,146,167
82,146,166
80,141,163
80,142,164
82,146,165
81,144,166
82,145,167
81,145,165
80,139,165
83,142,168
83,143,164
82,142,163
84,141,165
84,143,168
81,138,162
80,140,165
83,143,168
84,140,165
80,137,162
81,137,162
84,142,168
80,138,162
81,143,163
84,145,166
84,144,168
80,138,165
83,141,168
84,142,165
80,136,162
81,139,162
80,141,165
83,144,168
84,139,165
81,136,162
82,145,164
84,141,168
80,139,162
84,146,167
80,142,163
84,145,168
80,137,165
83,140,168
83,147,166
81,145,164
80,135,162
83,146,165
84,143,165
81,140,162
83,147,167
80,143,164
80,142,165
83,145,168
84,140,168
81,135,162
81,145,166
80,140,162
82,146,167
83,144,164
82,143,163
82,147,166
84,146,166
84,146,168
81,146,165
81,144,163
84,144,165
81,141,162
80,143,165
83,146,168
82,147,165
84,147,167
80,143,163
81,141,167
80,141,162
85,142,167
81,142,167
85,143,167
81,140,167
82,146,164
80,144,164
83,139,163
85,141,167
79,138,163
83,138,163
79,137,163
83,140,163
82,142,168
81,146,166
82,147,167
81,143,167
85,144,167
83,148,167
85,143,168
79,139,163
82,143,168
84,147,168
81,139,167
82,141,168
83,145,164
82,144,163
83,147,165
83,148,166
81,146,164
85,142,168
85,144,168
82,138,162
79,136,163
79,137,162
82,137,162
83,137,163
85,140,167
82,139,162
80,144,165
83,147,168
84,145,165
79,136,162
79,138,162
81,142,162
83,141,163
82,144,168
84,147,166
82,140,168
79,140,163
82,148,166
85,141,168
85,145,168
81,144,167
85,145,167
82,136,162
80,142,162
79,135,162
79,139,162
79,135,163
80,140,166
82,140,162
84,148,167
85,142,166
85,141,166
80,141,166
80,144,163
80,139,166
81,147,165
84,143,169
80,137,161
81,145,163
84,140,164
84,144,169
80,136,161
82,145,168
79,138,164
79,139,164
84,139,164
85,143,166
84,141,164
83,142,163
84,142,169
85,140,166
80,138,161
80,142,166
85,146,168
80,145,164
79,137,164
79,141,163
84,145,169
80,135,161
82,148,165
80,138,166
79,140,164
84,148,168
81,145,167
79,140,162
85,146,167
84,138,164
81,147,166
82,148,167
82,141,162
84,142,164
85,144,166
80,145,165
83,148,168
84,141,169
82,147,164
84,146,165
80,139,161
79,136,164
81,143,162
83,149,167
83,146,164
82,145,163
84,146,169
80,143,166
79,141,164
82,146,168
80,134,161
83,143,169
83,148,165
85,144,169
80,143,162
83,149,166
84,148,166
81,147,164
83,144,169
85,147,168
81,137,161
85,143,169
83,143,163
83,142,169
79,142,163
79,136,161
81,136,161
79,137,161
85,145,169
84,143,164
81,138,161
79,141,162
85,145,166
79,135,161
85,142,169
83,145,169
81,146,167
80,140,161
84,149,167
82,149,166
82,142,162
84,147,169
83,141,169
85,147,167
80,145,163
79,138,161
79,142,164
80,144,166
81,135,161
85,146,169
81,139,161
84,149,168
81,146,163
79,134,161
82,147,168
81,148,165
80,146,164
85,141,169
83,146,169
80,146,165
83,149,168
79,139,161
81,148,166
82,149,167
85,148,168
84,144,164
84,147,165
81,144,162
79,143,163
83,144,163
85,146,166
85,147,169
81,140,161
79,142,162
82,149,165
84,148,169
80,141,161
79,143,164
83,147,164
82,146,163
79,139,165
85,141,165
80,145,166
83,150,167
79,140,165
80,144,162
85,140,165
81,147,167
79,138,165
85,142,165
82,143,162
82,148,164
83,147,169
85,148,167
79,140,161
84,149,166
79,141,165
85,139,165
79,137,165
82,148,168
83,149,165
85,143,165
83,150,166
81,148,164
85,148,169
84,150,167
81,141,161
84,150,168
80,146,163
81,142,168
84,145,164
81,141,168
86,143,168
79,142,165
86,144,168
81,143,168
85,149,168
82,150,166
85,147,166
84,149,169
86,142,168
79,144,164
80,147,165
83,150,168
79,144,163
80,142,161
81,140,168
79,143,162
83,148,169
80,147,164
85,144,165
83,145,163
80,146,166
86,145,168
81,147,163
83,138,162
81,144,168
79,141,161
81,149,165
83,139,162
84,148,165
78,137,162
81,145,162
78,136,162
81,149,166
83,137,162
82,150,167
81,148,167
80,141,167
86,141,168
82,144,162
82,143,169
78,138,162
80,140,167
86,143,167
82,142,169
81,139,168
86,142,167
79,143,165
86,144,169
80,142,167
83,140,162
78,135,162
82,144,169
85,149,167
86,146,168
86,143,169
86,145,169
85,149,169
84,144,170
80,145,162
80,136,160
86,144,167
85,144,170
80,139,167
85,145,170
79,136,160
84,145,170
81,145,168
82,149,168
82,141,169
79,135,160
86,141,167
81,142,161
83,136,162
84,143,170
80,135,160
83,148,164
82,147,163
82,137,161
80,137,160
84,139,163
78,139,162
80,143,167
85,143,170
82,138,161
84,140,163
83,151,167
78,137,163
78,136,161
82,145,169
78,138,163
79,137,160
82,150,165
85,145,165
85,146,170
86,142,169
86,146,169
82,136,161
84,138,163
79,134,160
84,146,170
78,135,161
78,137,161
78,134,162
84,146,164
84,142,170
78,136,163
80,134,160
83,141,162
86,145,167
84,150,166
83,149,169
78,139,163
80,138,167
80,138,160
82,139,161
82,140,169
82,149,164
84,141,163
84,150,169
86,140,167
85,142,170
79,145,164
85,148,166
85,150,168
86,147,168
78,134,161
78,138,161
84,151,168
79,138,160
80,143,161
85,147,170
79,142,161
82,135,161
84,137,163
80,144,167
80,147,166
79,144,165
78,140,162
82,146,169
79,144,162
79,145,163
81,146,168
79,133,160
78,135,163
86,147,169
84,147,170
84,151,167
83,150,165
80,147,163
78,140,163
83,151,166
81,149,164
83,146,163
80,148,165
83,151,168
82,140,161
84,142,163
86,146,167
80,139,160
85,150,169
78,139,161
81,149,167
83,142,162
80,148,164
82,145,162
82,151,166
85,146,165
85,148,170
79,139,160
81,143,161
84,149,165
81,146,162
80,145,167
82,147,169
84,148,170
81,148,163
85,150,167
78,141,162
81,150,166
82,151,167
78,141,163
82,150,168
86,148,169
86,148,168
81,150,165
81,147,168
83,150,169
79,140,166
86,142,166
80,146,162
83,144,170
79,145,165
