175,75,155
175,75,150
180,75,155
180,75,160
175,75,145
180,75,150
175,70,150
175,70,155
175,70,145
175,75,140
170,70,150
180,75,145
170,70,145
175,70,140
170,70,140
180,80,160
180,80,155
170,75,150
180,80,150
180,75,140
175,75,135
170,75,145
170,70,135
175,70,135
180,70,155
170,75,140
180,70,160
180,80,145
180,70,150
175,80,155
185,80,160
185,80,165
175,80,150
185,75,160
185,75,165
180,75,135
185,80,155
180,70,145
185,75,155
170,70,130
175,75,130
170,75,135
175,80,145
175,70,130
185,75,150
180,80,140
185,80,150
180,70,140
165,70,145
165,70,140
175,80,140
170,65,145
170,65,150
185,75,145
170,65,140
180,75,130
185,80,145
165,70,135
170,70,125
170,75,130
180,70,135
175,70,125
175,75,125
180,80,135
170,65,135
175,65,150
175,65,155
175,65,145
185,75,140
165,70,130
175,80,135
165,65,145
165,65,140
185,80,140
175,65,140
165,65,135
170,65,130
185,85,165
185,85,160
180,70,130
170,75,125
170,70,120
180,75,125
180,85,160
185,85,155
180,85,155
185,70,160
190,80,165
165,75,145
175,65,135
190,80,170
165,70,125
185,75,135
185,70,165
165,65,130
180,80,130
170,80,150
175,70,120
185,70,155
190,80,160
165,75,140
170,80,145
175,75,120
180,85,150
175,80,130
185,70,150
170,65,125
185,85,150
185,80,135
190,80,155
165,75,135
170,80,140
175,65,130
180,70,125
185,70,145
165,65,125
180,85,145
190,80,150
170,75,120
190,75,165
185,85,145
185,75,130
190,75,170
165,70,120
190,75,160
170,70,115
190,85,165
190,85,170
180,65,155
180,75,120
180,65,160
180,65,150
165,75,130
185,70,140
190,85,160
170,65,120
190,75,155
170,80,135
180,80,125
175,70,115
180,65,145
175,65,125
185,80,130
175,80,125
190,80,145
165,65,120
180,85,140
190,85,155
160,65,140
190,75,150
175,75,115
160,65,135
160,70,140
180,65,140
180,70,120
175,85,155
185,85,140
160,70,135
185,70,135
175,85,150
160,65,130
165,75,125
185,75,125
190,85,150
170,80,130
190,75,145
165,70,115
190,80,140
160,70,130
180,65,135
170,65,115
170,75,115
175,85,145
175,65,120
170,70,110
180,85,135
180,75,115
160,65,125
165,65,115
185,80,125
180,80,120
185,70,130
175,70,110
190,85,145
190,75,140
185,85,135
175,80,120
160,70,125
180,65,130
165,60,140
165,60,145
175,85,140
170,60,145
170,60,150
180,70,115
170,60,140
165,60,135
190,80,135
165,75,120
160,65,120
170,80,125
175,75,110
185,75,120
170,60,135
175,65,115
165,60,130
170,65,110
165,70,110
190,75,135
180,85,130
185,90,165
185,70,125
190,85,140
195,80,170
165,65,110
185,90,160
160,70,120
180,65,125
195,80,175
195,80,165
170,60,130
190,70,165
175,85,135
190,70,160
170,75,110
195,85,170
195,85,175
165,60,125
190,90,170
170,70,105
185,85,130
195,80,160
190,90,165
195,85,165
190,70,155
185,90,155
185,80,120
180,75,110
160,65,115
160,60,140
165,80,145
185,65,160
190,80,130
160,60,135
175,60,150
190,90,160
165,80,150
185,65,155
180,80,115
195,85,160
175,70,105
175,60,155
175,60,145
190,70,150
195,80,155
170,60,125
180,70,110
175,80,115
165,80,140
185,65,150
160,60,130
165,75,115
185,90,150
175,60,140
170,80,120
190,75,130
160,75,140
160,75,145
175,65,110
165,60,120
190,90,155
180,65,120
190,85,135
185,75,115
195,85,155
185,65,145
185,70,120
190,70,145
160,75,135
160,70,115
160,60,125
195,80,150
175,85,130
175,60,135
170,65,105
165,80,135
180,90,160
180,85,125
175,75,105
165,65,105
165,70,105
180,90,155
170,60,120
185,65,140
185,90,145
155,65,135
190,90,150
160,75,130
160,65,110
195,85,150
195,75,170
190,70,140
195,75,165
185,85,125
155,65,130
170,85,150
175,60,130
170,85,155
190,80,125
160,60,120
180,90,150
165,60,115
195,80,145
195,75,160
185,80,115
170,85,145
190,75,125
165,80,130
170,75,105
185,65,135
170,70,100
180,65,115
180,75,105
155,65,125
195,75,155
195,90,170
190,85,130
195,90,175
180,70,105
185,70,115
175,65,105
180,80,110
160,75,125
175,70,100
170,60,115
190,70,135
165,75,110
175,60,125
190,90,145
195,85,145
195,90,165
170,85,140
180,90,145
170,80,115
160,70,110
185,90,140
175,80,110
175,85,125
185,75,110
160,60,115
195,75,150
195,80,140
155,65,120
195,90,160
170,65,100
185,65,130
165,60,110
180,85,120
155,70,135
155,70,140
165,65,100
160,65,105
165,80,125
180,60,155
180,60,150
155,60,135
155,70,130
190,80,120
170,85,135
175,60,120
155,60,130
195,75,145
190,75,120
190,70,130
165,70,100
180,60,145
195,90,155
185,85,120
175,75,100
180,90,140
195,85,140
180,65,110
160,75,120
190,90,140
170,60,110
155,60,125
180,60,140
155,65,115
160,60,110
195,80,135
190,85,125
185,65,125
155,70,125
185,90,135
185,80,110
185,70,110
175,65,100
195,75,140
195,90,150
180,70,100
170,75,100
180,60,135
155,60,120
180,75,100
170,70,95
160,70,105
165,60,105
175,85,120
175,60,115
165,75,105
190,70,125
170,85,130
170,80,110
175,70,95
165,80,120
185,75,105
180,80,105
195,85,135
180,90,135
155,70,120
175,90,155
175,90,160
200,85,175
175,80,105
170,65,95
200,85,180
200,85,170
160,65,100
190,90,135
180,60,130
190,75,115
185,65,120
175,90,150
160,75,115
170,60,105
180,85,115
155,65,110
195,80,130
190,80,115
180,65,105
155,60,115
165,65,95
195,75,135
200,85,165
160,60,105
195,90,145
190,65,165
190,65,160
190,65,155
185,90,130
200,80,175
185,85,115
200,80,170
195,70,170
190,95,170
175,90,145
195,70,165
200,85,160
190,85,120
190,95,165
185,70,105
165,70,95
175,60,110
200,80,165
195,70,160
165,55,140
190,65,150
180,60,125
190,70,120
165,55,145
165,55,135
155,70,115
175,75,95
165,60,100
170,85,125
190,95,160
195,70,155
200,80,160
185,80,105
175,65,95
195,85,130
190,65,145
200,90,175
200,85,155
165,55,130
155,60,110
200,90,180
185,65,115
180,90,130
195,75,130
200,90,170
160,55,135
160,55,140
180,70,95
165,80,115
195,90,140
160,70,100
175,90,140
185,95,165
195,70,150
175,85,115
195,80,125
170,55,145
190,90,130
160,55,130
200,80,155
190,95,155
155,65,105
170,55,150
170,55,140
195,95,175
185,95,160
200,90,165
170,60,100
195,95,170
180,75,95
165,55,125
190,75,110
180,60,120
185,75,100
190,65,140
160,60,100
170,70,90
160,75,110
170,75,95
165,75,100
170,55,135
180,65,100
170,80,105
195,95,165
160,55,125
200,85,150
175,70,90
160,65,95
195,70,145
190,80,110
160,80,145
185,95,155
170,65,90
160,80,140
180,80,100
175,60,105
200,90,160
190,70,115
200,80,150
185,90,125
170,55,130
180,85,110
155,70,110
165,55,120
185,60,160
165,65,90
185,60,155
195,95,160
175,80,100
190,95,150
160,80,135
190,65,135
150,65,130
155,60,105
160,55,120
195,75,125
185,60,150
150,65,135
175,90,135
185,70,100
190,85,115
185,65,110
185,85,110
195,85,125
195,70,140
150,65,125
170,85,120
165,60,95
185,95,150
195,90,135
200,90,155
180,60,115
185,60,145
200,85,145
170,55,125
150,60,130
155,75,140
155,75,135
165,85,150
165,85,145
200,80,145
180,90,125
150,60,125
200,75,175
200,75,170
195,95,155
195,80,120
160,80,130
165,70,90
165,55,115
175,65,90
200,75,165
155,75,130
185,60,140
