186,160,54
186,159,54
186,161,54
186,158,54
186,162,54
186,157,54
186,163,54
187,161,54
185,159,54
187,160,54
185,160,54
187,162,54
185,158,54
187,159,54
185,161,54
187,163,54
186,156,54
186,164,54
185,157,54
186,160,53
186,160,55
187,161,55
186,159,53
186,161,55
185,159,53
187,158,54
185,162,54
186,161,53
186,159,55
187,160,55
187,162,55
185,158,53
185,160,53
187,164,54
186,158,53
186,162,55
185,156,54
187,159,55
187,163,55
185,157,53
185,161,53
186,162,53
186,158,55
186,155,54
186,165,54
187,157,54
186,157,53
185,163,54
186,163,55
187,158,55
187,164,55
185,156,53
185,162,53
186,163,53
186,157,55
187,165,54
185,155,54
186,156,53
186,164,55
187,156,54
185,164,54
187,157,55
187,165,55
185,163,53
185,155,53
186,164,53
186,154,54
186,166,54
186,156,55
187,166,54
185,154,54
187,161,53
187,160,53
185,159,55
185,160,55
186,155,53
187,162,53
186,165,55
188,162,55
184,158,53
187,159,53
185,158,55
188,161,55
184,159,53
185,161,55
188,163,55
184,157,53
187,156,55
187,166,55
185,154,53
185,164,53
187,155,54
188,162,54
186,165,53
188,160,55
188,161,54
184,158,54
187,163,53
184,160,53
184,159,54
185,165,54
186,155,55
185,157,55
187,158,53
188,163,54
188,164,55
184,156,53
184,157,54
188,160,54
185,162,55
184,160,54
187,167,54
186,153,54
186,167,54
188,159,55
184,161,53
188,164,54
185,153,54
187,164,53
184,156,54
188,159,54
186,154,53
188,165,55
184,161,54
185,156,55
187,157,53
184,155,53
186,166,55
185,163,55
187,155,55
187,167,55
185,153,53
185,165,53
188,165,54
188,158,55
186,166,53
184,162,53
184,155,54
187,154,54
186,154,55
188,158,54
185,166,54
184,162,54
187,165,53
188,166,55
184,154,53
185,155,55
187,156,53
185,164,55
187,161,56
187,168,54
187,162,56
185,159,52
188,166,54
187,160,56
186,153,53
185,152,54
185,158,52
186,152,54
186,168,54
188,157,55
185,160,52
184,154,54
186,167,55
188,157,54
184,163,53
187,163,56
185,157,52
184,163,54
187,159,56
187,154,55
187,168,55
187,166,53
185,152,53
185,166,53
185,161,52
188,167,55
186,167,53
184,153,53
187,155,53
187,164,56
185,154,55
186,153,55
185,156,52
187,153,54
187,158,56
185,165,55
186,160,52
186,160,56
188,167,54
186,159,52
186,161,56
185,167,54
185,162,52
188,162,56
186,161,52
186,159,56
184,153,54
188,156,55
186,158,52
188,156,54
186,162,56
188,163,56
188,161,56
184,158,52
184,164,53
187,165,56
184,157,52
184,159,52
184,164,54
187,169,54
185,155,52
186,162,52
186,152,53
188,160,56
188,164,56
186,158,56
186,157,52
187,167,53
185,151,54
186,163,56
188,168,55
184,156,52
184,160,52
186,168,55
187,157,56
185,163,52
184,152,53
186,151,54
187,154,53
185,153,55
187,153,55
187,169,55
185,151,53
185,167,53
188,161,53
188,162,53
188,159,56
188,165,56
186,163,52
188,168,54
186,168,53
186,157,56
188,160,53
184,161,52
184,155,52
184,159,55
186,156,52
185,166,55
184,158,55
188,163,53
187,166,56
186,164,56
185,154,52
186,152,55
188,155,54
184,160,55
184,152,54
189,163,55
183,157,53
188,155,55
189,162,55
187,152,54
183,158,53
184,157,55
188,159,53
184,165,53
189,164,55
183,156,53
188,164,53
187,156,56
189,161,55
183,159,53
185,164,52
184,165,54
188,166,56
188,158,56
184,161,55
186,164,52
184,156,55
184,162,52
184,154,52
186,156,56
187,168,53
189,165,55
188,169,55
183,155,53
186,155,52
189,160,55
188,158,53
183,160,53
186,165,56
184,151,53
186,151,53
188,165,53
187,153,53
187,167,56
185,153,52
185,152,55
184,162,55
185,150,54
188,169,54
189,166,55
184,155,55
183,154,53
188,167,56
188,157,56
187,152,55
189,159,55
185,167,55
185,150,53
186,150,54
189,162,54
189,163,54
183,161,53
188,154,54
186,165,52
184,163,52
184,153,52
185,165,52
187,155,56
184,151,54
183,158,54
183,157,54
188,157,53
188,154,55
189,161,54
186,155,56
189,164,54
186,154,52
188,166,53
183,159,54
184,166,53
183,156,54
187,160,52
186,151,55
187,161,52
184,166,54
186,166,56
184,163,55
187,159,52
189,160,54
187,151,54
189,167,55
185,160,56
185,159,56
187,162,52
189,165,54
184,154,55
183,153,53
183,160,54
189,158,55
185,161,56
187,169,53
188,170,55
183,155,54
185,158,56
185,152,52
183,162,53
187,168,56
189,163,56
187,158,52
189,162,56
184,150,53
187,163,52
188,156,56
188,168,56
189,164,56
183,157,52
188,156,53
189,159,54
183,158,52
187,152,53
185,162,56
184,152,52
184,164,52
183,156,52
186,166,52
189,161,56
189,166,54
186,150,53
185,151,55
188,167,53
185,157,56
188,170,54
183,161,54
189,165,56
183,159,52
185,166,52
183,154,54
187,154,56
186,154,56
187,157,52
186,153,52
189,168,55
184,164,55
183,155,52
187,164,52
188,153,54
185,149,54
189,160,56
183,152,53
184,150,54
186,167,56
184,153,55
189,157,55
185,163,56
188,153,55
183,160,52
187,151,55
189,158,54
185,149,53
189,166,56
185,156,56
183,163,53
189,167,54
186,149,54
183,154,52
183,162,54
188,155,53
187,156,52
183,153,54
185,151,52
188,169,56
188,155,56
189,159,56
186,150,55
187,165,52
187,169,56
188,168,53
184,151,52
184,165,52
183,161,52
186,167,52
187,150,54
185,164,56
189,167,56
189,169,55
184,149,53
185,155,56
184,165,55
189,157,54
183,153,52
186,152,52
186,153,56
187,151,53
183,151,53
185,167,52
189,156,55
189,168,54
187,153,56
184,152,55
185,150,55
183,163,54
187,155,52
189,158,56
183,164,53
186,168,56
186,149,53
187,166,52
183,152,54
188,152,54
183,162,52
188,154,53
189,168,56
184,149,54
188,152,55
185,165,56
188,169,53
183,152,52
188,170,56
188,154,56
185,148,54
185,154,56
189,156,54
185,150,52
187,150,55
185,148,53
184,150,52
184,166,52
189,170,55
186,168,52
187,161,57
189,169,54
187,162,57
184,166,55
189,157,56
188,162,57
187,154,52
188,163,57
189,155,55
187,160,57
183,150,53
188,161,57
186,148,54
187,163,57
183,164,54
185,159,51
186,151,52
185,158,51
183,163,52
186,152,56
184,151,55
187,167,52
186,149,55
188,164,57
185,160,51
183,151,54
185,157,51
183,165,53
189,169,56
184,158,51
187,159,57
188,160,57
184,148,53
184,157,51
187,152,56
189,162,53
187,164,57
187,149,54
184,159,51
187,150,53
185,166,56
189,163,53
189,161,53
183,151,52
185,161,51
184,156,51
188,165,57
188,153,53
185,156,51
185,153,56
189,164,53
185,149,55
184,160,51
183,158,55
189,155,54
188,159,57
189,160,53
183,157,55
187,158,57
188,170,53
188,151,54
183,159,55
187,165,57
184,155,51
189,156,56
190,163,55
182,157,53
190,164,55
182,156,53
189,170,54
188,153,56
186,148,53
185,162,51
189,171,55
189,165,53
183,156,55
184,148,54
187,153,52
188,151,55
190,162,55
188,161,52
185,155,51
184,149,52
182,158,53
184,161,51
188,166,57
190,165,55
188,162,52
182,155,53
183,160,55
183,164,52
185,149,52
189,159,53
188,160,52
183,165,54
187,168,52
189,154,55
183,149,53
188,163,52
189,170,56
190,161,55
188,158,57
183,155,55
182,159,53
190,166,55
187,157,57
184,154,51
183,150,54
188,159,52
189,166,53
182,154,53
184,159,56
186,150,52
184,150,55
185,147,54
184,158,56
187,149,55
185,147,53
