157,196,188
158,197,189
156,195,187
157,196,189
157,196,187
156,196,188
158,196,188
157,197,189
157,195,187
158,197,188
158,197,190
156,195,186
156,195,188
156,196,187
158,196,189
157,197,188
157,195,188
156,196,189
159,197,189
155,195,187
158,196,187
157,197,190
157,195,186
155,195,186
159,197,190
159,198,190
155,194,186
158,198,190
156,194,186
157,196,190
157,196,186
155,195,188
159,197,188
158,198,189
156,196,186
156,194,187
159,198,189
159,198,191
155,194,185
155,194,187
157,197,187
158,196,190
158,197,191
158,197,187
156,195,185
156,195,189
157,195,189
158,198,191
156,194,185
156,197,189
158,195,187
156,197,188
155,196,188
159,196,188
158,195,188
155,195,185
155,196,187
156,196,190
159,196,189
160,198,190
154,194,186
159,197,191
157,197,191
158,196,186
160,198,191
154,194,185
157,195,185
158,198,188
157,198,190
156,197,190
157,198,189
156,194,188
157,194,186
157,194,187
155,196,189
155,195,189
159,198,188
159,198,192
154,194,187
155,194,184
155,194,188
160,198,189
156,197,187
158,195,186
159,199,191
160,197,189
155,193,185
159,196,187
154,195,187
155,196,186
159,197,187
160,197,190
160,199,191
154,193,185
154,195,186
158,195,189
159,199,190
155,193,186
158,198,192
159,196,190
157,198,191
156,196,185
157,196,191
157,196,185
156,194,184
160,199,190
160,199,192
154,193,184
154,193,186
157,197,186
159,199,192
157,198,188
154,194,184
157,194,185
155,193,184
160,198,192
154,195,188
158,196,191
160,197,188
158,197,192
158,197,186
156,195,184
156,195,190
157,194,188
157,195,190
154,195,185
155,195,184
158,199,191
160,197,191
158,199,190
156,193,185
156,197,191
154,194,188
156,193,186
159,199,189
155,196,190
159,197,192
161,199,191
156,196,191
155,193,187
160,198,188
158,198,187
153,193,185
156,197,186
157,197,192
161,198,190
155,196,185
161,199,192
161,198,191
153,194,186
153,193,184
158,195,185
155,197,188
153,194,185
160,199,189
160,199,193
158,199,192
154,193,183
154,193,187
156,194,189
159,196,186
157,198,192
155,197,189
158,196,185
159,195,188
159,199,193
159,195,187
157,195,184
158,199,189
159,198,193
159,198,187
155,194,183
155,194,189
161,199,190
155,195,190
156,193,184
153,193,186
155,193,183
156,198,189
154,196,187
158,195,190
160,196,189
157,198,187
154,195,189
156,198,190
159,196,191
154,196,188
160,196,188
156,193,187
158,194,187
153,194,187
157,194,184
155,197,187
160,200,192
154,192,184
161,198,189
154,194,183
158,198,193
158,194,186
159,197,186
154,195,184
153,194,184
160,197,187
160,200,191
155,197,190
154,192,185
161,198,192
160,198,193
161,200,192
159,195,189
153,193,183
153,192,184
156,198,188
154,196,186
161,199,193
157,194,189
156,194,183
160,200,193
154,192,183
156,198,191
160,196,190
154,196,189
156,196,184
160,197,192
159,195,186
159,199,188
161,200,191
161,200,193
153,192,183
153,192,185
157,197,185
161,197,190
158,194,188
158,199,193
159,200,192
157,199,190
153,195,186
161,197,189
159,200,191
155,192,184
157,199,191
160,196,187
153,195,187
156,197,192
153,193,187
154,194,189
157,196,192
157,196,184
155,192,185
155,193,188
155,196,191
161,199,189
157,193,186
158,194,185
158,199,188
157,193,185
160,200,190
158,196,192
155,195,183
155,197,186
158,197,193
158,197,185
156,195,183
156,195,191
160,198,187
156,193,183
154,192,186
157,195,191
153,194,188
160,199,188
160,199,194
156,197,185
162,199,191
154,193,182
154,193,188
157,199,189
153,195,185
159,200,193
162,199,192
155,196,184
157,198,193
161,197,191
158,198,186
159,199,194
152,193,185
156,198,187
154,196,185
159,200,190
153,194,183
152,193,184
155,197,191
157,199,192
153,195,188
155,192,183
161,198,188
156,193,188
162,200,192
159,197,193
160,200,194
156,196,192
152,192,184
157,193,187
154,195,190
161,200,190
161,200,194
161,197,188
153,192,182
153,192,186
158,195,184
155,192,186
162,200,193
157,197,193
157,198,186
159,196,185
155,193,182
154,192,182
156,198,192
154,196,190
153,193,182
159,195,190
161,198,193
152,192,183
156,194,190
162,199,190
157,193,184
152,193,186
161,199,194
162,200,191
154,195,183
160,196,191
159,198,194
159,198,186
155,194,182
155,194,190
152,192,185
162,198,191
162,199,193
155,195,191
152,193,183
158,195,191
158,194,189
154,194,182
162,198,190
159,196,192
157,194,183
158,196,184
159,195,185
158,200,191
152,194,185
157,195,183
158,200,192
157,199,188
153,195,184
152,194,186
160,197,186
158,198,194
159,200,194
158,199,194
160,196,186
156,192,185
160,200,189
161,201,193
153,193,188
153,191,183
156,192,184
158,194,184
154,197,188
160,198,194
162,200,194
152,192,182
157,194,190
157,199,193
153,195,189
159,199,187
159,197,185
155,198,189
159,200,189
161,201,192
160,195,188
153,191,184
162,198,192
154,192,187
158,200,190
154,197,189
155,197,185
152,194,184
161,199,188
161,197,192
158,199,187
160,197,193
155,198,190
155,192,182
153,194,189
159,194,187
154,197,187
158,200,193
162,201,193
152,194,187
161,201,194
160,195,187
156,194,182
152,191,183
162,198,189
160,201,193
153,191,182
155,198,188
156,198,186
154,196,184
160,201,192
157,193,188
152,193,187
154,191,183
153,196,187
161,196,189
152,192,186
156,192,186
154,191,184
155,193,189
162,200,190
156,197,193
154,194,190
155,192,187
159,194,186
155,197,192
156,196,183
160,200,195
155,196,192
161,197,187
161,200,189
161,200,195
162,199,189
153,196,188
160,195,189
162,201,192
162,201,194
156,193,182
153,194,182
153,192,181
153,192,187
152,191,182
152,191,184
152,193,182
157,197,184
156,199,190
161,196,188
156,192,183
153,196,186
154,197,190
159,194,188
160,199,195
160,199,187
156,198,193
157,193,183
154,196,191
154,193,181
154,193,189
161,201,191
156,199,191
155,198,191
160,201,194
161,198,187
162,199,194
154,192,181
163,200,192
153,191,185
156,197,184
161,196,190
157,198,194
163,200,193
159,199,195
158,193,186
160,201,191
160,198,186
156,199,189
155,196,183
155,195,182
154,191,182
156,193,189
157,196,193
157,196,183
153,193,181
158,200,189
152,194,183
154,197,186
151,192,184
154,191,185
155,198,187
151,192,183
154,195,191
158,193,185
157,199,187
153,195,183
153,196,189
159,195,191
163,199,192
158,196,193
161,201,195
152,192,181
161,198,194
158,198,185
162,197,190
160,195,186
158,197,194
158,197,184
156,195,182
156,195,192
163,199,191
159,200,195
157,195,192
157,198,185
158,200,194
152,194,188
162,200,195
162,198,193
153,191,181
152,195,186
160,196,192
161,199,195
156,199,192
158,193,187
159,194,185
163,200,191
162,201,191
162,201,195
155,193,181
163,201,193
152,191,181
152,191,185
162,197,189
159,201,192
158,194,190
153,196,185
151,193,184
152,195,187
159,201,193
157,199,194
153,195,190
154,195,182
151,192,185
161,196,187
151,193,185
163,200,194
151,191,183
159,197,194
163,201,194
159,200,188
158,195,183
156,196,193
160,200,188
155,191,184
159,196,184
156,192,187
151,192,182
152,195,185
162,197,191
159,195,184
156,199,188
157,197,194
162,198,188
155,191,183
160,195,190
157,200,191
151,191,182
160,201,195
163,199,193
154,197,191
158,199,195
163,201,192
152,193,188
152,192,187
155,198,192
154,194,181
157,200,192
156,194,191
153,193,189
159,194,189
159,201,191
160,196,185
151,193,183
151,191,184
161,201,190
155,197,184
160,201,190
163,199,190
155,192,181
158,194,183
159,198,195
159,198,185
155,194,181
155,194,191
155,195,192
157,200,190
161,196,191
154,192,188
162,200,189
157,194,182
156,192,182
158,193,184
161,197,193
159,201,194
