151,93,183
150,93,183
152,93,183
149,93,183
153,93,183
152,94,184
150,92,182
152,93,184
150,93,182
151,93,184
151,93,182
151,94,184
153,94,184
149,92,182
151,92,182
153,93,184
149,93,182
151,92,183
151,94,183
148,93,183
154,93,183
150,92,183
152,94,183
150,93,184
152,93,182
152,92,183
150,94,184
154,94,184
150,94,183
148,92,182
152,92,182
149,92,183
153,94,183
154,93,184
148,93,182
149,93,184
153,93,182
153,92,183
149,94,183
148,92,183
149,94,184
155,94,184
153,92,182
147,92,182
154,94,183
155,93,183
147,93,183
155,93,184
153,94,185
149,92,181
147,93,182
152,94,185
150,92,181
148,93,184
154,92,183
154,94,185
148,92,181
148,94,183
154,93,182
151,94,185
151,92,181
147,92,183
155,94,183
148,94,184
156,94,184
154,92,182
146,92,182
155,94,185
147,92,181
152,95,184
153,95,184
151,92,184
150,91,182
149,91,182
152,92,184
151,94,182
150,94,185
156,93,183
146,93,183
150,94,182
152,92,181
156,93,184
151,95,184
150,92,184
151,91,182
146,93,182
153,95,185
152,94,182
154,95,184
149,91,181
148,91,182
152,93,185
153,92,184
152,95,185
154,95,185
150,93,181
153,93,185
155,92,183
148,91,181
150,91,181
149,94,182
149,93,181
147,93,184
147,94,183
151,93,185
155,93,182
151,93,181
156,94,185
149,92,184
150,95,184
146,92,181
152,91,182
154,93,185
146,92,183
153,94,182
151,95,185
155,95,185
148,93,181
151,91,181
147,91,181
156,94,183
155,95,184
147,91,182
149,94,185
154,92,184
153,92,181
157,94,184
147,94,184
155,92,182
145,92,182
150,93,185
148,94,182
152,93,181
155,93,185
148,92,184
157,93,184
147,93,181
150,91,183
152,95,183
153,91,182
149,95,184
150,95,185
156,95,185
151,91,183
151,95,183
152,91,181
146,91,181
154,94,182
157,93,183
145,93,183
145,93,182
149,91,183
157,94,185
153,95,183
156,92,183
146,91,182
149,93,185
156,95,184
155,92,184
145,92,181
152,91,183
146,93,184
150,95,183
146,94,183
153,93,181
147,94,182
148,94,185
156,93,182
148,91,183
145,92,183
156,93,185
154,92,181
154,95,183
157,94,183
146,93,181
147,92,184
153,91,183
149,95,185
157,95,185
154,95,186
149,95,183
148,91,180
153,91,181
145,91,181
158,94,184
146,94,184
156,92,182
144,92,182
154,91,182
153,95,186
153,94,186
149,91,180
149,92,180
148,95,184
154,94,186
148,92,180
155,94,182
155,95,186
152,94,186
147,91,180
148,93,185
150,92,180
152,95,186
150,91,180
145,91,182
147,91,183
156,92,184
155,94,186
157,95,184
147,92,180
158,94,185
155,95,183
158,93,184
154,93,181
144,92,181
156,95,186
151,94,186
146,94,182
157,93,185
154,91,183
144,93,182
146,91,180
157,92,183
151,92,180
158,93,183
144,93,183
147,94,185
151,95,186
148,95,183
151,91,180
156,94,186
145,93,184
145,94,183
145,93,181
155,92,181
146,92,180
146,92,184
148,95,185
158,95,185
154,91,181
144,91,181
153,96,185
154,96,185
144,92,183
157,93,182
155,91,182
146,91,183
152,92,185
147,95,184
150,94,186
149,90,181
157,95,186
152,96,185
148,90,181
151,92,185
147,93,185
153,92,185
156,94,182
158,94,183
145,91,180
156,95,183
150,94,181
152,92,180
155,96,185
150,90,181
151,94,181
144,91,182
150,95,186
157,92,184
149,94,181
159,94,184
145,94,184
147,90,181
157,92,182
143,92,182
157,94,186
152,91,180
155,91,183
150,92,185
158,95,184
155,93,181
154,92,185
151,96,185
145,92,180
159,94,185
158,93,185
147,95,183
153,96,184
152,94,181
151,90,181
152,96,184
156,96,185
145,94,182
151,91,184
148,94,181
154,96,186
149,90,182
143,92,181
150,91,184
150,90,182
159,93,184
154,96,184
153,96,186
155,96,186
152,91,184
146,90,181
151,95,182
148,90,180
153,93,186
149,94,186
149,92,185
148,90,182
152,93,186
152,95,182
158,95,186
149,90,180
147,90,180
154,93,186
151,96,184
150,95,182
146,94,185
144,93,181
149,93,180
155,92,185
145,91,183
158,92,183
144,91,180
145,92,184
151,90,182
153,92,180
143,93,182
149,91,184
159,95,185
147,95,185
150,93,180
148,93,180
155,91,181
143,91,181
153,91,184
152,96,186
156,96,186
150,96,185
156,92,181
153,94,181
149,95,186
155,96,184
151,93,186
156,91,182
153,95,182
144,93,184
158,94,186
150,90,180
155,93,186
146,90,180
152,90,181
159,93,183
143,93,183
144,94,183
157,95,183
147,90,182
147,94,181
149,95,182
153,91,180
146,93,185
146,95,184
157,96,185
151,93,180
150,96,184
147,93,180
143,92,183
157,94,182
145,90,181
156,91,183
144,92,180
152,90,182
158,93,182
148,91,184
148,92,185
158,92,184
143,91,182
154,91,184
151,96,186
157,96,186
150,93,186
156,92,185
159,94,183
156,93,181
156,93,186
159,95,184
146,95,183
151,90,180
145,90,180
154,95,182
156,96,184
148,94,186
146,90,182
159,93,185
148,95,182
159,95,186
152,93,180
160,94,184
144,94,184
158,92,182
142,92,182
154,94,181
149,96,185
160,94,185
146,93,180
153,90,181
144,94,182
143,91,180
146,94,181
154,95,187
148,91,179
154,92,180
155,95,187
147,91,179
153,90,182
149,96,184
144,91,183
147,91,184
142,92,181
153,95,187
148,95,186
149,91,179
158,96,185
159,94,186
144,90,181
155,91,184
143,93,181
149,93,186
156,95,187
150,96,186
158,96,186
146,91,179
144,92,184
154,91,180
160,93,184
145,94,185
160,95,185
146,95,185
147,92,185
157,93,186
156,91,181
142,91,181
152,90,180
144,90,180
158,95,183
155,95,182
157,92,185
145,90,182
152,95,187
143,92,180
159,92,183
157,91,182
157,96,184
150,91,179
147,95,182
145,93,185
157,92,181
153,93,180
157,91,183
142,93,182
150,90,183
152,96,183
157,95,187
145,93,180
145,95,184
149,90,183
153,96,183
151,90,183
145,91,179
151,96,183
155,96,187
143,93,184
154,96,187
158,94,182
143,94,183
155,94,181
154,90,182
147,90,179
147,94,186
154,94,187
148,90,179
148,96,185
159,92,184
160,93,183
142,93,183
154,90,181
148,96,184
142,91,182
156,96,187
153,94,187
146,91,184
148,92,179
145,94,181
155,94,187
160,95,186
142,92,183
148,90,183
145,95,183
151,95,187
146,90,179
153,96,187
152,90,183
154,96,183
149,92,179
147,92,179
157,93,181
156,91,184
148,93,186
150,96,183
149,90,179
151,91,179
159,93,182
160,95,184
160,93,185
142,91,180
149,96,186
159,96,186
158,93,186
159,96,185
143,90,181
152,94,187
155,92,180
156,94,187
158,95,187
153,90,180
143,90,180
157,96,187
160,94,183
147,95,186
150,92,179
146,92,185
143,91,183
160,94,186
156,95,182
144,90,182
145,90,179
146,92,179
144,91,179
161,94,185
152,96,187
147,90,183
143,94,182
158,92,185
153,90,183
158,96,184
154,93,180
146,95,182
150,90,179
155,91,180
161,94,184
143,94,184
155,96,183
159,92,182
141,92,182
149,96,183
151,94,187
144,93,180
142,93,181
141,92,181
150,95,187
157,94,187
143,92,184
142,92,180
161,95,185
145,95,185
155,90,182
159,95,183
157,91,181
141,91,181
158,96,187
151,92,179
152,91,179
144,94,185
145,92,179
145,91,184
158,91,183
144,90,179
156,94,181
147,96,184
154,97,186
161,93,184
158,91,182
155,97,186
155,90,181
144,93,185
151,96,187
147,96,185
146,90,183
147,93,186
159,95,187
157,91,184
144,94,181
146,94,186
151,90,179
154,90,183
154,97,185
153,97,186
