185,152,181
186,153,182
184,151,180
185,152,180
185,152,182
185,151,181
185,153,181
186,152,182
184,152,180
186,153,181
186,153,183
184,151,181
184,151,179
185,151,180
185,153,182
186,152,181
186,154,182
184,152,181
184,150,180
185,151,182
185,153,180
186,152,183
187,154,183
183,150,179
184,152,179
187,153,183
183,151,179
184,150,179
186,154,183
184,150,181
186,154,181
187,154,182
187,154,184
183,150,180
183,150,178
187,153,182
183,151,180
185,152,183
187,153,184
183,151,178
186,151,182
187,155,183
184,153,180
183,149,179
185,150,181
186,153,184
184,151,182
185,154,181
186,151,181
185,153,183
185,150,180
184,153,181
184,152,182
185,154,182
183,149,178
187,155,184
185,151,183
187,152,183
186,152,184
183,152,179
188,154,184
182,150,178
186,151,183
188,155,184
183,149,180
182,149,178
187,155,182
186,154,184
187,152,182
185,150,182
186,155,182
184,149,180
184,153,179
183,152,180
185,154,180
188,154,183
184,150,182
182,150,179
187,154,185
183,150,181
184,149,179
186,155,183
183,151,181
188,155,185
188,155,183
182,149,179
182,149,177
187,152,184
188,154,185
182,150,177
187,153,185
183,152,178
184,149,181
186,155,181
188,153,184
184,153,182
182,151,178
188,156,184
185,154,183
182,148,178
187,155,185
188,153,183
182,151,179
187,156,183
183,149,181
186,151,184
188,156,185
182,148,177
183,148,179
185,152,184
185,150,183
183,152,181
188,153,185
187,156,184
188,156,183
182,148,179
183,148,178
182,150,180
186,155,184
186,153,185
184,151,183
182,151,177
186,150,182
188,155,186
189,155,185
181,149,177
182,149,180
188,154,186
187,152,185
185,153,184
186,150,181
184,154,180
184,153,178
184,152,183
189,156,185
181,148,177
185,154,179
183,148,180
184,154,181
185,151,184
187,151,183
187,156,182
185,149,181
189,155,184
185,155,181
186,152,185
181,149,178
184,149,182
187,151,182
185,149,180
183,153,179
185,155,182
189,155,186
186,154,185
183,153,180
181,149,176
186,150,183
189,156,186
189,156,184
181,148,178
181,148,176
184,150,183
182,151,180
189,154,185
187,154,186
183,150,182
186,155,180
181,150,177
183,151,182
188,156,186
187,151,184
185,149,182
186,150,180
189,154,184
187,153,186
184,154,179
187,156,185
186,156,182
188,152,184
188,153,186
181,150,178
184,148,180
182,148,180
187,151,181
188,152,183
186,156,183
185,155,180
185,149,179
188,157,184
184,148,179
182,152,178
189,154,186
183,153,178
189,157,185
184,154,182
184,153,183
182,147,178
182,152,179
181,147,177
185,154,184
188,157,185
187,155,186
181,150,176
183,148,181
181,149,179
182,147,177
185,155,183
189,157,186
186,151,185
188,152,185
183,149,182
183,153,181
184,148,181
181,147,176
185,150,184
189,155,187
183,152,182
189,156,187
189,157,184
181,148,179
186,156,181
188,157,183
186,150,184
187,156,181
181,147,178
182,147,179
188,152,182
182,150,181
184,148,178
186,155,185
188,155,187
182,149,181
187,152,186
188,154,187
182,152,177
187,151,185
185,149,183
190,156,186
180,148,176
181,150,179
187,157,183
186,156,184
184,149,183
189,153,185
187,157,184
183,147,179
189,153,184
190,156,185
182,152,180
180,148,177
189,154,187
190,157,186
183,147,178
185,152,185
180,147,176
188,157,186
181,151,177
190,156,187
184,153,177
181,151,178
180,148,175
190,155,186
185,154,178
184,154,178
182,151,181
189,157,187
180,149,176
186,153,186
184,151,184
188,156,187
188,152,186
190,155,185
190,157,187
190,157,185
189,153,186
184,148,182
180,147,177
180,147,175
185,155,179
185,151,185
185,153,185
188,153,187
183,147,180
180,149,177
187,156,186
187,157,182
186,149,182
183,153,177
186,149,181
186,152,186
184,152,184
182,148,181
181,147,179
187,150,183
182,147,180
187,150,182
189,153,183
190,155,187
189,158,185
184,155,180
183,147,177
184,155,181
186,155,179
181,151,176
186,154,186
184,150,184
184,154,183
188,157,182
183,154,179
183,148,182
187,157,185
183,154,180
180,149,175
189,158,186
181,146,177
185,148,181
185,148,180
187,154,187
181,149,180
183,150,183
185,156,181
185,156,182
185,155,184
186,156,180
180,148,178
187,153,187
183,151,183
186,149,183
189,155,188
188,151,184
188,151,183
181,146,176
190,158,186
186,149,180
183,153,182
187,150,184
187,150,181
186,150,185
181,151,179
189,156,188
181,148,180
190,156,188
182,152,176
180,146,176
188,158,184
189,158,184
187,151,186
188,158,185
190,158,187
185,149,184
181,146,178
190,157,188
182,153,178
182,153,179
190,154,186
180,147,178
180,149,178
189,153,187
185,148,182
180,146,175
185,148,179
190,154,185
181,150,180
190,158,185
183,147,181
182,146,178
186,151,186
184,155,179
184,153,184
186,156,185
187,155,187
184,155,182
188,151,185
187,156,180
182,146,177
183,149,183
188,151,182
185,150,185
185,154,185
180,146,177
180,150,176
186,157,182
186,157,183
183,154,178
189,154,188
190,155,188
183,154,181
180,150,177
184,147,180
182,152,181
184,147,179
188,157,187
185,156,180
189,158,187
185,156,183
187,152,187
190,154,187
188,158,183
183,152,183
188,154,188
188,152,187
182,150,182
189,157,188
189,152,185
189,152,184
191,157,187
179,147,175
188,155,188
182,149,182
182,146,179
187,157,181
184,148,183
186,155,186
186,149,184
184,149,184
190,154,184
187,150,185
181,147,180
182,147,181
191,157,186
182,146,176
182,153,177
188,158,186
179,147,176
184,147,181
182,153,180
184,147,178
181,151,175
191,156,187
180,150,175
190,158,188
179,148,175
181,152,177
191,157,188
181,152,178
181,146,179
191,158,187
179,147,174
179,146,175
191,156,186
185,148,183
186,157,181
189,152,186
189,152,183
186,157,184
179,148,176
189,158,183
187,157,186
184,154,177
180,146,178
188,151,186
180,150,178
190,158,184
188,153,188
180,148,179
191,158,188
191,158,186
182,151,182
187,158,183
185,155,178
191,156,188
187,158,184
188,156,188
179,146,174
179,146,176
182,148,182
190,159,186
190,156,189
183,153,176
181,151,180
188,157,181
179,148,174
190,154,188
187,156,187
190,159,187
183,146,179
184,153,176
183,146,178
189,153,188
182,146,180
183,148,183
190,157,189
189,159,185
185,154,177
184,152,185
180,147,179
183,147,182
180,149,179
180,145,176
189,159,186
181,152,176
179,147,177
184,155,178
181,152,179
186,150,186
185,153,186
183,151,184
180,145,175
184,155,183
184,147,182
189,155,189
186,156,179
181,149,181
190,153,186
190,155,189
190,153,185
191,155,187
184,154,184
184,151,185
190,159,185
183,154,177
191,157,189
191,155,186
188,158,182
185,152,186
183,154,182
189,156,189
187,151,187
181,148,181
181,145,177
179,148,177
182,152,175
185,149,185
185,155,185
185,156,179
191,159,187
189,158,188
186,155,178
183,146,180
189,152,187
179,149,175
183,146,177
184,153,185
181,145,176
185,156,184
187,158,182
180,145,177
183,153,183
187,158,185
183,152,184
187,149,182
179,149,176
186,149,185
187,149,183
183,150,184
191,158,189
187,150,186
179,145,175
189,159,184
186,148,181
180,151,176
191,156,189
180,151,177
179,146,177
191,159,188
180,150,174
186,148,182
191,155,188
190,153,187
190,153,184
189,154,189
185,154,186
186,154,187
182,150,183
186,153,187
181,150,181
182,153,176
191,159,186
190,159,188
188,150,183
179,145,174
188,158,187
181,145,178
184,156,181
190,158,189
181,146,180
188,150,184
182,153,181
183,155,180
191,155,185
185,148,184
189,159,187
184,156,180
187,149,181
186,156,186
179,145,176
183,155,179
188,152,188
182,151,183
184,148,184
186,157,180
181,145,175
188,151,187
186,148,180
179,149,174
187,149,184
188,159,184
188,157,188
186,157,185
180,146,179
