182,92,132
182,92,131
182,92,133
182,92,130
182,92,134
183,93,133
181,91,131
183,92,132
181,92,132
183,92,133
181,92,131
183,93,132
183,93,134
181,91,130
181,91,132
183,92,131
181,92,133
182,91,131
182,92,129
182,92,135
182,93,133
183,92,134
182,91,132
182,93,132
181,92,130
183,93,131
183,93,135
181,91,129
181,91,133
182,91,130
182,93,134
182,91,133
182,93,131
183,92,130
181,92,134
183,92,135
181,92,129
182,91,129
182,93,135
182,91,134
182,93,130
183,93,130
183,93,136
181,91,128
181,91,134
182,92,128
182,92,136
184,93,133
180,91,131
184,93,134
180,91,130
183,92,129
181,92,135
183,92,136
181,92,128
184,93,132
180,91,132
184,93,135
182,91,128
180,91,129
182,93,136
182,91,135
182,93,129
183,93,129
183,93,137
181,91,127
181,91,135
184,93,131
180,91,133
183,94,134
183,91,132
183,94,133
184,93,136
181,90,130
180,91,128
181,90,131
181,93,132
183,91,131
182,92,127
182,92,137
183,91,133
181,93,133
181,93,131
183,92,128
183,94,135
184,94,134
181,90,129
183,94,132
181,90,132
180,90,130
184,92,133
181,92,136
183,92,137
180,92,131
184,94,133
184,94,135
184,92,132
183,91,130
180,90,131
180,90,129
184,92,134
180,92,132
181,92,127
182,91,127
181,93,134
180,92,130
183,91,134
182,93,137
182,91,136
181,93,130
184,93,130
182,93,128
183,94,136
180,91,134
184,92,131
181,90,128
184,93,137
184,94,132
184,94,136
183,94,131
180,90,128
180,90,132
181,90,133
180,91,127
180,92,133
184,92,135
183,93,128
183,93,138
181,91,126
181,91,136
180,92,129
183,91,129
181,93,135
183,91,135
184,92,130
181,93,129
182,90,131
182,94,133
184,94,131
184,94,137
183,92,127
180,90,127
180,90,133
180,92,134
182,90,130
181,90,127
182,92,126
182,92,138
184,92,136
182,94,134
183,94,137
182,90,132
182,94,132
181,90,134
183,94,130
183,92,138
181,92,137
184,93,129
180,92,128
182,91,126
180,91,135
184,93,138
181,92,126
182,90,129
183,91,128
182,94,135
182,91,137
182,93,138
180,91,126
182,90,133
182,94,131
182,93,127
183,91,136
181,93,136
184,92,129
181,93,128
184,94,130
184,94,138
185,94,134
183,93,127
183,93,139
185,93,134
185,94,135
181,91,137
181,91,125
179,90,130
180,90,126
180,90,134
179,91,130
179,90,129
184,92,137
180,92,135
182,90,128
185,93,133
179,91,131
181,90,126
185,93,135
182,94,136
179,91,129
183,94,138
185,94,133
182,90,134
179,90,131
181,90,135
185,94,136
180,92,127
179,90,128
183,94,129
182,94,130
185,93,132
179,91,132
185,93,136
184,93,128
183,91,127
183,92,126
179,91,128
184,93,139
185,94,132
180,91,136
179,90,132
185,94,137
183,92,139
182,92,125
182,92,139
179,90,127
183,91,137
181,92,138
182,91,125
180,91,125
184,92,128
181,93,137
182,90,127
185,93,131
181,92,125
182,91,138
182,94,137
182,93,139
184,94,139
184,94,129
182,90,135
179,91,133
180,90,135
184,92,138
180,90,125
185,93,137
181,93,127
180,92,136
184,95,135
184,95,134
182,93,126
184,91,132
182,94,129
179,91,127
184,91,133
181,90,125
180,89,129
180,89,130
185,94,131
184,95,136
183,94,139
184,91,131
180,93,132
180,92,126
184,95,133
181,90,136
179,90,133
185,94,138
180,93,131
184,91,134
179,90,126
183,94,128
180,89,128
183,93,126
183,93,140
181,91,124
181,91,138
180,89,131
180,93,133
185,93,130
180,93,130
183,91,126
184,91,130
182,90,126
184,95,137
184,93,127
179,91,134
183,95,134
184,95,132
185,93,138
185,95,135
183,90,131
180,89,127
184,91,135
183,95,135
183,90,132
181,89,130
184,92,127
180,89,132
183,95,133
183,91,138
184,93,140
185,92,133
185,95,134
185,95,136
180,93,134
182,90,136
182,94,138
185,92,134
179,89,129
180,91,137
179,91,126
181,94,133
181,89,129
183,90,130
181,94,132
183,92,125
181,93,138
181,89,131
179,89,128
179,89,130
179,92,131
185,92,132
185,94,130
183,90,133
179,92,130
180,91,124
180,93,129
181,94,134
184,94,128
184,94,140
183,95,136
184,92,139
182,94,128
183,92,140
185,92,135
185,94,139
179,90,134
180,90,136
180,90,124
182,91,124
185,95,133
185,95,137
184,91,129
179,92,132
181,89,128
183,95,132
181,94,131
180,92,137
181,92,139
179,90,125
181,93,126
182,92,124
182,92,140
181,89,132
184,95,138
183,90,129
179,92,129
179,89,127
179,89,131
182,91,139
184,95,131
181,90,124
185,92,131
181,92,124
180,89,126
184,91,136
182,93,140
185,93,129
183,90,134
180,89,133
181,94,135
180,92,125
180,93,135
181,90,137
183,94,140
185,92,136
179,92,133
182,93,125
183,95,137
185,93,139
179,91,135
181,89,127
183,94,127
181,94,130
185,95,132
185,95,138
182,90,125
180,93,128
183,95,131
179,92,128
181,89,133
179,89,126
179,89,132
183,90,128
183,91,125
179,91,125
184,91,128
185,92,130
183,93,125
183,93,141
181,91,123
181,91,139
182,90,137
185,94,129
182,94,139
183,90,135
186,94,135
178,90,129
184,93,126
184,92,126
184,95,139
181,94,136
186,94,134
185,94,140
185,92,137
178,90,130
183,91,139
179,90,135
180,89,125
186,94,136
178,90,128
184,91,137
179,92,134
184,95,130
184,93,141
180,89,134
179,90,124
182,94,127
181,93,139
181,89,126
180,93,136
183,95,138
180,91,138
181,94,129
185,95,131
185,95,139
184,92,140
186,94,133
184,94,127
184,94,141
178,90,131
179,92,127
180,90,123
180,90,137
185,93,128
186,94,137
181,89,134
180,91,123
183,95,130
179,89,125
179,89,133
178,90,127
183,92,124
183,90,127
180,92,138
185,92,129
181,93,125
180,93,127
183,92,141
185,93,140
182,91,123
181,90,123
179,91,136
182,89,130
182,95,134
184,91,127
183,90,136
182,89,131
181,92,140
182,95,133
186,94,132
186,95,135
180,92,124
186,95,136
181,90,138
185,92,138
182,91,140
181,94,137
178,90,132
183,94,141
182,90,124
186,93,134
178,89,129
178,89,128
182,89,129
186,93,135
182,92,123
182,92,141
186,94,138
182,95,135
179,92,135
178,91,130
181,92,123
182,93,141
182,89,132
178,91,129
179,91,124
186,95,134
178,90,126
186,95,137
182,95,132
186,93,133
183,94,126
184,95,140
180,89,124
178,89,130
181,89,125
184,91,138
185,94,128
178,89,127
186,93,136
178,91,131
184,95,129
182,90,138
182,93,124
181,94,128
183,95,139
180,89,135
183,91,124
185,95,130
185,95,140
182,89,128
178,91,128
185,94,141
179,92,126
180,93,137
182,94,140
181,89,135
179,90,136
182,95,136
179,89,124
179,89,134
186,93,132
186,95,133
183,90,126
182,89,133
183,95,129
186,95,138
186,94,131
184,92,125
179,90,123
185,92,128
178,89,131
182,95,131
183,91,140
178,91,132
186,93,137
178,89,126
178,90,133
183,93,124
183,93,142
181,91,122
181,91,140
184,93,125
186,94,139
185,93,127
182,94,126
180,93,126
178,91,127
183,90,137
178,90,125
184,93,142
182,89,127
184,92,141
181,93,140
185,92,139
184,91,126
184,94,126
184,94,142
180,90,122
180,90,138
181,94,138
180,91,139
186,93,131
185,93,141
182,95,137
186,95,132
179,92,136
182,89,134
186,95,139
180,92,139
179,91,137
178,89,132
180,91,122
181,89,124
185,96,136
186,93,138
185,96,135
178,91,133
181,93,124
178,89,125
182,95,130
183,92,123
181,90,122
180,89,123
185,91,133
184,91,139
184,95,141
186,94,130
181,94,127
