173,83,106
173,83,107
173,83,105
173,83,108
173,83,104
174,83,106
172,83,106
174,84,107
172,82,105
174,83,107
172,83,105
174,84,108
174,84,106
172,82,106
172,82,104
174,83,105
172,83,107
173,83,109
173,83,103
174,83,108
173,82,105
173,84,107
172,83,104
173,82,106
173,84,106
174,84,109
174,84,105
172,82,107
172,82,103
173,82,104
173,84,108
174,83,104
172,83,108
173,82,107
173,84,105
174,83,109
172,83,103
173,82,103
173,84,109
173,83,102
173,83,110
174,84,110
174,84,104
172,82,108
172,82,102
174,83,103
173,82,108
173,84,104
172,83,109
175,84,107
171,82,105
175,84,108
171,82,104
175,84,106
171,82,106
173,82,102
174,83,110
173,84,110
175,84,109
171,82,103
172,83,102
175,84,105
174,84,103
174,84,111
172,82,109
172,82,101
171,82,107
173,82,109
173,84,103
174,83,102
173,83,111
173,83,101
172,83,110
175,84,110
171,82,102
174,82,106
174,82,105
172,84,106
172,84,107
174,85,108
175,83,107
175,83,106
174,85,107
172,81,104
171,83,105
171,83,106
173,82,101
174,82,107
174,82,104
172,81,105
175,85,108
173,84,111
175,84,104
174,85,109
172,84,105
172,84,108
174,83,111
171,81,104
171,82,108
172,81,103
175,83,108
175,83,105
175,85,109
175,85,107
171,83,104
171,83,107
171,81,103
171,81,105
172,83,101
174,85,106
172,81,106
174,82,108
174,82,103
175,84,111
173,82,110
174,85,110
174,84,112
174,84,102
172,82,110
172,82,100
172,81,102
175,85,110
175,85,106
171,82,101
172,84,104
175,83,109
172,84,109
171,81,102
171,81,106
175,83,104
173,84,102
171,83,103
171,83,108
174,83,101
174,85,105
172,81,107
172,83,111
175,84,103
173,83,112
173,83,100
171,82,109
173,82,100
174,82,109
175,85,111
175,85,105
174,82,102
174,85,111
172,81,101
171,81,107
171,81,101
173,84,112
175,83,110
175,83,103
172,84,103
172,84,110
174,83,112
173,81,105
173,85,107
173,81,104
173,85,108
171,83,102
175,84,112
171,83,109
172,83,100
171,82,100
172,81,108
174,85,104
173,81,106
173,81,103
173,85,106
173,85,109
173,82,111
176,84,108
176,84,107
170,82,104
170,82,105
174,84,113
174,84,101
172,82,111
172,82,99
176,85,108
173,84,101
170,81,104
176,85,109
170,81,103
175,85,104
175,85,112
176,84,109
176,84,106
170,82,103
170,82,106
171,81,100
171,81,108
174,82,110
176,85,107
173,81,107
175,84,102
174,83,100
172,81,100
173,81,102
174,82,101
170,81,105
174,85,112
173,85,105
173,85,110
175,83,111
175,83,102
171,82,110
176,85,110
170,81,102
172,83,112
172,84,102
172,84,111
173,82,99
176,84,110
171,83,101
176,84,105
176,85,106
171,83,110
170,81,106
170,82,102
170,82,107
173,83,99
173,83,113
172,81,109
173,84,113
174,85,103
175,84,113
173,81,108
176,85,111
173,81,101
174,83,113
170,81,101
171,82,99
173,85,104
173,85,111
175,85,113
175,85,103
172,83,99
176,85,105
171,81,109
171,81,99
176,84,111
176,84,104
173,82,112
172,81,99
170,81,107
174,82,111
175,82,106
174,82,100
174,85,113
170,82,101
175,82,105
170,82,108
175,83,112
175,83,101
175,82,107
174,84,100
174,84,114
172,82,98
172,82,112
175,84,101
173,84,100
171,84,106
171,84,107
176,85,112
175,82,104
172,84,101
175,86,109
172,84,112
171,84,105
170,81,100
171,82,111
175,86,108
174,83,99
173,81,109
173,81,100
171,83,100
171,83,111
175,82,108
175,86,110
171,80,103
172,81,110
171,84,108
176,83,107
171,80,104
173,85,103
173,85,112
176,83,106
174,85,102
172,83,113
175,86,107
171,80,102
176,85,104
173,82,98
176,83,108
170,83,105
176,84,112
171,84,104
176,84,103
175,82,103
170,83,106
170,81,108
171,80,105
175,84,114
175,86,111
176,83,105
170,83,104
176,86,109
170,82,100
173,84,114
170,82,109
174,81,105
173,83,114
173,83,98
175,85,114
175,85,102
174,81,104
176,86,108
176,86,110
175,82,109
171,84,109
171,80,101
171,82,98
176,83,109
170,83,107
171,81,110
171,81,98
170,80,103
174,81,106
172,85,107
175,86,106
176,85,113
174,83,114
172,81,98
172,85,108
174,82,112
174,86,108
174,86,109
170,80,102
170,80,104
174,82,99
170,81,99
170,83,103
174,81,103
172,85,106
174,85,114
171,80,106
175,83,113
176,83,104
175,83,100
176,86,111
176,86,107
172,80,104
172,80,103
171,84,103
175,82,102
173,81,110
174,86,107
173,81,99
174,86,110
172,83,98
174,81,107
173,82,113
175,86,112
172,85,109
170,80,105
170,80,101
172,80,105
172,80,102
175,84,100
170,83,108
176,83,110
171,80,100
172,84,100
176,85,103
172,84,113
172,85,105
173,85,102
173,85,113
174,81,102
176,84,113
173,84,99
174,84,115
174,84,99
172,82,113
172,82,97
171,83,99
176,84,102
175,82,110
171,84,110
171,83,112
172,81,111
170,81,109
171,82,112
175,86,105
177,85,109
177,85,108
169,81,103
169,81,104
174,86,106
174,86,111
176,86,112
176,86,106
170,83,102
172,80,106
172,80,101
176,83,103
171,80,107
174,85,101
172,85,110
174,83,98
174,81,108
170,82,99
177,85,110
170,80,106
170,80,100
177,85,107
170,82,110
169,81,102
169,81,105
171,84,102
176,85,114
175,82,101
175,86,113
172,85,104
173,82,97
170,83,109
172,83,114
175,84,115
176,83,111
174,81,101
171,80,99
175,85,101
175,85,115
170,81,98
171,81,97
171,81,111
177,85,111
177,85,106
169,81,101
174,86,105
169,81,106
174,86,112
172,80,107
172,81,97
172,80,100
174,82,113
173,81,111
171,82,97
176,86,105
176,86,113
173,84,115
173,81,98
174,82,98
177,84,108
175,82,111
177,84,107
172,85,111
175,83,114
169,82,104
170,83,101
174,81,109
171,84,111
174,85,115
175,86,104
175,83,99
170,80,99
170,80,107
173,83,115
173,83,97
169,82,105
177,84,109
176,83,102
171,80,108
174,83,115
176,85,102
169,82,103
176,84,114
177,84,106
177,86,109
176,84,101
173,85,101
177,86,110
173,85,114
177,85,112
170,81,110
177,85,105
169,82,106
169,80,103
177,86,108
169,80,102
172,85,103
177,84,110
173,82,114
169,81,100
175,84,99
169,81,107
172,84,99
172,83,97
174,81,100
172,84,114
169,80,104
176,83,112
171,84,101
170,83,110
177,86,111
175,82,100
169,82,102
171,83,98
175,86,114
172,81,112
171,83,113
170,82,98
172,80,108
171,80,98
172,80,99
170,82,111
174,86,104
177,84,105
169,80,101
174,86,113
177,86,107
171,82,113
173,80,104
173,86,108
176,85,115
173,84,98
174,85,100
174,84,116
174,84,98
172,82,114
172,82,96
173,80,103
176,86,114
176,86,104
173,86,109
169,82,107
169,80,105
173,80,105
173,86,107
174,81,110
177,84,111
172,85,112
170,80,108
170,80,98
177,86,112
170,81,97
174,83,97
170,83,100
173,80,102
175,82,112
176,83,101
173,86,110
177,85,113
177,85,104
175,86,103
169,80,100
169,82,101
171,80,109
171,84,112
175,85,116
175,85,100
173,80,106
173,81,112
171,81,96
171,81,112
175,84,116
169,81,99
177,84,104
173,81,97
177,86,106
173,86,106
169,81,108
173,82,96
172,81,96
172,83,115
172,85,102
169,80,106
174,82,114
176,85,101
174,81,99
173,80,101
174,82,97
169,82,108
175,83,115
176,84,115
173,86,111
172,80,109
175,83,98
171,82,96
172,80,98
176,84,100
176,83,113
177,86,113
176,82,106
177,84,112
174,85,116
170,83,111
174,86,103
