200,51,167
200,51,166
200,51,168
200,51,165
200,51,169
200,51,164
200,51,170
201,51,168
199,51,166
201,51,167
199,51,167
201,51,169
199,51,165
200,51,163
200,51,171
201,51,166
199,51,168
201,51,170
199,51,164
200,50,167
200,52,167
200,50,166
200,52,168
201,51,165
199,51,169
200,50,168
200,52,166
200,50,165
200,52,169
201,52,168
199,50,166
201,51,171
199,51,163
201,52,167
201,52,169
199,50,165
199,50,167
200,50,169
200,52,165
200,51,162
200,51,172
201,52,166
201,52,170
199,50,164
199,50,168
200,50,164
201,51,164
200,52,170
199,51,170
200,50,170
200,52,164
201,51,172
199,51,162
201,52,165
201,52,171
199,50,163
199,50,169
200,50,163
200,52,171
200,51,161
200,51,173
201,51,163
199,51,171
200,50,171
200,52,163
201,52,164
201,52,172
199,50,162
199,50,170
201,51,173
199,51,161
200,50,162
200,52,172
201,50,168
201,50,167
199,52,166
199,52,167
201,50,169
201,50,166
199,52,165
201,51,162
199,52,168
200,50,172
199,51,172
200,52,162
201,52,163
201,52,173
199,50,161
199,50,171
200,51,160
200,51,174
201,50,170
201,50,165
199,52,164
199,52,169
201,51,174
199,51,160
200,50,161
200,52,173
202,52,169
198,50,165
202,51,169
202,52,168
202,51,168
198,51,165
198,50,166
198,51,166
201,50,171
202,52,170
198,50,164
201,50,164
199,52,163
202,51,170
198,51,164
202,51,167
198,51,167
202,52,167
199,52,170
198,50,167
200,50,173
202,52,171
201,51,161
198,50,163
200,52,161
201,52,162
201,52,174
199,50,160
199,50,172
202,51,171
199,51,173
198,51,163
202,51,166
198,51,168
202,52,166
198,50,168
201,50,172
201,50,163
200,51,159
200,51,175
202,52,172
199,52,162
198,50,162
201,51,175
200,50,160
199,52,171
202,51,172
199,51,159
200,52,174
202,51,165
198,51,162
198,51,169
202,52,165
198,50,169
200,50,174
202,52,173
198,50,161
201,52,161
201,52,175
201,50,173
199,50,159
199,50,173
201,53,168
200,52,160
201,53,169
201,51,160
202,51,173
201,50,162
199,49,166
201,53,167
199,49,165
202,51,164
199,52,161
198,51,161
199,51,174
199,49,167
201,53,170
198,51,170
199,52,172
202,52,164
199,49,164
198,50,170
201,53,166
199,49,168
200,50,159
200,49,167
200,53,167
200,49,166
200,53,168
201,53,171
202,52,174
200,51,158
200,52,175
199,49,163
198,50,160
200,49,168
200,53,166
199,51,158
200,49,165
200,53,169
201,53,165
202,51,174
201,50,174
199,49,169
202,51,163
198,51,160
201,50,161
200,49,169
200,53,165
198,51,171
200,49,164
200,53,170
199,52,160
202,52,163
201,53,172
201,52,160
201,52,176
199,50,158
199,50,174
199,49,162
198,50,171
199,52,173
200,52,159
201,51,159
201,53,164
199,49,170
200,49,170
202,52,175
200,53,164
200,49,163
202,53,169
200,53,171
198,50,159
202,53,168
202,53,170
202,50,168
202,50,169
198,49,165
202,51,175
198,49,164
198,49,166
202,50,167
201,53,173
198,52,166
200,50,158
198,52,165
202,51,162
199,49,161
202,50,170
202,53,167
202,53,171
198,51,159
201,50,175
198,52,167
198,49,163
198,49,167
198,52,164
198,51,172
201,50,160
202,50,166
200,49,171
202,52,162
199,51,157
200,51,157
200,49,162
201,53,163
200,53,163
198,50,172
202,50,171
199,49,171
199,52,159
200,53,172
198,52,168
202,53,166
202,53,172
199,52,174
198,52,163
198,49,162
198,49,168
201,52,159
199,50,157
202,50,165
202,52,176
200,52,158
201,53,174
199,49,160
202,50,172
198,50,158
198,52,169
201,51,158
202,51,176
202,53,165
202,53,173
200,49,172
198,52,162
202,51,161
200,49,161
200,53,162
198,49,161
198,49,169
198,51,158
200,53,173
201,53,162
203,52,170
202,50,164
199,49,172
197,50,164
203,52,169
197,50,165
201,49,167
198,51,173
201,49,168
202,52,161
203,52,171
197,50,163
203,52,168
197,50,166
200,50,157
201,49,166
202,50,173
201,50,159
199,53,167
198,52,170
199,53,166
198,50,173
201,49,169
199,53,168
199,52,158
203,52,172
202,53,164
202,53,174
199,53,165
197,50,162
203,52,167
201,49,165
198,52,161
197,50,167
199,49,159
201,53,175
198,49,160
198,49,170
199,51,156
201,49,170
200,49,173
199,53,169
200,51,156
202,50,163
200,49,160
203,51,169
199,53,164
203,51,170
198,50,157
200,53,161
197,51,165
197,51,164
203,52,173
201,52,158
199,50,156
201,49,164
203,51,168
197,50,161
203,52,166
200,53,174
197,51,166
203,51,171
202,50,174
197,50,168
199,49,173
198,52,171
201,53,161
202,51,160
197,51,163
201,49,171
200,52,157
199,53,170
203,51,167
198,51,157
201,51,157
197,51,167
202,53,163
202,53,175
203,51,172
199,53,163
198,52,160
202,52,160
197,51,162
198,49,159
198,49,171
203,52,174
201,49,163
203,52,165
197,50,160
201,50,158
202,50,162
203,51,166
197,50,169
199,49,158
201,49,172
201,53,176
200,49,174
197,51,168
199,53,171
200,50,156
203,51,173
200,49,159
199,52,157
202,50,175
197,51,161
200,53,160
198,52,172
199,53,162
200,53,175
203,51,165
201,49,162
198,50,156
203,53,170
203,52,175
203,53,169
201,53,160
199,51,155
202,53,162
202,53,176
203,53,171
203,52,164
198,52,159
197,49,164
197,50,159
197,51,169
197,49,165
203,51,174
202,51,159
203,53,168
198,49,158
198,49,172
197,50,170
197,49,163
201,49,173
200,51,155
201,52,157
199,50,155
199,53,172
203,53,172
197,49,166
197,51,160
202,50,161
198,51,156
197,49,162
200,52,156
203,53,167
202,52,159
199,53,161
203,51,164
199,49,157
197,49,167
202,50,176
203,53,173
201,51,156
200,49,158
201,49,161
198,52,173
201,50,157
203,52,176
197,51,170
197,49,161
203,51,175
200,53,159
203,52,163
203,53,166
197,50,158
201,49,174
197,50,171
197,51,159
199,52,156
197,49,168
202,53,161
202,53,177
199,53,173
198,52,158
200,50,155
203,53,174
198,49,157
198,49,173
201,53,159
198,50,155
197,49,160
203,51,163
202,50,160
199,53,160
201,54,168
201,54,169
203,53,165
202,51,158
201,54,167
201,54,170
197,51,171
199,48,166
201,49,160
203,51,176
199,48,165
199,51,154
197,49,169
203,52,177
199,48,167
198,51,155
199,48,164
203,53,175
201,52,156
203,52,162
201,54,166
199,50,154
201,54,171
199,49,156
202,52,158
197,50,157
200,49,157
197,51,158
200,51,154
201,49,175
197,49,159
199,48,168
197,50,172
202,54,169
199,48,163
199,53,174
203,50,169
202,54,170
200,52,155
200,53,158
203,50,170
202,54,168
203,50,168
202,49,168
203,53,164
202,49,169
201,50,156
201,54,165
202,53,160
203,51,162
202,49,167
202,54,171
198,52,157
201,54,172
203,50,171
201,51,155
197,52,165
203,50,167
198,49,156
197,52,164
202,54,167
198,48,165
197,49,170
199,48,169
202,49,170
197,52,166
199,53,159
198,48,164
199,48,162
202,49,166
198,48,166
202,50,159
198,53,166
203,53,176
203,51,177
201,53,158
198,53,165
202,54,172
197,52,163
199,52,155
198,48,163
197,51,172
198,53,167
203,50,172
197,52,167
201,49,159
200,48,166
200,54,168
203,50,166
200,48,167
200,54,167
198,48,167
202,49,171
200,50,154
202,54,166
197,49,158
198,53,164
200,48,165
201,54,164
200,54,169
198,50,154
202,49,165
198,53,168
200,48,168
201,54,173
200,54,166
203,52,161
198,48,162
197,52,162
199,48,170
197,51,157
202,51,157
199,48,161
