199,170,55
199,169,55
199,171,55
199,168,55
199,172,55
199,167,55
199,173,55
200,171,55
198,169,55
200,170,55
198,170,55
200,172,55
198,168,55
199,166,55
199,174,55
200,169,55
198,171,55
200,173,55
198,167,55
199,170,54
199,170,56
199,169,54
199,171,56
199,171,54
199,169,56
200,168,55
198,172,55
200,171,56
198,169,54
199,168,54
199,172,56
200,170,56
200,172,56
198,168,54
198,170,54
200,174,55
198,166,55
199,172,54
199,168,56
199,165,55
199,175,55
200,169,56
200,173,56
198,167,54
198,171,54
199,167,54
199,173,56
200,167,55
198,173,55
199,173,54
199,167,56
200,168,56
200,174,56
200,175,55
198,166,54
198,172,54
198,165,55
199,166,54
199,174,56
200,166,55
199,164,55
199,176,55
199,174,54
198,174,55
199,166,56
200,167,56
200,175,56
198,165,54
198,173,54
200,176,55
198,164,55
199,165,54
200,171,54
199,175,56
200,170,54
198,169,56
198,170,56
200,172,54
200,169,54
198,168,56
198,171,56
199,175,54
200,165,55
200,166,56
200,176,56
199,165,56
198,164,54
198,174,54
198,175,55
200,173,54
198,167,56
200,168,54
199,163,55
199,177,55
198,172,56
201,172,56
197,168,54
201,171,56
197,169,54
200,177,55
201,173,56
197,167,54
201,172,55
201,171,55
198,163,55
197,168,55
199,164,54
197,169,55
201,170,56
199,176,56
197,170,54
200,174,54
201,173,55
197,167,55
201,170,55
201,174,56
198,166,56
197,170,55
200,167,54
197,166,54
198,173,56
199,176,54
201,174,55
200,165,56
200,177,56
201,169,56
198,163,54
198,175,54
197,171,54
197,166,55
199,164,56
201,169,55
200,164,55
197,171,55
201,175,56
198,176,55
197,165,54
200,175,54
198,165,56
200,166,54
201,175,55
197,165,55
201,168,56
199,162,55
199,178,55
200,178,55
201,168,55
198,174,56
197,172,54
199,163,54
197,172,55
198,162,55
199,177,56
200,171,57
201,176,56
200,172,57
197,164,54
198,169,53
200,170,57
198,168,53
198,170,53
199,177,54
200,173,57
200,164,56
200,178,56
200,176,54
201,176,55
198,162,54
198,176,54
198,167,53
199,163,56
197,164,55
200,169,57
201,167,55
201,167,56
200,165,54
198,164,56
198,171,53
200,163,55
197,173,54
197,173,55
198,177,55
198,175,56
200,174,57
199,170,53
199,170,57
199,169,53
199,171,57
198,166,53
201,177,56
197,163,54
199,171,53
200,168,57
199,169,57
199,168,53
199,172,57
198,172,53
199,162,54
200,179,55
201,177,55
199,178,56
199,161,55
199,179,55
199,172,53
198,161,55
199,168,57
200,175,57
200,177,54
197,163,55
199,167,53
201,166,55
198,165,53
199,173,57
201,166,56
197,174,54
197,174,55
200,164,54
201,172,57
198,163,56
200,167,57
199,178,54
200,163,56
200,179,56
198,161,54
198,177,54
198,173,53
201,171,57
201,173,57
197,168,53
199,173,53
199,162,56
197,167,53
197,169,53
198,176,56
199,167,57
201,178,56
199,166,53
201,170,57
201,174,57
199,174,57
197,162,54
200,162,55
197,166,53
197,170,53
200,176,57
201,171,54
198,164,53
201,172,54
198,178,55
201,178,55
201,170,54
197,169,56
197,168,56
201,173,54
201,169,57
201,175,57
201,165,55
197,162,55
199,174,53
197,170,56
200,166,57
198,174,53
197,167,56
200,178,54
199,161,54
201,165,56
197,165,53
197,171,53
199,166,57
199,165,53
201,169,54
200,180,55
197,175,55
197,175,54
201,174,54
199,175,57
199,179,56
200,163,54
197,171,56
198,160,55
198,162,56
197,166,56
199,160,55
201,168,57
201,176,57
201,179,56
200,177,57
198,163,53
201,168,54
198,177,56
197,164,53
197,172,53
200,162,56
200,180,56
199,179,54
197,161,54
198,160,54
198,178,54
201,175,54
199,175,53
202,173,56
196,167,54
202,172,56
196,168,54
197,172,56
199,161,56
201,179,55
199,165,57
202,174,56
197,165,56
199,164,53
196,166,54
200,165,57
198,175,53
202,171,56
196,169,54
200,161,55
199,176,57
201,164,55
197,161,55
200,170,53
200,171,53
201,167,54
202,175,56
201,164,56
201,167,57
201,177,57
196,165,54
200,169,53
198,170,57
202,170,56
198,169,57
200,179,54
200,172,53
201,176,54
196,170,54
197,176,55
197,163,53
197,173,53
197,176,54
198,171,57
197,173,56
198,168,57
199,160,54
198,162,53
200,168,53
200,162,54
200,178,57
197,164,56
200,173,53
198,161,56
202,176,56
199,176,53
196,164,54
201,180,56
202,172,55
198,172,57
202,173,55
202,169,56
196,168,55
196,167,55
196,171,54
198,167,57
199,164,57
199,163,53
202,171,55
197,160,54
202,174,55
201,166,54
198,159,55
198,178,56
196,169,55
198,176,53
200,167,53
196,166,55
200,164,57
199,177,57
201,180,55
201,177,54
201,166,57
201,178,57
200,174,53
199,159,55
200,161,56
202,170,55
198,159,54
198,173,57
197,162,53
197,174,53
202,175,55
197,174,56
196,170,55
202,177,56
201,163,55
198,166,57
196,165,55
196,163,54
199,160,56
197,160,55
202,168,56
197,163,56
196,172,54
201,163,56
200,166,53
202,169,55
197,177,55
200,180,54
200,160,55
198,161,53
197,177,54
202,176,55
202,173,57
200,175,53
200,179,57
196,171,55
199,177,53
202,172,57
201,165,54
202,174,57
196,167,53
196,164,55
198,174,57
196,168,53
196,166,53
200,161,54
199,162,53
202,171,57
199,163,57
202,178,56
198,165,57
201,178,54
201,181,56
202,175,57
196,169,53
198,160,56
201,165,57
201,179,57
199,159,54
196,162,54
202,167,56
198,177,53
202,168,55
199,178,57
196,165,53
197,175,56
200,163,57
197,161,53
197,175,53
197,159,54
196,173,54
200,165,53
202,170,57
202,177,55
196,172,55
198,179,56
201,181,55
197,162,56
196,170,53
200,176,53
202,176,57
196,163,55
198,158,55
196,164,53
198,175,57
201,162,55
200,160,56
198,158,54
202,169,57
197,159,55
198,164,57
201,164,54
202,179,56
202,167,55
199,158,55
199,178,53
201,162,56
198,160,53
196,171,53
200,180,57
202,177,57
201,179,54
202,178,55
196,161,54
199,159,56
202,166,56
197,178,55
196,173,55
199,161,53
200,164,53
196,163,53
199,162,57
201,164,57
201,180,57
196,174,54
197,176,56
196,162,55
200,177,53
200,171,58
200,159,55
197,160,53
197,176,53
200,172,58
202,168,57
200,160,54
199,179,57
198,178,53
200,170,58
200,173,58
197,161,56
200,162,57
198,176,57
198,169,52
198,168,52
196,172,53
198,159,56
198,170,52
202,178,57
202,166,55
198,167,52
197,158,54
198,163,57
200,169,58
199,158,54
201,172,58
200,174,58
202,180,56
201,173,58
196,162,53
202,179,55
201,171,58
201,163,54
198,171,52
198,166,52
196,174,55
201,174,58
202,165,56
196,160,54
200,163,53
201,161,55
197,168,52
199,179,53
201,170,58
201,180,54
202,167,57
197,167,52
200,168,58
196,161,55
197,169,52
198,159,53
197,158,55
200,175,58
196,175,54
200,178,53
198,157,55
198,172,52
196,173,53
197,166,52
201,175,58
202,172,54
201,161,56
199,160,53
202,173,54
200,159,56
198,165,52
198,157,54
201,163,57
201,181,57
197,177,56
202,171,54
197,170,52
199,161,57
202,179,57
201,171,53
201,172,53
201,169,58
198,177,57
197,159,53
197,177,53
202,174,54
201,170,53
196,168,56
202,165,55
197,165,52
196,161,53
199,157,55
196,167,56
202,170,54
201,173,53
197,160,56
199,169,52
199,158,56
199,171,58
196,169,56
200,167,58
199,170,52
199,170,58
199,180,57
198,162,57
201,169,53
201,176,58
