192,141,64
192,140,64
192,142,64
192,143,64
192,139,64
192,138,64
192,144,64
193,142,64
191,140,64
193,141,64
191,141,64
193,143,64
191,139,64
193,140,64
191,142,64
192,145,64
192,137,64
193,142,65
192,141,63
192,141,65
191,140,63
192,140,63
192,142,65
193,144,64
191,138,64
193,141,65
193,143,65
191,141,63
191,139,63
193,139,64
191,143,64
192,142,63
192,140,65
192,139,63
192,143,65
193,140,65
193,144,65
191,142,63
191,138,63
192,143,63
192,139,65
193,145,64
191,137,64
192,138,63
192,144,65
193,138,64
191,144,64
192,146,64
192,136,64
193,139,65
193,145,65
191,137,63
191,143,63
192,144,63
192,138,65
192,137,63
192,145,65
193,146,64
191,136,64
193,137,64
193,146,65
193,138,65
191,144,63
191,136,63
191,145,64
192,145,63
192,137,65
192,135,64
192,147,64
192,136,63
193,141,63
192,146,65
193,142,63
191,141,65
194,143,65
190,139,63
194,142,65
190,140,63
191,140,65
193,140,63
191,142,65
193,147,64
194,144,65
190,138,63
193,143,63
191,135,64
194,141,65
190,141,63
193,147,65
193,137,65
191,139,65
191,145,63
191,135,63
193,136,64
193,139,63
191,146,64
191,143,65
194,142,64
190,140,64
194,145,65
194,143,64
190,137,63
190,139,64
194,141,64
194,140,65
192,146,63
193,144,63
190,142,63
190,141,64
192,136,65
191,138,65
194,144,64
190,138,64
192,135,63
193,138,63
192,147,65
194,140,64
191,144,65
190,142,64
192,134,64
192,148,64
194,146,65
190,136,63
194,139,65
194,145,64
193,148,64
193,145,63
190,143,63
190,137,64
193,136,65
193,148,65
191,134,63
191,146,63
191,134,64
191,137,65
194,139,64
193,142,66
193,143,66
193,135,64
190,143,64
191,140,62
191,139,62
193,137,63
193,141,66
191,147,64
193,144,66
191,141,62
191,145,65
192,147,63
191,138,62
194,147,65
194,146,64
192,135,65
190,135,63
190,136,64
194,138,65
193,140,66
192,134,63
193,146,63
190,144,63
191,142,62
193,145,66
192,148,65
194,138,64
191,137,62
191,136,65
190,144,64
193,136,63
192,149,64
192,133,64
192,140,62
192,142,66
194,143,66
192,141,62
192,141,66
193,149,64
193,139,66
193,135,65
193,149,65
194,142,66
194,144,66
191,147,63
191,133,63
190,139,62
191,143,62
192,139,62
192,143,66
194,147,64
191,146,65
193,146,66
190,140,62
190,138,62
191,133,64
194,148,65
191,136,62
192,142,62
190,135,64
192,140,66
190,134,63
193,134,64
194,141,66
194,145,66
192,138,62
194,137,65
192,144,66
190,141,62
190,137,62
194,137,64
191,148,64
193,147,63
192,148,63
190,145,63
190,145,64
192,143,62
192,134,65
192,139,66
191,135,65
193,138,66
192,133,63
191,144,62
194,140,66
194,146,66
192,137,62
190,136,62
190,142,62
193,135,63
193,147,66
192,145,66
192,149,65
191,135,62
194,148,64
191,147,65
192,144,62
190,134,64
194,149,65
192,138,66
190,133,63
194,142,63
193,150,65
193,134,65
194,147,66
194,139,66
191,148,63
191,132,63
193,150,64
194,141,63
194,136,64
194,136,65
192,132,64
192,150,64
192,136,62
194,143,63
190,143,62
190,135,62
195,143,65
189,139,63
190,140,65
193,148,63
192,146,66
195,144,65
189,138,63
190,141,65
190,146,63
191,132,64
193,137,66
191,145,62
194,140,63
195,142,65
189,140,63
190,139,65
190,146,64
193,133,64
194,144,63
195,145,65
191,134,62
193,148,66
189,137,63
190,142,65
192,149,63
191,134,65
191,149,64
192,145,62
195,141,65
189,141,63
190,138,65
194,139,63
193,134,63
192,133,65
192,137,66
194,149,64
192,132,63
194,138,66
194,148,66
195,146,65
194,145,63
189,136,63
190,143,65
192,135,62
190,144,62
190,134,62
192,150,65
190,133,64
191,148,65
195,140,65
194,150,65
192,147,66
189,142,63
190,137,65
194,135,64
194,138,63
190,132,63
191,146,62
193,136,66
194,135,65
193,141,62
195,147,65
193,140,62
193,149,63
189,135,63
192,146,62
194,146,63
193,142,62
190,147,63
190,144,65
191,133,62
190,147,64
193,133,65
193,151,65
191,141,66
195,143,64
191,149,63
191,131,63
195,144,66
193,149,66
195,143,66
195,142,64
191,142,66
193,151,64
189,139,64
189,138,62
193,139,62
195,144,64
189,139,62
191,140,66
192,136,66
195,139,65
189,140,64
195,145,66
189,138,64
195,142,66
189,143,63
193,143,62
192,151,64
192,131,64
190,136,65
189,137,62
194,137,66
194,149,66
195,141,64
191,143,66
191,133,65
191,131,64
189,140,62
192,134,62
190,133,62
190,145,62
189,141,64
193,132,64
195,145,64
194,137,63
191,139,66
194,150,64
193,133,63
193,138,62
195,146,66
192,150,63
189,137,64
192,148,66
195,141,66
195,148,65
189,136,62
191,150,64
195,140,64
189,141,62
193,144,62
191,144,66
189,134,63
194,147,63
192,132,65
190,145,65
190,132,64
189,142,64
192,131,63
195,146,64
191,149,65
194,151,65
191,138,66
191,147,62
195,138,65
194,134,64
195,147,66
193,135,66
192,147,62
189,136,64
193,137,62
189,144,63
192,151,65
190,131,63
189,135,62
195,140,66
190,135,65
194,134,65
191,132,62
195,139,64
189,142,62
192,135,66
193,150,66
194,136,63
193,145,62
193,150,63
191,145,66
190,148,64
194,136,66
194,150,66
190,148,63
189,143,64
195,147,64
195,149,65
192,133,62
190,146,62
190,132,62
191,137,66
193,132,65
193,152,65
195,148,66
191,150,63
191,130,63
189,133,63
194,148,63
189,135,64
190,146,65
193,152,64
193,136,62
192,149,66
191,132,65
189,134,62
195,139,66
194,151,64
195,137,65
195,138,64
193,132,63
189,143,62
191,130,64
192,152,64
192,130,64
193,146,62
191,146,66
189,145,63
193,131,64
193,143,67
194,143,67
190,134,65
194,144,67
193,142,67
189,144,64
192,151,63
195,148,64
192,148,62
193,144,67
190,131,64
191,148,62
194,142,67
194,135,63
191,139,61
194,145,67
191,140,61
193,134,66
194,152,65
193,141,67
191,151,64
191,150,65
194,133,64
190,139,61
191,136,66
191,138,61
190,138,61
192,131,65
195,149,66
195,150,65
189,134,64
192,130,63
193,145,67
192,134,66
191,131,62
190,140,61
191,141,61
193,135,62
194,141,67
189,133,62
190,137,61
190,130,63
195,138,66
194,151,66
194,135,66
193,151,66
194,146,67
191,137,61
194,133,65
192,132,62
194,149,63
189,132,63
195,137,64
190,147,62
190,131,62
193,140,67
189,144,62
192,152,65
190,147,65
193,151,63
190,141,61
190,149,64
191,142,61
190,149,63
190,136,61
193,147,62
195,136,65
193,146,67
191,147,66
194,140,67
192,150,66
189,145,64
195,149,64
191,136,61
194,147,67
189,146,63
190,133,65
194,152,64
193,139,67
190,142,61
191,131,65
193,153,65
193,131,65
191,151,63
191,129,63
191,135,66
195,150,66
194,134,63
190,135,61
191,143,61
193,131,63
189,133,64
193,153,64
192,149,62
193,134,62
189,132,62
193,147,67
195,137,66
195,151,65
191,149,62
191,135,61
194,139,67
195,136,64
189,145,62
190,130,64
193,133,66
191,129,64
194,148,67
193,130,64
195,144,67
195,142,63
192,133,66
192,152,63
194,150,63
192,129,64
192,153,64
195,143,63
192,140,61
192,142,67
194,132,64
190,143,61
189,131,63
194,153,65
192,139,61
192,143,67
195,143,67
195,145,67
193,148,62
191,130,62
194,134,66
194,152,66
191,151,65
192,141,61
193,138,67
192,141,67
190,148,65
195,141,63
191,148,66
195,144,63
190,134,61
192,131,62
