140,80,175
145,80,175
135,80,175
145,85,175
140,85,175
150,80,175
140,80,170
145,85,180
135,80,170
150,85,180
150,85,175
135,85,175
140,85,180
130,80,175
145,80,170
130,80,170
155,85,180
155,80,175
155,85,175
135,85,180
150,80,170
130,85,175
125,80,175
145,80,180
125,80,170
160,85,180
140,80,180
150,80,180
135,75,170
140,75,170
160,80,175
130,85,180
135,80,180
130,75,170
155,80,180
160,85,175
145,75,170
155,80,170
140,85,170
150,90,180
145,90,180
125,85,175
135,85,170
145,85,170
165,85,180
120,80,170
120,80,175
125,75,170
155,90,180
130,80,180
140,90,180
140,75,175
150,85,185
160,80,180
135,75,175
145,85,185
145,75,175
155,85,185
150,75,170
130,85,170
135,75,165
130,75,165
150,85,170
125,85,180
135,80,165
130,75,175
160,90,180
165,80,175
150,90,185
140,85,185
130,80,165
140,75,165
155,90,185
140,80,165
150,75,175
160,85,185
165,85,175
120,75,170
135,90,180
125,75,165
145,90,185
125,80,180
160,80,170
145,90,175
160,90,185
120,85,175
170,85,180
165,80,180
125,80,165
140,90,175
125,75,175
150,90,175
145,80,165
135,85,185
155,75,170
115,80,170
125,85,170
145,75,165
140,90,185
155,85,170
115,80,175
155,75,175
165,85,185
120,75,165
165,90,180
165,90,185
135,90,175
155,90,175
130,90,180
120,85,180
115,75,170
120,80,180
120,80,165
120,75,175
170,80,175
135,90,185
130,85,185
150,80,165
150,75,165
160,75,175
170,80,180
170,85,175
170,85,185
115,75,165
150,80,185
145,80,185
160,75,170
165,80,170
120,85,170
175,85,180
160,85,170
170,90,185
130,90,175
160,90,175
155,80,185
115,85,175
140,80,185
170,90,180
110,80,170
145,75,180
140,75,180
110,80,175
125,90,180
150,75,180
160,80,185
135,75,180
135,80,185
130,90,185
110,75,170
115,75,175
125,85,185
115,80,165
155,80,165
155,75,165
115,80,180
165,75,175
115,85,180
175,85,185
155,75,180
130,75,160
155,90,190
130,75,180
130,70,165
150,90,190
135,70,165
175,80,180
125,75,160
110,75,165
135,75,160
160,90,190
155,95,185
175,90,185
150,95,185
165,80,185
125,90,175
135,70,170
125,70,165
175,80,175
130,80,185
165,90,175
130,70,170
165,75,170
140,70,170
135,85,165
160,95,185
140,70,165
145,90,190
115,85,170
140,85,165
145,95,185
175,85,175
165,90,190
165,85,170
160,75,180
120,75,160
140,75,160
175,90,180
125,70,170
125,75,180
170,80,170
150,95,180
120,70,165
180,85,180
130,85,165
145,70,170
155,85,190
150,85,190
145,95,180
125,90,185
155,95,180
145,85,165
110,75,175
120,85,185
160,85,190
110,85,175
165,95,185
145,85,190
140,90,190
120,90,180
145,70,165
170,80,185
140,90,170
145,90,170
105,80,170
140,95,185
125,80,185
105,75,170
170,90,190
110,80,165
170,75,175
105,80,175
120,70,170
180,85,185
160,75,165
160,80,165
140,95,180
135,90,170
110,80,180
150,70,170
160,95,180
165,85,190
125,85,165
115,75,160
140,85,190
115,70,165
165,75,180
145,75,160
120,75,180
150,90,170
180,90,185
105,75,165
130,70,160
110,85,180
155,95,190
125,70,160
130,80,160
120,90,175
180,80,180
150,85,165
160,95,190
135,80,160
170,90,175
170,95,185
135,90,190
150,95,190
150,70,165
135,70,160
170,75,170
125,80,160
120,70,160
175,90,190
170,85,190
115,70,170
130,90,170
135,95,185
165,95,190
135,85,190
140,70,175
175,80,185
135,70,175
135,95,180
175,80,170
140,80,160
165,95,180
155,70,170
120,80,185
110,85,170
145,70,175
145,95,190
130,70,175
155,90,170
170,85,170
180,90,180
120,90,185
110,70,165
120,85,165
105,75,175
140,70,160
115,85,185
170,75,180
175,85,170
110,75,160
180,85,175
115,70,160
115,75,180
150,75,160
170,95,190
120,80,160
170,80,165
150,70,175
175,75,175
125,70,175
185,85,185
115,90,180
130,90,190
175,85,190
155,85,165
100,75,170
175,95,185
130,85,190
145,80,160
105,80,165
165,75,165
155,70,165
105,85,175
140,95,190
110,70,170
125,90,170
180,90,190
165,80,165
105,80,180
185,90,185
100,80,170
100,80,175
130,95,185
130,95,180
145,70,160
160,70,170
155,70,175
170,95,180
180,80,185
100,75,165
120,70,175
115,90,175
180,80,175
175,95,190
145,95,175
145,75,185
110,70,160
115,80,185
160,90,170
150,75,185
150,95,175
175,90,175
140,75,185
105,70,165
105,85,180
115,80,160
175,75,180
140,95,175
155,75,185
150,80,190
115,85,165
170,75,165
155,80,190
110,75,180
180,85,190
145,80,190
135,75,185
155,95,175
105,75,160
135,95,190
125,85,190
155,75,160
160,80,190
125,90,190
115,90,185
150,80,160
100,75,175
160,70,175
110,85,185
160,75,185
140,80,190
115,70,175
175,80,165
105,70,170
105,85,170
160,70,165
180,95,185
180,90,175
185,90,190
150,70,160
160,85,165
135,95,175
130,75,185
120,90,170
170,85,165
175,75,170
165,80,190
185,85,180
180,95,190
165,70,170
160,90,195
155,90,195
105,70,160
125,95,185
125,95,180
180,85,170
160,95,175
135,80,190
175,95,180
175,85,165
165,90,195
110,90,180
185,80,185
150,90,195
165,75,185
95,75,170
125,75,155
165,75,160
170,80,160
110,80,185
130,75,155
125,70,155
165,90,170
100,80,165
185,90,180
100,80,180
110,80,160
160,95,195
100,70,165
120,70,155
185,85,190
125,75,185
130,70,155
170,80,190
155,95,195
165,80,160
165,70,175
130,95,190
120,75,155
180,75,180
170,90,195
165,95,195
145,90,195
120,85,190
110,70,175
100,85,175
105,75,180
135,75,155
95,75,165
180,80,170
130,95,175
155,100,185
95,80,175
130,80,190
140,70,180
95,80,170
150,95,195
110,90,175
145,70,180
110,85,165
120,90,190
170,95,195
150,100,185
160,100,190
115,70,155
135,70,180
160,100,185
155,80,160
155,100,190
135,70,155
175,90,170
170,75,185
100,75,160
155,70,160
100,70,170
150,70,180
175,90,195
160,75,160
165,100,190
115,75,155
190,90,190
185,95,190
165,95,175
100,85,180
140,90,195
165,70,165
130,70,180
170,75,160
150,100,190
175,80,190
185,95,185
120,75,185
145,95,195
145,100,185
95,75,175
110,90,185
130,65,165
170,70,170
165,100,185
105,85,185
100,70,160
115,90,170
140,75,155
175,95,195
125,65,165
155,70,180
135,65,165
165,85,165
155,85,195
160,85,195
125,80,190
170,100,190
110,70,155
150,85,195
120,95,185
120,95,180
125,70,180
140,70,155
170,70,175
185,80,180
175,75,165
125,65,160
120,65,165
185,85,175
145,100,190
130,65,160
180,95,180
135,85,160
180,90,170
105,70,175
165,85,195
190,85,190
140,65,165
175,80,160
130,85,160
105,80,185
180,90,195
125,95,190
140,90,165
175,75,185
120,65,160
100,85,170
145,85,195
115,85,190
135,90,195
135,90,165
105,80,160
125,95,175
140,95,195
95,70,165
140,100,185
160,70,180
170,85,160
135,65,160
180,75,175
110,75,155
170,90,170
170,100,185
140,85,160
180,80,190
180,95,195
145,90,165
170,85,195
100,75,180
115,65,165
180,85,165
115,75,185
90,75,170
105,90,180
125,85,160
115,65,160
185,90,175
120,70,180
165,75,155
145,65,165
95,80,180
175,100,190
130,90,165
140,85,195
115,90,190
135,65,170
130,65,170
175,85,160
145,75,155
170,95,175
95,80,165
140,100,190
120,80,190
140,65,160
160,70,160
170,80,155
160,80,160
190,95,190
95,70,170
140,65,170
105,70,155
150,100,180
125,65,170
