195,165,50
195,170,50
195,160,50
195,175,50
195,155,50
190,160,50
195,150,50
190,165,50
190,155,50
190,170,50
195,165,45
190,160,45
190,165,45
195,170,45
195,160,45
190,155,45
200,170,50
190,150,50
200,175,50
200,165,50
190,170,45
195,145,50
195,155,45
190,150,45
200,160,50
190,145,50
195,150,45
190,145,45
200,155,50
195,165,55
195,170,55
195,140,50
195,160,55
195,175,55
195,145,45
190,140,50
200,150,50
200,170,55
190,140,45
200,175,55
195,155,55
200,165,55
200,180,55
200,160,55
195,140,45
195,150,55
195,135,50
200,170,45
200,145,50
200,165,45
185,155,45
185,160,45
200,175,45
190,135,45
190,135,50
200,155,55
185,150,45
200,160,45
185,165,45
185,145,45
200,155,45
185,160,50
195,145,55
185,155,50
195,135,45
190,165,55
190,160,55
185,165,50
200,150,55
185,150,50
200,140,50
190,170,55
190,155,55
200,150,45
195,130,50
185,140,45
190,130,45
190,130,50
185,145,50
190,150,55
195,140,55
205,175,50
200,145,55
205,170,50
205,180,50
200,145,45
195,130,45
190,160,40
185,135,45
205,165,50
190,165,40
190,155,40
185,140,50
200,135,50
190,145,55
205,175,55
190,150,40
205,180,55
205,170,55
205,160,50
190,125,45
205,165,55
195,125,50
195,165,40
195,160,40
200,140,45
190,145,40
190,125,50
195,170,40
200,140,55
195,135,55
205,155,50
195,155,40
185,135,50
185,130,45
205,160,55
190,140,55
195,125,45
195,150,40
190,140,40
200,130,50
185,155,40
185,160,40
205,155,55
205,150,50
185,150,40
200,135,45
185,165,40
195,145,40
190,120,45
185,145,40
185,130,50
200,135,55
185,125,45
190,135,40
190,135,55
200,170,60
200,175,60
195,130,55
195,120,50
190,120,50
200,165,60
205,150,55
200,180,60
185,140,40
205,145,50
195,140,40
205,175,45
205,170,45
195,120,45
200,160,60
205,180,45
205,165,45
180,155,45
180,150,45
195,170,60
200,125,50
195,165,60
200,130,45
180,160,45
180,145,45
190,130,40
195,175,60
205,160,45
185,135,40
195,160,60
175,195,50
200,155,60
185,125,50
205,145,55
195,135,40
185,160,55
190,130,55
185,155,55
205,140,50
185,120,45
200,130,55
180,140,45
190,115,45
185,165,55
205,155,45
195,155,60
200,170,40
200,165,40
200,175,40
185,150,55
195,125,55
200,160,40
185,130,40
195,115,50
205,175,60
200,150,60
190,115,50
205,180,60
200,155,40
180,135,45
205,170,60
190,125,40
205,150,45
195,150,60
200,125,45
185,145,55
205,185,60
195,115,45
195,130,40
205,140,55
170,190,50
205,165,60
200,120,50
180,155,50
170,190,45
200,150,40
180,150,50
205,135,50
180,160,50
185,120,50
180,145,50
205,145,45
205,160,60
190,125,55
180,130,45
185,115,45
200,145,60
185,125,40
185,140,55
200,125,55
195,145,60
170,195,50
200,145,40
190,110,45
180,150,40
180,155,40
180,140,50
190,120,40
180,145,40
195,120,55
210,180,55
195,125,40
180,160,40
210,175,55
205,155,60
210,185,55
205,135,55
200,120,45
210,170,55
205,140,45
180,140,40
175,195,55
210,180,50
210,175,50
200,140,40
195,110,50
205,130,50
190,110,50
185,135,55
210,185,50
180,125,45
210,170,50
170,195,45
195,110,45
180,200,55
180,135,50
190,165,60
195,140,60
210,165,55
200,140,60
190,160,60
185,120,40
175,200,50
200,115,50
190,170,60
210,165,50
165,190,50
180,135,40
165,190,45
205,150,60
190,155,60
185,115,50
190,120,55
210,160,55
185,110,45
200,120,55
210,160,50
200,135,40
195,120,40
190,115,40
205,135,45
190,150,60
180,130,50
165,185,45
205,130,55
180,130,40
185,130,55
165,195,50
190,105,45
180,120,45
200,115,45
210,155,55
205,125,50
195,135,60
195,115,55
210,155,50
205,145,60
200,135,60
185,115,40
190,145,60
170,195,55
200,130,40
175,200,55
190,160,35
165,185,50
165,195,45
195,105,45
190,155,35
175,200,45
195,105,50
205,130,45
190,165,35
190,105,50
180,125,40
170,190,55
210,150,55
210,150,50
170,200,50
200,110,50
190,150,35
180,125,50
210,180,60
195,115,40
210,175,60
210,185,60
185,110,50
160,190,45
190,110,40
190,115,55
160,190,50
185,125,55
190,145,35
210,170,60
185,105,45
205,170,40
205,175,40
205,140,60
190,140,60
205,125,55
200,115,55
205,165,40
180,115,45
205,180,40
195,130,60
185,155,35
185,150,35
185,160,35
200,130,60
205,120,50
205,160,40
210,165,60
160,185,45
200,125,40
210,145,50
190,140,35
200,110,45
210,145,55
195,165,35
185,110,40
195,160,35
180,120,40
185,145,35
210,175,45
190,100,45
195,170,35
210,180,45
195,155,35
160,195,50
210,170,45
205,125,45
205,155,40
210,185,45
195,110,55
210,160,60
195,150,35
185,140,35
180,120,50
210,165,45
180,205,50
175,150,45
190,135,35
175,145,45
170,200,45
190,135,60
175,155,45
195,110,40
165,195,55
170,200,55
205,150,40
160,185,50
205,135,60
210,160,45
175,140,45
160,195,45
195,100,45
195,145,35
210,140,50
165,190,55
165,185,40
185,120,55
165,190,40
190,105,40
185,135,35
165,200,50
200,105,50
210,140,55
195,100,50
200,175,65
190,100,50
210,155,60
200,170,65
200,120,40
180,155,55
180,110,45
185,105,50
180,205,55
205,120,55
180,150,55
180,160,55
195,125,60
200,180,65
180,115,40
190,110,55
190,130,35
170,195,40
175,135,45
200,165,65
210,155,45
155,190,45
205,145,40
195,140,35
200,125,60
185,100,45
205,115,50
200,110,55
155,190,50
180,145,55
205,120,45
185,105,40
205,175,65
205,180,65
185,130,35
200,105,45
200,160,65
180,200,60
205,170,65
155,185,45
205,185,65
175,150,40
175,145,40
190,130,60
210,150,60
210,150,45
180,115,50
210,135,50
175,130,45
175,155,40
205,140,40
195,135,35
180,140,55
205,165,65
175,140,40
175,205,50
190,95,45
190,125,35
210,135,55
205,130,60
195,105,40
200,155,65
155,195,50
195,105,55
165,200,45
200,115,40
185,125,35
175,135,40
160,180,45
185,160,60
180,150,35
180,155,35
175,195,60
160,185,40
185,115,55
205,160,65
180,110,40
185,155,60
185,165,60
180,145,35
210,145,45
160,190,40
190,100,40
165,200,55
180,205,45
180,160,35
160,195,55
155,185,50
175,125,45
180,135,55
180,105,45
195,170,65
195,130,35
155,195,45
195,95,45
210,145,60
175,205,55
205,115,55
180,140,35
205,135,40
160,190,55
195,165,65
195,120,60
165,195,40
185,150,60
200,165,35
200,170,35
195,175,65
205,115,45
200,150,65
160,200,50
200,100,50
175,130,40
200,160,35
200,120,60
200,175,35
185,205,60
210,130,50
175,150,50
195,160,65
205,110,50
190,120,35
185,100,50
175,155,50
175,145,50
205,155,65
185,100,40
200,155,35
165,185,55
180,135,35
190,105,55
190,125,60
185,120,35
185,95,45
175,200,60
150,190,45
185,145,60
215,185,55
210,140,45
210,130,55
215,180,55
200,105,55
200,100,45
175,140,50
180,110,50
175,200,40
215,190,55
195,155,65
215,175,55
200,150,35
205,125,60
150,190,50
195,125,35
180,130,55
175,125,40
175,120,45
150,185,45
205,130,40
200,110,40
170,205,50
215,170,55
180,130,35
200,145,65
195,100,40
210,140,60
175,135,50
205,150,65
200,145,35
180,105,40
185,140,60
175,205,45
160,180,50
195,150,65
155,180,45
160,200,45
215,165,55
190,115,35
155,185,40
170,195,60
210,180,65
215,180,50
215,185,50
185,110,55
210,125,50
160,180,40
210,185,65
210,135,45
