82,143,131
82,143,130
82,143,132
83,144,132
81,142,130
82,143,129
82,143,133
82,144,132
83,144,131
83,144,133
81,142,129
81,142,131
82,142,130
82,144,131
82,142,131
82,144,133
82,142,129
81,143,131
83,143,131
81,143,130
83,143,132
83,144,130
83,144,134
81,142,128
81,142,132
82,144,130
82,142,132
81,143,132
83,143,130
83,145,133
81,141,129
82,144,134
82,143,128
82,143,134
83,145,132
81,141,130
82,142,128
81,143,129
83,145,134
81,141,128
83,143,133
81,143,133
83,145,131
83,143,129
81,141,131
82,144,129
83,144,129
83,144,135
81,142,127
81,142,133
82,142,133
84,145,133
83,145,135
80,141,129
81,141,127
84,145,132
84,145,134
82,144,135
80,141,128
80,141,130
81,143,128
83,143,134
82,142,127
84,144,132
80,142,130
84,144,133
83,145,130
82,143,127
82,143,135
80,142,129
81,143,134
81,141,132
84,144,131
82,145,133
84,145,131
84,145,135
82,145,132
80,142,131
83,143,128
80,141,127
80,141,131
82,141,129
82,141,130
82,144,128
81,144,132
83,145,136
81,144,131
82,145,134
84,144,134
83,142,130
80,142,128
83,142,131
81,141,126
82,145,131
84,146,134
80,140,128
82,141,128
82,142,134
83,144,128
83,144,136
81,142,126
81,142,134
84,146,133
80,140,129
82,141,131
81,144,133
84,144,130
80,142,132
84,146,135
81,144,130
81,143,127
80,140,127
83,142,129
82,144,136
83,142,132
83,143,135
84,145,130
84,145,136
83,146,134
82,145,135
80,141,126
80,141,132
83,146,133
84,146,132
81,140,128
83,145,129
80,140,130
82,142,126
81,140,129
82,145,130
80,142,127
82,141,127
84,144,135
81,141,133
81,144,134
81,143,135
83,146,135
84,146,136
80,140,126
81,140,127
83,146,132
82,141,132
81,144,129
83,142,128
83,143,127
81,140,130
82,143,126
82,143,136
83,145,137
80,142,133
83,142,133
84,144,129
80,143,131
84,143,131
82,144,127
80,143,130
81,141,125
84,143,132
84,146,131
83,146,136
80,140,131
82,145,136
80,143,132
82,142,135
83,146,131
81,140,126
83,144,127
83,144,137
81,142,125
81,142,135
84,143,130
80,143,129
82,145,129
85,146,134
81,144,135
84,145,129
84,145,137
81,143,126
84,146,137
84,143,133
80,141,125
80,141,133
81,140,131
82,141,126
80,142,126
80,140,125
79,140,128
85,146,133
85,146,135
84,144,136
85,145,133
81,144,128
82,144,137
83,143,136
83,145,128
79,140,127
79,140,129
85,145,134
83,142,127
82,141,133
79,141,129
80,143,133
85,145,132
79,141,128
82,142,125
81,141,134
84,143,129
83,142,134
80,143,128
83,146,137
80,142,134
81,143,136
79,141,130
85,146,132
85,146,136
84,146,130
84,144,128
84,143,134
85,145,135
84,147,135
80,139,127
79,140,126
79,140,130
84,147,134
80,139,128
83,146,130
80,140,132
81,140,125
83,143,126
83,145,138
79,141,127
82,145,137
85,145,131
84,147,136
80,139,126
84,147,133
81,140,132
82,143,125
82,143,137
79,141,131
84,146,138
85,147,135
81,144,136
81,141,124
80,139,129
79,139,127
82,145,128
85,147,134
82,144,126
80,143,134
79,139,128
80,140,124
82,146,133
85,147,136
82,146,134
82,141,125
81,145,132
85,146,131
85,146,137
84,145,128
84,145,138
79,139,126
80,142,125
81,145,133
81,144,127
80,141,124
80,141,134
85,145,136
80,143,127
84,143,128
79,140,125
79,140,131
84,147,137
82,146,132
82,140,129
79,141,126
84,144,137
82,142,136
83,142,126
81,143,125
82,140,128
85,147,133
83,144,126
83,144,138
81,142,124
81,142,136
81,145,131
82,146,135
83,141,130
83,141,129
80,139,125
79,139,129
82,141,134
84,147,132
83,146,138
81,145,134
84,143,135
85,144,132
85,144,133
85,145,130
85,147,137
80,139,130
82,140,130
83,145,127
83,142,135
79,141,132
79,142,130
82,144,138
83,143,137
84,146,129
79,139,125
83,141,131
79,142,129
82,140,127
83,146,129
80,142,135
83,141,128
85,144,131
82,146,131
81,140,124
85,144,134
81,145,130
80,140,133
79,142,131
84,144,127
81,141,135
82,146,136
83,147,134
79,142,128
83,147,135
85,147,132
81,145,135
81,143,137
82,145,138
82,142,124
84,147,138
80,143,135
79,139,130
81,139,128
81,140,133
85,146,130
85,146,138
81,139,127
80,144,131
85,145,137
83,147,133
80,144,132
84,146,139
82,140,131
81,144,137
79,141,125
83,145,139
83,147,136
84,147,131
83,141,132
79,140,124
79,140,132
80,139,124
85,147,138
82,145,127
80,143,126
82,140,126
85,144,130
83,143,125
84,142,131
84,142,130
79,142,132
80,144,130
83,141,127
81,139,129
84,143,127
79,139,124
80,140,123
80,144,133
85,144,135
81,139,126
80,139,131
81,144,126
79,142,127
82,146,130
81,141,123
81,145,129
80,142,124
82,141,124
84,142,132
85,145,129
79,141,133
83,147,132
82,146,137
84,142,129
84,145,127
84,145,139
84,143,136
82,144,125
82,143,124
82,143,138
83,146,139
80,141,123
80,141,135
81,145,136
83,147,137
83,142,125
84,144,138
85,147,131
80,144,129
82,141,135
80,144,134
81,139,130
86,147,135
86,146,134
83,146,128
81,143,124
79,139,131
84,147,139
82,140,132
84,146,128
85,148,136
79,138,126
86,146,135
85,148,135
79,142,133
81,139,125
86,147,134
86,147,136
79,138,127
82,142,137
83,142,136
83,141,133
83,144,125
83,144,139
81,142,123
81,142,137
85,144,129
84,142,133
86,146,133
80,142,136
82,140,125
85,147,139
78,139,127
81,140,123
83,145,126
79,142,126
84,147,130
85,148,137
80,143,136
84,142,128
83,141,126
79,138,125
79,141,124
85,146,129
85,146,139
80,140,134
83,147,131
85,145,138
85,144,136
85,148,134
78,140,128
78,139,126
78,139,128
80,139,123
82,144,139
79,138,128
83,143,138
86,146,136
79,139,123
78,140,127
79,140,123
79,140,133
82,146,129
84,144,126
82,145,139
86,147,133
86,147,137
83,147,138
81,145,128
80,144,128
78,140,129
80,143,125
81,140,134
86,146,132
84,146,140
81,141,136
80,139,132
84,148,135
82,146,138
81,144,138
84,148,136
80,144,135
81,143,138
81,145,137
80,138,127
85,148,138
78,139,125
78,139,129
80,138,126
78,140,126
84,143,126
81,139,131
79,141,134
82,145,126
79,138,124
82,142,123
84,148,134
85,148,133
85,145,128
85,147,130
84,148,137
83,145,140
78,140,130
80,140,122
81,139,124
79,138,129
84,142,134
81,144,125
80,138,128
79,143,130
85,143,132
79,143,131
79,142,134
86,146,137
85,143,131
86,148,136
80,138,125
84,143,137
86,148,135
86,147,132
86,147,138
83,143,124
83,146,140
79,139,132
86,145,133
82,140,133
84,142,127
80,142,123
86,145,134
78,138,126
85,144,128
86,148,137
79,143,129
84,147,140
82,141,123
83,141,134
83,147,130
79,142,125
85,143,133
78,138,127
79,143,132
84,148,133
78,140,125
85,143,130
86,146,131
84,145,126
84,145,140
81,141,122
78,138,125
82,140,124
80,141,122
80,141,136
78,139,124
78,139,130
86,145,132
84,148,138
85,147,140
83,142,124
85,148,139
83,147,139
86,148,134
80,144,127
83,141,125
83,146,127
85,144,137
86,145,135
84,147,129
84,144,139
82,144,124
80,138,129
78,141,129
78,141,128
82,146,128
82,141,136
85,148,132
84,146,127
78,138,128
79,138,123
78,140,131
79,141,123
80,144,136
82,143,123
82,143,139
86,148,138
81,145,127
80,138,124
79,143,128
79,139,122
80,143,137
80,139,122
85,146,128
85,146,140
78,141,130
85,145,139
