175,102,202
176,102,202
174,102,202
177,102,202
173,102,202
176,103,203
174,101,201
176,102,203
174,102,201
175,102,203
175,102,201
177,103,203
175,103,203
175,101,201
173,101,201
175,101,202
175,103,202
178,102,202
172,102,202
177,102,203
174,101,202
176,103,202
173,102,201
176,101,202
174,103,202
174,102,203
176,102,201
178,103,203
174,103,203
176,101,201
172,101,201
173,101,202
177,103,202
178,102,203
172,102,201
177,101,202
173,103,202
173,102,203
177,102,201
179,102,202
171,102,202
172,101,202
178,103,202
179,103,203
173,103,203
177,101,201
171,101,201
179,102,203
171,102,201
178,101,202
172,103,202
172,102,203
178,102,201
177,103,204
173,101,200
171,101,202
176,103,204
174,101,200
179,103,202
180,103,203
172,103,203
178,101,201
170,101,201
178,103,204
172,101,200
180,102,202
170,102,202
175,103,204
176,104,203
175,101,200
174,100,201
175,101,203
176,101,203
177,104,203
180,102,203
175,103,201
173,100,201
174,103,201
170,102,201
179,101,202
175,104,203
175,100,201
179,103,204
174,101,203
171,101,200
171,103,202
177,101,203
176,103,201
178,104,203
173,103,201
172,100,201
174,103,204
171,102,203
176,101,200
174,104,203
176,100,201
177,104,204
179,102,201
170,101,202
173,100,200
173,101,203
176,102,204
177,102,204
178,101,203
174,102,200
178,104,204
176,104,204
173,102,200
180,103,202
174,100,200
172,100,200
177,103,201
172,103,201
180,103,204
179,104,203
181,103,203
171,103,203
179,101,201
169,101,201
171,100,201
175,102,204
170,101,200
178,102,204
175,102,200
172,102,200
179,104,204
175,104,204
175,100,200
171,100,200
181,102,203
174,100,202
176,104,202
175,100,202
175,104,202
173,103,204
177,100,201
173,104,203
181,102,202
169,102,202
180,101,202
169,102,201
177,101,200
174,102,204
172,101,203
170,103,202
179,102,204
173,100,202
179,101,203
177,104,202
176,100,202
176,102,200
174,104,202
171,102,200
178,103,201
171,103,201
170,100,201
180,104,203
180,104,204
174,104,204
170,102,203
176,100,200
170,100,200
181,103,204
169,101,200
169,101,202
172,100,202
180,102,201
177,100,202
178,104,202
173,104,202
181,103,202
173,102,204
180,102,204
178,100,201
172,104,203
182,103,203
170,103,203
180,101,201
168,101,201
177,102,200
172,103,204
170,102,200
171,101,203
178,101,200
180,101,203
182,102,203
179,103,201
181,104,204
173,104,204
171,100,202
177,100,200
169,100,200
170,103,201
178,100,202
181,101,202
169,100,201
179,104,202
181,104,203
168,102,201
172,104,202
169,103,202
182,102,202
168,102,202
182,103,204
172,102,204
168,101,200
181,102,204
178,104,205
178,102,200
172,100,199
169,102,203
177,103,205
177,104,205
178,103,205
173,101,199
173,100,199
172,101,199
179,100,201
169,102,200
168,101,202
171,104,203
179,104,205
171,100,199
170,101,203
181,102,201
176,103,205
171,103,204
179,103,205
170,100,202
174,101,199
171,101,199
176,104,205
181,101,203
174,100,199
182,103,202
179,100,202
182,104,204
172,104,204
179,101,200
178,100,200
168,100,200
180,104,202
177,105,204
183,103,203
169,103,203
181,101,201
167,101,201
171,104,202
180,103,201
180,104,205
178,105,204
176,101,204
170,100,199
168,100,201
169,103,201
177,101,204
173,99,200
175,103,205
176,105,204
180,103,205
172,99,200
175,101,204
175,101,199
174,103,200
182,104,203
170,101,199
175,104,205
173,103,200
174,99,200
179,105,204
175,100,199
183,102,203
171,102,204
175,103,200
177,105,203
178,101,204
176,105,203
175,100,203
182,102,204
182,101,202
183,103,204
171,99,200
176,100,203
173,99,201
174,99,201
175,104,201
174,101,204
175,105,204
174,100,203
167,102,201
172,103,200
178,105,203
174,104,201
167,101,200
181,104,205
179,102,200
175,105,203
168,103,202
175,99,200
169,100,199
176,104,201
172,99,201
168,102,200
175,99,201
177,100,203
176,103,200
174,103,205
169,100,202
180,100,201
183,102,202
167,102,202
180,105,204
181,103,205
179,101,204
176,101,199
180,100,202
173,100,203
173,104,201
170,99,200
170,104,203
169,101,199
169,101,203
174,104,205
176,100,199
179,105,203
181,104,202
168,102,203
182,101,203
177,104,201
170,103,204
183,104,204
171,104,204
174,105,203
173,101,204
171,99,201
171,103,200
179,100,200
167,100,200
176,99,201
170,104,202
174,105,204
167,101,202
178,100,203
176,99,200
180,101,200
178,105,205
182,102,201
181,103,201
177,103,200
177,102,205
182,104,205
179,105,205
177,105,205
183,103,202
172,104,201
167,100,201
172,99,199
172,100,203
178,102,205
168,103,201
168,100,199
181,105,204
173,102,199
180,101,204
176,102,205
173,99,199
171,99,199
170,102,204
173,103,205
183,104,203
172,102,199
169,99,200
184,103,203
168,103,203
182,101,201
166,101,201
182,103,205
183,102,204
174,102,199
178,104,201
180,105,203
170,99,201
179,102,205
180,105,205
176,105,205
177,101,199
173,105,203
177,99,201
172,101,204
168,101,199
173,104,205
174,99,199
170,99,199
170,103,200
184,103,204
175,102,205
179,100,203
171,102,199
180,102,200
177,100,199
184,102,203
173,105,204
168,100,202
177,99,200
175,102,199
167,102,200
183,101,202
166,101,200
181,100,202
171,104,201
171,100,203
180,102,205
178,103,200
181,100,201
166,102,201
181,105,205
175,105,205
167,103,202
182,104,202
168,101,203
175,99,199
169,99,199
181,101,204
169,104,203
183,104,205
174,102,205
170,102,199
182,105,204
174,99,202
176,105,202
184,104,204
170,104,204
168,99,200
169,104,202
183,101,203
180,100,200
166,100,200
175,99,202
175,105,202
179,104,201
169,99,201
167,100,199
181,105,203
169,103,204
173,99,202
172,103,205
178,99,201
177,105,202
184,102,202
166,102,202
172,105,203
176,102,199
183,103,205
180,100,203
167,102,203
171,101,204
176,99,202
174,105,202
169,103,200
181,101,200
181,102,205
178,101,199
166,101,202
182,103,201
172,99,202
166,100,201
172,104,205
167,101,199
169,102,204
178,105,202
182,105,205
174,105,205
172,105,204
167,103,201
178,99,200
178,100,199
183,102,201
184,102,204
170,100,203
176,99,199
168,99,199
184,104,203
173,102,205
170,104,201
169,102,199
184,103,202
177,99,202
179,103,200
173,105,202
185,103,203
167,103,203
183,101,201
165,101,201
167,100,202
178,104,206
172,100,198
179,104,206
171,100,198
182,101,204
171,99,202
185,103,204
181,102,200
177,102,199
168,99,201
183,105,204
182,100,202
167,99,200
180,104,201
179,105,202
184,104,205
179,99,201
166,102,200
177,104,206
173,100,198
180,104,206
182,105,203
170,100,198
182,102,205
171,105,203
165,101,200
185,102,203
166,100,199
181,100,203
171,103,205
182,100,201
184,101,202
178,99,202
170,101,204
184,103,205
183,104,202
183,105,205
173,105,205
167,101,203
168,103,200
176,104,206
168,104,202
185,104,204
169,104,204
181,104,206
172,105,202
168,104,203
172,102,205
177,99,199
167,99,199
174,100,198
181,100,200
165,100,200
168,102,199
169,100,198
184,101,203
165,102,201
179,101,199
170,99,202
171,104,205
179,99,200
169,100,203
166,103,202
171,105,204
166,101,199
179,105,206
168,103,204
178,105,206
169,104,201
178,103,206
171,99,198
172,99,198
179,103,206
180,105,202
172,101,198
179,100,199
180,105,206
177,103,206
171,101,198
170,99,198
180,103,200
178,102,199
173,101,198
177,105,206
178,106,204
168,102,204
177,106,204
182,101,200
185,102,202
165,102,202
175,104,206
165,100,201
183,103,201
173,99,198
180,103,206
176,100,204
166,102,203
182,104,206
183,101,204
175,100,198
185,102,204
167,99,201
179,99,202
175,100,204
183,102,205
177,100,204
