212,173,23
212,172,23
212,174,23
212,175,23
212,171,23
212,170,23
212,176,23
212,169,23
212,177,23
213,174,23
211,172,23
213,173,23
211,173,23
213,175,23
211,171,23
213,172,23
211,174,23
213,176,23
212,168,23
212,178,23
211,170,23
213,171,23
211,175,23
212,173,22
212,173,24
212,172,22
212,174,24
212,174,22
212,172,24
213,177,23
211,169,23
212,171,22
212,175,24
212,175,22
212,171,24
213,170,23
211,176,23
212,179,23
212,167,23
212,170,22
212,176,24
213,178,23
211,168,23
212,176,22
212,170,24
213,174,24
211,172,22
213,169,23
212,169,22
212,177,24
213,173,24
213,175,24
211,177,23
211,171,22
211,173,22
212,177,22
213,172,24
213,176,24
212,169,24
211,170,22
211,174,22
213,179,23
211,167,23
212,166,23
212,180,23
213,171,24
213,177,24
212,168,22
211,169,22
211,175,22
212,178,24
213,168,23
211,178,23
213,174,22
213,173,22
212,178,22
211,172,24
211,173,24
212,168,24
213,175,22
213,172,22
211,171,24
211,174,24
213,180,23
213,170,24
213,178,24
211,168,22
211,176,22
211,166,23
213,176,22
213,171,22
211,170,24
212,167,22
211,175,24
212,179,24
212,165,23
212,181,23
213,167,23
213,177,22
212,179,22
211,179,23
211,169,24
213,170,22
213,169,24
213,179,24
212,167,24
211,167,22
211,177,22
211,176,24
213,181,23
211,165,23
213,178,22
212,166,22
211,168,24
213,169,22
212,180,24
211,177,24
213,168,24
213,180,24
211,166,22
211,178,22
212,180,22
213,166,23
214,175,23
210,171,23
214,174,23
210,172,23
212,164,23
212,182,23
212,166,24
211,180,23
214,176,23
210,170,23
214,173,23
210,173,23
213,179,22
213,168,22
211,167,24
214,177,23
210,169,23
213,182,23
214,172,23
211,178,24
210,174,23
211,164,23
212,165,22
212,181,24
213,167,24
213,181,24
211,165,22
211,179,22
214,178,23
210,168,23
214,171,23
210,175,23
213,180,22
212,181,22
214,175,24
213,165,23
212,165,24
214,174,24
210,171,22
213,167,22
211,166,24
210,172,22
214,176,24
211,181,23
210,170,22
214,179,23
214,173,24
211,179,24
212,163,23
212,183,23
210,173,22
210,167,23
214,170,23
214,177,24
210,169,22
210,176,23
213,183,23
214,172,24
210,174,22
212,164,22
211,163,23
213,166,24
213,182,24
214,178,24
211,164,22
211,180,22
212,182,24
210,168,22
213,181,22
214,180,23
210,166,23
214,171,24
213,166,22
214,169,23
211,165,24
210,175,22
210,177,23
212,182,22
214,179,24
211,180,24
212,164,24
212,173,21
212,173,25
212,172,21
212,174,25
210,167,22
213,164,23
212,174,21
212,172,25
212,171,21
212,175,25
211,182,23
214,170,24
212,175,21
210,176,22
212,171,25
214,181,23
214,174,22
212,184,23
212,162,23
212,170,21
214,175,22
213,174,25
212,176,25
213,175,25
210,172,24
210,165,23
214,173,22
213,173,25
210,171,24
214,168,23
214,180,24
211,172,21
213,184,23
214,176,22
213,165,24
213,183,24
212,163,22
211,163,22
211,181,22
211,171,21
213,182,22
210,173,24
210,166,22
213,176,25
211,173,21
210,178,23
210,170,24
211,162,23
212,183,24
212,176,21
213,172,25
214,172,22
211,170,21
212,170,25
213,165,22
212,169,21
214,177,22
211,164,24
212,177,25
211,174,21
210,174,24
213,177,25
210,169,24
214,169,24
211,181,24
211,169,21
210,177,22
213,171,25
212,183,22
214,171,22
211,175,21
214,178,22
212,177,21
212,163,24
210,175,24
214,182,23
212,169,25
214,181,24
212,168,21
213,163,23
213,178,25
210,168,24
210,165,22
212,178,25
210,164,23
214,167,23
211,168,21
211,183,23
213,170,25
210,179,23
214,170,22
211,176,21
213,183,22
214,179,22
214,168,24
210,176,24
213,164,24
213,184,24
211,162,22
211,182,22
212,178,21
210,178,22
212,162,22
212,185,23
212,161,23
210,167,24
213,185,23
212,168,25
213,179,25
213,164,22
212,167,21
211,163,24
211,167,21
213,173,21
213,174,21
212,179,25
212,184,24
211,161,23
213,172,21
214,182,24
213,175,21
211,173,25
213,169,25
211,172,25
214,169,22
211,182,24
210,164,22
214,183,23
211,177,21
211,174,25
211,171,25
213,171,21
214,180,22
210,177,24
213,176,21
214,166,23
210,163,23
212,184,22
211,175,25
212,179,21
210,166,24
213,180,25
211,170,25
212,162,24
210,180,23
211,166,21
214,167,24
212,167,25
213,170,21
212,166,21
213,162,23
210,179,22
213,177,21
212,180,25
211,176,25
213,168,25
214,168,22
211,184,23
213,184,22
211,178,21
211,169,25
214,183,24
214,181,22
213,185,24
213,163,24
211,161,22
211,183,22
210,178,24
213,163,22
213,169,21
210,163,22
211,162,24
212,161,22
213,178,21
214,184,23
210,165,24
213,186,23
213,181,25
211,177,25
212,180,21
214,175,25
211,165,21
212,160,23
212,186,23
212,185,24
214,174,25
214,176,25
211,183,24
211,168,25
214,165,23
212,166,25
211,160,23
212,165,21
210,162,23
210,171,21
214,173,25
214,177,25
210,170,21
210,172,21
214,166,24
212,181,25
214,167,22
213,167,25
213,168,21
210,181,23
211,179,21
210,180,22
210,169,21
210,173,21
212,185,22
213,179,21
214,182,22
214,172,25
214,178,25
211,178,25
210,179,24
212,161,24
214,184,24
211,167,25
210,168,21
210,174,21
215,175,23
209,171,23
215,176,23
209,170,23
213,161,23
213,185,22
210,164,24
213,182,25
210,162,22
215,174,23
209,172,23
211,164,21
215,177,23
212,181,21
209,169,23
214,171,25
214,179,25
213,167,21
211,185,23
213,162,22
213,186,24
213,162,24
215,173,23
214,185,23
212,164,21
211,160,22
211,184,22
212,165,25
209,173,23
215,178,23
210,167,21
210,175,21
209,168,23
213,180,21
211,161,24
214,166,22
213,166,25
211,180,21
212,182,25
214,164,23
211,179,25
212,160,22
215,176,24
215,175,24
214,165,24
210,161,23
209,170,22
209,171,22
215,172,23
211,184,24
215,177,24
214,183,22
213,187,23
209,174,23
215,174,24
214,170,25
214,180,25
209,169,22
211,166,25
215,179,23
210,181,22
209,172,22
212,186,24
209,167,23
210,180,24
210,182,23
212,159,23
215,178,24
211,159,23
210,166,21
210,176,21
215,173,24
209,168,22
209,173,22
213,166,21
210,163,24
213,183,25
214,185,24
215,171,23
211,163,21
209,175,23
212,186,22
212,182,21
215,180,23
213,181,21
215,179,24
210,161,22
209,166,23
215,172,24
209,167,22
214,169,25
214,181,25
211,180,25
212,163,21
209,174,22
212,160,24
212,164,25
213,186,22
214,165,22
213,165,25
211,181,21
210,165,21
210,177,21
214,186,23
211,165,25
212,183,25
213,160,23
215,170,23
215,180,24
213,161,22
214,184,22
209,176,23
215,171,24
209,166,22
213,161,24
213,187,24
215,181,23
214,164,24
211,159,22
211,185,22
214,163,23
211,160,24
209,175,22
210,181,24
210,160,23
209,165,23
213,165,21
210,182,22
212,159,22
211,185,24
214,174,21
214,168,25
214,182,25
210,183,23
213,182,21
214,175,21
210,162,24
211,162,21
213,184,25
214,173,21
215,181,24
214,176,21
215,169,23
214,186,24
212,183,21
211,181,25
210,164,21
210,178,21
215,170,24
209,165,22
214,172,21
210,172,25
210,171,25
209,177,23
209,176,22
215,182,23
210,173,25
210,160,22
211,158,23
212,162,21
214,177,21
211,164,25
212,158,23
214,164,22
212,163,25
210,170,25
211,182,21
209,164,23
213,164,25
214,171,21
215,175,22
210,174,25
215,176,22
215,174,22
212,184,25
