129,168,189
129,169,189
129,167,189
130,169,190
128,167,188
130,170,190
130,168,190
128,168,188
128,166,188
128,168,189
130,168,189
129,169,190
129,167,188
129,166,189
128,167,189
130,169,189
129,168,190
129,168,188
130,167,189
129,166,188
128,166,189
129,167,190
130,167,190
128,165,188
131,169,190
127,167,188
130,170,191
128,166,187
131,170,190
127,166,188
130,169,191
128,167,187
129,165,189
130,166,189
131,170,191
129,165,188
127,166,187
131,168,190
128,165,187
131,171,191
131,169,191
128,165,189
129,166,190
127,165,187
127,165,188
130,168,191
130,166,190
128,164,188
128,168,190
130,168,188
128,169,190
130,167,188
131,168,191
127,164,187
128,167,190
131,167,190
128,164,187
127,167,189
131,169,189
129,169,191
127,168,189
129,167,187
131,168,189
129,170,191
127,164,188
130,165,189
130,167,191
129,164,188
129,166,187
130,166,188
129,164,189
127,166,189
129,168,191
128,164,189
129,165,190
128,166,190
132,170,191
131,167,189
132,171,191
129,165,187
126,166,187
131,171,192
127,165,186
126,165,187
131,170,192
130,165,190
128,163,188
127,166,186
131,167,191
127,163,187
132,169,191
127,165,189
129,167,191
131,166,190
127,164,186
128,163,187
130,165,188
126,164,187
131,169,192
132,171,192
127,163,188
130,166,191
126,165,186
132,170,190
126,166,188
132,169,190
130,170,192
132,170,192
126,167,188
128,166,186
130,171,192
131,166,189
126,164,186
128,165,190
128,165,186
129,164,187
132,168,191
130,164,189
126,165,188
129,163,188
130,169,192
127,163,186
132,168,190
128,163,189
129,164,190
126,163,187
127,164,189
131,168,192
129,166,191
129,163,189
132,169,192
128,164,186
126,163,186
131,166,191
127,162,187
126,164,188
130,168,192
130,164,188
130,164,190
128,162,188
131,165,190
127,168,190
128,169,191
128,162,187
131,168,188
127,167,190
128,168,191
130,167,187
127,169,190
128,170,191
132,167,191
132,167,190
131,165,189
127,162,188
130,165,191
131,169,188
128,164,190
129,163,187
127,162,186
131,167,188
128,163,186
130,166,187
132,168,192
126,162,186
126,162,187
131,167,192
127,166,190
128,167,191
133,171,192
133,172,192
127,163,189
126,163,188
129,165,191
130,167,192
132,172,193
126,164,185
125,165,186
132,171,193
126,165,185
125,164,186
126,167,189
132,169,189
129,170,192
133,171,191
131,166,188
133,170,191
133,170,192
130,163,189
129,162,188
130,165,187
126,166,189
129,169,192
129,166,186
126,168,189
132,170,189
129,171,192
125,165,187
131,171,193
132,168,189
127,165,185
126,163,185
125,166,187
131,172,193
131,165,191
127,164,185
127,161,187
128,162,189
129,163,190
132,170,193
125,163,186
129,165,186
125,164,187
131,170,193
127,165,190
133,169,191
128,166,191
132,166,190
129,162,189
130,163,188
126,165,189
129,168,192
128,162,186
127,163,185
132,166,191
133,169,192
132,167,192
132,167,189
126,161,186
133,172,193
127,161,186
131,164,190
126,162,185
125,164,185
128,161,187
131,164,189
129,164,186
130,163,190
128,161,188
128,163,190
133,171,193
129,162,187
125,163,187
131,165,188
131,169,193
126,161,187
131,166,192
132,169,193
125,163,185
126,162,188
130,164,187
125,162,186
130,166,192
127,161,188
130,164,191
133,168,191
126,164,189
129,167,192
127,162,189
129,164,191
133,170,193
133,170,190
127,162,185
127,164,190
125,162,185
128,165,191
130,171,193
125,166,188
133,171,190
133,169,190
133,168,192
132,166,189
130,170,193
125,165,188
128,165,185
126,161,185
125,162,187
131,168,193
129,163,186
128,164,185
132,165,190
132,168,193
125,161,186
130,162,189
129,161,188
131,164,191
127,160,187
128,161,186
130,169,193
125,164,188
132,166,192
133,168,190
126,160,186
128,161,189
129,162,190
133,169,193
131,164,188
126,163,189
129,166,192
130,163,187
125,161,185
132,165,191
130,162,188
133,167,191
127,160,186
128,163,185
126,161,188
130,165,192
127,169,191
127,168,191
127,161,185
134,172,192
126,160,187
131,165,192
129,161,189
134,171,192
131,163,189
128,162,190
129,161,187
131,163,190
134,172,193
127,163,190
128,164,191
131,167,187
128,160,187
130,168,193
125,163,188
134,173,193
131,168,187
127,167,191
132,172,194
126,164,184
124,164,186
128,170,192
126,168,190
132,165,189
132,173,194
128,169,192
133,167,192
126,167,190
126,163,184
125,161,187
124,165,186
131,167,193
133,173,194
127,160,188
130,163,191
125,163,184
130,162,190
128,160,188
133,172,194
124,164,185
125,164,184
134,170,192
127,161,189
134,171,193
126,160,185
129,163,191
124,163,185
133,167,190
129,162,186
132,168,188
132,171,194
132,169,188
124,163,186
131,166,187
128,168,192
130,166,186
126,166,190
125,162,184
132,167,193
125,160,186
130,167,186
133,168,193
128,162,185
126,162,184
133,171,194
132,167,188
125,160,185
124,162,185
127,166,191
126,162,189
129,165,192
134,171,191
130,165,186
132,170,194
134,170,193
124,162,186
132,164,190
134,170,191
133,166,191
134,169,192
130,167,193
125,162,188
128,167,192
131,165,187
126,165,190
131,163,188
131,172,194
128,160,186
125,161,184
124,165,187
130,162,187
132,165,192
126,159,186
127,164,184
131,171,194
127,160,185
124,164,187
133,170,194
129,171,193
129,170,193
125,167,189
124,161,185
133,169,189
126,161,184
132,166,188
125,166,189
131,163,191
133,170,189
127,159,187
134,173,194
127,163,184
126,160,188
130,164,192
132,164,191
130,164,186
124,163,184
130,161,189
134,172,194
134,169,191
129,160,188
127,165,191
127,159,186
133,166,190
127,162,190
128,163,191
125,160,187
131,166,193
129,169,193
131,170,194
128,160,189
129,161,190
129,165,185
125,165,189
133,168,189
124,163,187
130,161,188
124,162,184
129,166,185
132,169,194
126,159,187
131,164,192
124,161,186
132,164,189
133,166,192
128,161,185
134,169,193
126,159,185
129,161,186
128,166,192
128,161,190
126,164,190
127,162,184
129,164,185
133,167,193
134,171,194
131,162,189
125,160,184
129,160,187
125,159,185
132,166,193
125,159,186
131,164,187
134,168,192
124,161,184
129,168,193
133,169,194
125,164,189
129,160,189
131,162,190
124,160,185
128,159,187
127,160,189
129,162,191
130,166,193
125,161,188
131,169,194
133,167,189
126,161,189
129,164,192
124,162,187
127,159,188
132,165,188
130,162,191
126,160,184
134,168,191
130,163,186
130,161,190
128,159,188
129,163,185
127,164,191
133,165,191
134,170,194
132,168,194
127,161,184
124,160,186
124,160,184
127,159,185
131,162,188
134,170,190
135,173,193
128,165,192
129,167,193
130,161,187
126,163,190
132,163,190
134,171,190
134,168,193
125,163,189
135,172,193
133,165,190
130,172,194
128,159,186
132,164,192
130,171,194
126,158,186
124,166,188
124,165,188
125,159,184
131,168,194
125,159,187
131,165,193
124,161,187
134,169,190
133,166,189
128,160,185
126,159,188
127,161,190
128,162,191
130,163,192
133,173,195
125,163,183
133,168,194
130,170,194
131,163,187
135,171,193
134,167,192
133,174,195
128,164,184
125,162,183
124,159,185
123,163,185
128,165,184
124,164,188
123,164,185
135,172,192
135,173,194
133,165,192
134,167,191
132,163,189
135,174,194
132,163,191
133,172,195
129,162,185
131,162,191
127,158,187
133,166,193
127,158,186
126,158,185
132,164,188
123,162,185
125,158,185
135,171,192
126,159,184
129,160,186
128,163,184
130,165,193
125,160,188
126,158,187
134,169,194
131,163,192
134,174,195
135,172,194
125,161,183
132,165,193
134,173,195
130,162,186
125,158,186
124,162,183
124,163,183
124,159,184
134,168,190
123,163,184
127,169,192
127,160,184
126,168,191
130,160,189
127,163,191
129,159,188
130,169,194
