149,194,184
149,194,185
149,194,183
150,195,185
148,193,183
148,194,184
150,194,184
150,195,186
150,195,184
148,193,184
148,193,182
149,195,185
149,193,183
148,194,183
150,194,185
149,195,184
149,193,184
148,194,185
150,194,183
149,195,186
149,193,182
149,194,186
149,194,182
151,195,185
147,193,183
151,195,186
147,193,182
151,196,186
147,192,182
148,194,182
150,196,186
148,192,182
150,195,187
150,195,183
148,193,185
148,193,181
150,194,186
149,195,183
147,193,184
149,193,185
151,195,184
150,196,185
148,192,183
151,196,187
151,196,185
147,192,181
147,192,183
150,196,187
148,192,181
148,194,186
149,195,187
150,194,182
147,193,181
148,195,185
151,195,187
148,195,184
149,193,181
150,193,183
150,193,184
147,194,184
151,194,184
147,194,183
150,196,184
151,194,185
148,192,184
152,196,186
146,192,182
147,193,185
151,196,188
151,196,184
147,192,180
147,192,184
149,194,181
149,194,187
148,195,186
149,196,186
152,196,187
151,195,183
149,196,185
146,192,181
148,194,181
148,195,183
149,192,182
149,192,183
150,193,182
149,195,182
147,194,185
150,196,188
150,193,185
147,194,182
150,194,187
151,194,183
152,196,185
146,192,183
148,192,180
150,195,182
150,195,188
148,193,180
148,193,186
151,197,187
147,191,181
149,193,186
151,194,186
151,197,186
149,196,187
152,195,185
147,191,182
152,197,187
152,195,186
146,193,183
146,191,181
146,193,182
149,196,184
149,192,181
147,193,180
151,197,188
146,192,180
149,192,184
147,191,180
152,196,188
148,194,187
152,197,186
152,197,188
146,191,180
146,191,182
151,195,188
149,195,188
150,196,183
148,195,187
146,193,184
150,194,181
152,195,184
146,193,181
148,195,182
148,192,185
149,193,180
147,194,186
151,197,185
152,195,187
146,192,184
150,197,187
150,197,186
147,191,183
148,191,181
152,196,184
147,194,181
150,193,181
148,191,182
151,196,189
151,196,183
147,192,185
147,192,179
147,193,186
151,194,182
150,193,186
149,196,188
151,195,182
151,194,187
149,196,183
150,196,189
151,197,189
152,197,189
152,197,185
146,191,183
146,191,179
150,197,188
147,191,179
150,197,185
153,197,187
148,194,180
149,192,180
148,191,180
145,191,181
147,195,184
149,195,181
148,192,179
149,194,180
149,194,188
146,192,179
153,197,188
148,191,183
147,195,185
153,196,186
151,193,184
149,192,185
153,196,187
146,193,185
145,191,180
152,196,189
151,193,183
145,192,182
145,192,181
148,196,185
146,193,180
150,194,188
153,197,186
148,196,186
149,193,187
152,195,183
150,195,181
150,195,189
148,193,187
148,193,179
145,191,182
150,192,183
147,195,183
146,194,183
152,194,185
151,197,184
150,192,182
147,193,179
146,194,184
152,195,188
152,194,184
148,195,188
152,198,188
146,190,180
151,193,185
147,195,186
148,196,184
153,196,185
147,191,184
145,192,183
152,198,187
146,190,181
147,194,187
153,196,188
146,192,185
150,196,182
148,195,181
145,192,180
150,197,189
153,197,189
145,191,179
151,195,189
146,194,182
148,194,188
148,196,187
150,192,184
150,197,184
151,193,182
149,195,189
147,194,180
152,198,189
152,196,183
152,194,186
146,190,179
153,198,188
145,190,180
149,196,189
146,194,185
148,192,186
152,197,190
152,197,184
148,191,179
146,191,184
146,191,178
149,197,186
151,197,190
150,193,180
151,198,188
151,198,187
150,192,181
149,197,187
147,190,180
153,198,187
153,198,189
149,196,182
145,191,183
150,194,180
147,195,182
147,190,181
152,194,183
148,191,184
153,197,185
145,190,179
145,190,181
151,194,181
149,191,182
151,196,182
151,196,190
147,192,178
147,192,186
149,193,179
152,198,186
150,193,187
147,191,178
147,193,187
149,191,181
146,190,182
153,195,186
148,196,183
151,194,188
149,197,185
153,195,185
145,193,182
146,193,186
145,193,183
145,192,184
151,198,189
147,195,187
150,196,190
149,192,179
146,194,181
151,198,186
151,193,186
146,192,178
146,193,179
145,192,179
149,197,188
147,190,179
153,196,184
152,198,190
151,195,181
149,191,183
147,190,182
148,196,188
149,192,186
146,190,178
145,193,181
153,196,189
153,195,187
145,191,178
150,192,185
152,196,190
153,198,190
153,198,186
153,197,190
152,195,182
145,190,182
145,190,178
152,194,187
146,194,186
148,192,178
148,194,179
149,191,180
151,197,183
154,197,187
145,193,184
154,197,188
149,195,180
150,197,190
151,193,181
153,195,184
152,195,189
144,191,181
149,197,184
150,197,183
144,191,180
154,198,188
149,194,179
149,194,189
147,191,185
148,195,189
152,198,185
150,192,180
154,198,189
144,190,180
151,198,190
147,195,181
152,194,182
145,191,184
146,192,186
150,194,189
147,194,188
147,193,178
146,190,183
150,198,187
144,190,179
154,197,186
151,198,185
148,195,180
149,193,188
150,195,180
150,195,190
148,193,178
148,193,188
149,197,189
150,198,188
145,193,180
153,197,184
154,197,189
154,198,187
148,196,182
148,191,178
144,191,182
148,190,181
147,194,179
147,190,178
144,191,179
144,190,181
150,196,181
149,191,184
152,197,183
152,197,191
146,191,177
146,191,185
149,196,190
148,190,180
152,196,182
146,194,180
151,197,191
148,191,185
145,192,185
154,196,187
153,195,188
147,190,183
150,198,186
147,195,188
154,196,186
145,193,185
152,198,191
151,195,190
149,196,181
148,194,189
145,192,178
153,199,189
145,189,179
154,198,190
147,196,185
144,192,181
149,195,190
146,195,184
150,198,189
144,190,178
148,196,189
153,198,191
153,198,185
144,192,182
148,190,182
153,199,188
145,190,183
145,190,177
145,189,180
146,190,177
149,191,179
151,193,187
150,193,179
147,196,186
147,191,177
152,193,184
148,192,187
146,193,187
153,196,183
146,195,185
151,192,183
146,194,187
147,196,184
154,196,188
153,195,183
151,194,180
146,195,183
145,191,177
153,199,190
152,199,189
152,199,188
145,189,178
146,189,179
144,192,180
148,190,179
146,189,180
149,197,183
153,196,190
152,193,183
151,196,191
151,196,181
146,193,178
147,192,187
147,192,177
150,192,186
150,193,188
154,198,186
144,191,183
151,192,182
144,190,182
152,194,188
147,193,188
154,197,185
152,193,185
153,197,191
154,196,185
150,194,179
151,194,189
154,199,189
146,192,177
144,191,178
148,197,186
144,192,183
151,192,184
150,198,185
144,189,179
149,192,178
149,193,178
154,197,190
151,198,191
145,194,183
153,194,185
153,199,187
150,196,191
147,196,187
152,199,190
148,197,187
145,193,179
146,195,186
145,189,181
150,197,191
154,199,188
154,199,190
152,199,187
151,193,180
152,198,184
148,197,185
145,194,184
151,198,184
146,189,178
144,189,178
144,189,180
149,197,190
149,192,187
150,191,182
153,194,184
147,196,183
145,194,182
146,195,182
151,197,182
146,189,181
150,198,190
152,195,181
150,197,182
147,195,180
152,196,191
153,194,186
151,195,180
150,192,179
153,199,191
144,190,177
150,191,181
148,190,183
152,194,181
146,190,184
145,191,185
154,198,191
144,192,179
148,196,181
152,193,182
145,189,177
147,190,177
145,193,186
150,191,183
152,195,190
149,191,185
154,196,189
151,192,181
148,192,177
148,197,188
148,194,178
153,195,189
146,194,179
145,194,185
155,198,188
147,190,184
153,197,183
147,191,186
149,195,179
155,198,189
152,193,186
148,195,190
148,197,184
151,199,188
144,192,184
154,199,191
154,199,187
151,192,185
145,192,186
151,199,189
145,194,181
148,190,178
144,189,181
144,189,177
152,199,191
146,192,187
147,194,189
147,195,189
152,198,192
147,189,180
148,191,177
147,196,188
153,194,183
152,199,186
144,190,183
146,195,187
148,195,179
154,196,184
143,190,180
147,189,179
153,199,186
154,195,186
144,191,184
149,198,187
145,192,177
