179,141,163
180,142,164
178,140,162
179,141,162
179,141,164
179,140,163
179,142,163
180,142,163
180,142,165
178,140,161
178,140,163
179,140,162
180,141,164
179,142,164
178,141,162
180,141,163
178,141,163
180,143,164
178,139,162
181,143,165
177,139,161
180,143,165
178,139,161
179,140,164
180,141,165
179,142,162
181,142,165
177,140,161
178,141,161
179,140,161
179,141,161
179,141,165
181,142,164
177,140,162
180,141,162
179,142,165
178,141,164
181,143,164
181,143,166
177,139,160
177,139,162
180,142,162
180,142,166
178,140,160
178,140,164
178,139,163
180,143,163
178,139,160
181,142,166
180,143,166
177,140,160
180,140,163
178,142,163
181,142,163
177,140,163
179,139,162
179,143,164
180,140,164
181,144,165
177,138,161
181,144,166
178,142,162
177,138,160
179,139,163
180,140,162
181,141,164
179,140,165
179,143,163
177,141,162
180,141,166
181,143,163
181,143,167
177,139,159
177,139,163
178,142,164
182,143,166
176,139,160
179,139,161
182,143,165
176,139,161
181,141,165
179,142,161
182,144,166
176,138,160
179,140,160
179,143,165
178,141,160
177,141,161
180,141,161
181,141,163
177,138,162
181,144,164
179,142,166
180,144,165
178,139,164
177,141,163
182,144,165
182,144,167
178,141,165
178,138,161
176,138,159
176,138,161
177,138,159
180,140,165
179,141,160
179,141,166
181,144,167
181,142,167
182,143,167
180,143,162
180,144,164
178,138,162
178,139,159
176,139,159
179,139,164
182,143,164
178,142,161
180,142,161
180,142,167
178,140,159
178,140,165
177,140,159
181,142,162
178,138,160
176,139,162
180,140,161
182,142,165
180,144,166
180,143,167
181,141,166
179,143,162
176,140,161
179,139,160
182,142,166
177,140,164
177,141,160
176,140,160
178,142,165
182,142,164
181,141,162
182,145,166
179,143,166
182,145,167
176,140,162
182,144,164
182,144,168
176,137,160
176,138,158
176,138,162
178,138,163
176,137,159
177,138,163
180,144,163
181,143,162
181,143,168
177,139,158
177,139,164
177,141,164
181,145,166
181,144,163
179,140,166
177,138,158
180,141,167
182,143,168
177,137,160
183,144,167
175,138,159
178,138,159
183,144,166
182,142,167
175,138,160
180,140,166
181,145,165
180,139,163
181,144,168
182,145,165
177,137,161
176,139,158
176,137,161
178,143,163
182,143,163
180,139,162
179,139,165
181,140,164
179,140,159
180,144,167
183,145,167
180,141,160
179,142,160
175,137,159
181,145,167
182,145,168
176,137,158
176,140,159
177,137,159
178,141,159
181,140,163
178,143,164
177,142,162
182,142,163
178,139,165
181,141,167
176,139,163
180,139,164
179,138,162
179,144,164
183,144,168
181,142,168
177,142,163
183,143,166
183,145,166
183,145,168
180,140,160
175,138,158
175,137,158
175,137,160
178,142,160
175,139,160
179,138,161
181,140,165
179,142,167
183,144,165
179,144,165
178,141,166
178,139,158
178,143,162
175,138,161
183,143,167
179,143,161
179,139,159
176,140,163
180,143,161
175,139,159
180,139,161
181,142,161
179,138,163
179,141,159
179,141,167
177,137,162
182,141,165
183,143,165
177,142,161
177,140,158
178,138,164
181,141,161
181,145,164
181,140,162
177,141,159
182,141,164
179,144,163
175,139,161
176,141,161
180,143,168
182,144,163
182,144,169
180,142,168
180,142,160
178,140,158
178,140,166
176,138,157
176,138,163
178,143,165
178,142,166
177,137,158
179,138,160
176,141,162
176,137,162
177,140,165
182,141,166
182,142,168
180,145,165
182,145,164
179,143,167
180,144,162
180,139,165
177,138,164
181,145,168
177,142,164
178,137,161
178,138,158
183,143,168
183,145,165
183,145,169
180,145,166
176,137,157
175,137,157
175,137,161
181,140,166
182,146,167
179,144,166
178,137,160
183,146,167
183,144,169
182,145,169
177,141,165
176,141,160
183,146,168
182,143,169
182,141,163
177,138,157
181,144,162
175,136,159
175,139,158
176,136,159
182,146,166
175,136,158
179,138,164
175,138,157
183,143,164
178,137,162
182,142,162
183,144,164
180,145,164
180,140,167
176,140,158
181,143,169
181,143,161
177,139,157
177,139,165
176,136,160
182,143,162
178,143,161
182,146,168
180,139,160
176,139,157
180,144,168
179,139,166
175,138,162
181,144,169
183,142,166
176,136,158
176,141,163
181,140,161
184,145,168
179,140,167
174,137,158
175,139,162
183,146,166
177,142,160
177,137,163
184,145,167
178,137,159
174,137,159
180,141,168
182,141,167
183,142,165
181,141,168
175,136,160
179,144,162
175,140,160
183,146,169
180,145,167
176,139,164
175,136,157
179,138,159
175,140,161
183,142,167
184,144,167
176,140,164
181,145,163
174,138,159
179,140,158
180,140,159
180,141,159
184,146,168
178,139,166
182,146,165
181,146,166
184,145,169
174,136,158
176,136,161
177,137,157
184,144,168
179,139,158
174,137,157
178,137,163
183,143,169
178,138,165
179,142,159
181,142,169
174,138,158
184,145,166
178,143,166
182,141,162
180,139,166
178,141,158
181,146,167
178,142,159
175,140,159
184,144,166
183,142,164
176,141,159
174,137,160
184,146,167
184,146,169
177,136,160
181,141,160
176,137,163
181,140,167
183,145,164
183,145,170
174,136,157
174,136,159
179,143,160
174,138,160
175,137,156
175,137,162
177,142,165
176,136,157
178,139,157
177,136,159
182,146,169
180,145,163
179,144,167
182,142,169
181,139,163
181,142,160
181,145,169
181,146,165
179,142,168
182,145,163
179,138,165
177,141,158
180,143,160
182,144,170
182,144,162
183,143,163
176,137,156
181,139,164
176,138,156
176,138,164
180,138,162
178,141,167
183,144,170
177,136,161
175,139,157
175,136,161
178,137,158
175,140,162
180,138,163
183,146,165
177,140,157
183,142,168
184,144,169
178,138,157
178,144,164
177,143,163
181,139,162
175,136,156
182,145,170
178,144,163
183,144,163
177,143,162
179,141,158
179,141,168
182,140,164
180,144,161
182,141,168
183,146,170
177,138,165
175,138,156
180,138,161
177,136,158
180,139,159
180,143,169
174,138,157
178,142,167
182,140,165
181,146,168
176,141,164
183,147,168
184,144,165
184,145,170
182,142,161
184,146,166
184,146,170
181,140,160
179,143,168
181,139,165
184,143,167
177,140,166
180,142,159
180,142,169
178,140,157
178,140,167
174,136,156
174,136,160
182,143,170
179,137,161
179,145,165
178,143,160
180,138,164
175,139,163
176,136,162
174,137,156
183,147,167
180,145,168
184,143,166
177,137,164
176,142,162
184,145,165
175,138,163
179,137,162
182,140,163
183,142,163
177,138,156
178,144,165
174,139,159
179,145,164
177,143,164
177,141,166
175,135,158
179,138,158
175,140,158
174,138,161
184,147,168
177,142,159
176,140,157
176,142,161
184,147,169
178,137,164
183,147,169
174,137,161
181,144,161
177,136,162
174,139,160
180,140,168
182,146,164
184,143,168
179,144,161
175,135,159
182,140,166
182,143,161
179,137,160
174,135,158
174,135,157
179,139,167
175,135,157
181,146,164
176,136,156
181,139,161
178,144,162
180,144,169
177,143,161
182,141,161
176,139,156
182,147,167
179,145,166
183,143,170
180,138,160
179,137,163
183,141,165
181,141,169
174,139,158
176,142,163
184,143,165
181,143,160
181,143,170
177,139,156
177,139,166
181,144,170
177,137,156
183,141,166
182,147,168
184,144,170
184,147,167
180,139,167
181,145,162
185,146,169
177,136,157
173,136,157
176,141,158
183,142,169
184,147,170
183,147,166
174,135,159
185,146,168
182,146,170
173,136,158
181,140,168
182,140,162
181,139,166
180,146,166
176,135,159
175,140,163
179,145,163
179,140,168
176,139,165
176,140,165
185,145,168
183,141,164
175,135,160
174,135,156
180,141,169
175,136,162
180,138,165
176,142,160
173,137,158
178,137,157
175,141,161
