152,158,35
151,158,35
153,158,35
150,158,35
154,158,35
149,158,35
155,158,35
153,159,35
151,157,35
152,159,35
152,157,35
154,159,35
150,157,35
151,159,35
153,157,35
155,159,35
149,157,35
148,158,35
156,158,35
150,159,35
154,157,35
156,159,35
148,157,35
153,159,36
151,157,34
152,158,34
152,158,36
152,159,36
154,159,36
151,158,34
153,158,36
150,157,34
152,157,34
153,158,34
151,158,36
149,159,35
147,158,35
157,158,35
155,157,35
151,159,36
155,159,36
157,159,35
150,158,34
154,158,36
149,157,34
153,157,34
154,158,34
150,158,36
147,157,35
149,158,34
150,159,36
156,159,36
155,158,36
148,157,34
154,157,34
155,158,34
149,158,36
148,159,35
156,157,35
158,159,35
146,157,35
146,158,35
158,158,35
148,158,34
149,159,36
157,159,36
156,158,36
154,160,35
155,157,34
147,157,34
150,156,35
156,158,34
153,160,35
148,158,36
151,156,35
155,160,35
149,156,35
154,160,36
150,156,34
153,159,34
153,160,36
152,160,35
155,160,36
152,159,34
151,157,36
151,156,34
149,156,34
152,156,35
154,159,34
156,160,35
152,157,36
148,156,35
150,157,36
152,160,36
151,159,34
156,160,36
147,159,35
152,156,34
148,156,34
155,159,34
153,157,36
159,159,35
157,157,35
151,160,35
149,157,36
147,158,34
148,159,36
158,159,36
153,156,35
145,157,35
157,158,36
146,157,34
156,157,34
157,158,34
157,160,35
147,158,36
147,156,35
151,160,36
150,159,34
158,157,35
145,158,35
157,160,36
153,156,34
156,159,34
147,156,34
154,157,36
148,157,36
150,160,35
154,156,35
158,160,35
146,156,35
149,159,34
150,160,36
158,160,36
154,156,34
146,158,34
157,159,34
146,159,35
155,157,36
146,156,34
147,159,36
159,159,36
145,157,34
157,157,34
158,158,34
158,158,36
159,158,35
157,156,35
147,157,36
146,158,36
144,157,35
149,160,35
155,156,35
159,160,35
148,159,34
144,158,35
158,156,35
149,160,36
145,156,35
159,160,36
155,156,34
158,159,34
156,157,36
145,156,34
146,157,36
145,158,34
159,158,36
146,159,36
158,157,34
157,156,34
144,157,34
158,157,36
148,160,35
145,159,35
145,158,36
159,157,35
160,160,35
157,155,35
156,156,35
147,159,34
148,160,36
143,157,35
160,160,36
144,156,35
156,156,34
153,159,37
159,159,34
157,157,36
154,159,37
144,156,34
152,159,37
155,161,36
154,160,34
149,155,34
151,157,33
153,160,34
154,161,36
150,155,34
156,161,36
155,160,34
150,157,33
148,155,34
152,157,33
145,157,36
150,156,36
155,159,37
151,159,37
151,156,36
143,158,35
158,155,35
152,160,34
153,161,36
149,156,36
151,155,34
157,161,36
149,157,33
156,160,34
153,157,33
147,155,34
152,156,36
147,160,35
144,158,34
155,161,35
148,156,36
154,160,37
154,161,35
156,159,37
149,155,35
145,159,36
159,157,36
158,156,34
151,160,34
143,157,34
157,155,34
152,161,36
156,161,35
150,159,37
153,160,37
155,160,37
158,156,36
150,155,35
160,159,35
152,155,34
146,159,34
148,155,35
148,157,33
158,161,36
156,155,35
157,160,34
152,158,33
152,158,37
154,157,33
147,160,36
144,158,36
150,156,33
146,155,34
153,161,35
151,158,33
153,158,37
144,159,35
153,158,33
151,158,37
153,156,36
149,156,33
151,156,33
160,159,36
151,155,35
157,161,35
152,160,37
156,160,37
159,158,34
156,155,34
143,156,35
159,156,35
147,155,35
147,156,36
157,156,36
150,158,33
157,154,35
143,156,34
154,158,37
154,158,33
148,156,33
152,156,33
150,158,37
150,160,34
157,159,37
152,161,35
151,161,36
142,157,35
149,159,37
144,157,36
147,157,33
153,155,34
152,155,35
159,161,36
151,160,37
157,160,37
158,161,35
158,160,34
155,157,33
145,155,34
149,158,33
154,156,36
146,155,35
155,158,37
155,158,33
147,156,33
153,156,33
149,158,37
146,160,35
146,156,36
151,161,35
142,158,35
158,154,35
149,160,34
143,158,34
145,159,34
153,155,35
150,161,36
159,161,35
150,160,37
158,160,37
160,158,35
158,159,37
148,158,33
146,160,36
158,155,34
146,157,33
156,154,35
148,159,37
159,156,36
144,159,36
142,157,34
157,154,34
154,155,34
160,161,36
156,158,37
159,160,34
158,155,36
156,157,33
145,155,35
156,158,33
154,156,33
146,156,33
160,158,36
159,157,34
148,158,37
156,154,34
144,155,34
155,156,36
143,158,36
142,156,35
157,155,36
142,156,34
143,159,35
150,161,35
145,156,36
159,155,35
143,157,36
160,161,35
149,160,37
159,160,37
157,153,35
154,155,35
148,160,34
147,158,33
149,161,36
141,157,35
157,158,37
157,158,33
159,159,37
145,156,33
155,156,33
155,161,37
145,157,33
144,155,35
147,159,37
154,161,37
161,161,36
160,160,34
155,155,34
156,161,37
147,158,37
157,157,33
145,160,35
153,159,33
152,159,33
149,155,33
154,159,33
156,156,36
143,155,34
153,161,37
150,155,33
148,155,33
157,161,37
144,159,34
149,161,35
151,157,37
160,157,35
151,159,33
152,157,37
150,157,37
145,160,36
155,159,33
142,158,34
151,155,33
156,153,35
144,156,36
147,155,33
159,156,34
161,161,35
160,157,36
158,153,35
146,158,33
153,157,37
148,160,37
160,160,37
158,154,34
155,155,35
152,161,37
143,159,36
159,155,36
141,157,34
157,153,34
156,153,34
158,161,37
149,157,37
150,159,33
158,154,36
147,160,34
157,154,36
158,158,33
158,158,37
141,156,35
141,156,34
144,156,33
156,156,33
148,161,36
156,159,33
142,158,36
152,155,33
143,155,35
146,155,33
159,158,37
146,158,37
144,157,33
154,157,37
160,159,34
161,160,36
142,157,36
146,159,37
157,156,33
155,154,34
148,157,37
151,161,37
149,159,33
159,161,37
148,161,35
156,155,36
159,154,35
142,155,34
157,159,33
157,152,35
153,155,33
145,155,33
144,160,35
155,157,37
161,160,35
145,158,33
155,161,34
143,156,36
160,159,37
147,160,37
154,161,34
156,162,36
148,154,34
155,154,35
156,161,34
155,162,36
149,154,34
143,159,34
147,157,37
157,162,36
147,154,34
158,157,33
160,156,35
158,157,37
146,160,34
153,161,34
143,156,33
156,155,33
150,161,37
148,159,33
144,160,36
154,162,36
150,154,34
160,161,37
157,161,34
147,161,36
149,155,36
158,162,36
150,155,36
142,155,35
146,154,34
156,152,35
159,155,34
145,158,37
160,156,36
148,155,36
158,159,33
143,157,33
154,155,33
159,157,37
152,161,34
160,158,34
156,152,34
161,159,36
151,155,36
144,155,33
158,153,34
157,155,33
153,162,36
156,157,37
145,159,37
159,154,36
155,153,34
157,153,36
157,152,34
151,154,34
140,156,34
158,161,34
140,156,35
147,155,36
147,161,35
159,162,36
158,153,36
158,152,35
145,154,34
156,154,36
146,157,37
141,155,34
152,155,36
141,157,36
151,161,34
147,159,33
149,161,37
144,158,33
161,159,35
152,162,36
161,161,37
146,160,37
160,158,37
146,155,36
142,156,36
152,154,34
159,161,34
155,153,35
156,162,35
160,162,36
159,159,33
158,156,33
155,162,35
157,162,35
142,156,33
156,154,33
158,156,37
155,155,33
148,154,35
159,153,35
144,154,34
145,160,34
149,154,35
143,155,33
154,162,35
157,157,37
147,154,35
153,155,36
146,161,36
157,151,35
158,162,35
144,158,37
141,155,35
150,161,34
150,154,35
151,162,36
160,155,35
145,155,36
142,157,33
145,157,37
146,154,35
160,157,34
153,162,35
161,158,36
159,156,37
157,154,33
160,161,34
153,154,34
146,161,35
146,159,33
