166,119,48
166,118,48
166,120,48
166,117,48
166,121,48
166,116,48
166,122,48
167,120,48
165,118,48
167,119,48
165,119,48
167,121,48
165,117,48
167,118,48
165,120,48
167,122,48
165,116,48
167,117,48
166,115,48
166,123,48
165,121,48
167,120,49
165,118,47
167,119,49
167,121,49
165,117,47
165,119,47
166,119,47
166,119,49
166,118,47
166,120,49
166,120,47
166,118,49
167,123,48
166,117,47
167,118,49
167,122,49
166,121,49
165,115,48
165,116,47
165,120,47
167,116,48
165,122,48
166,121,47
166,117,49
166,116,47
166,114,48
166,124,48
166,122,49
167,117,49
167,123,49
165,115,47
165,121,47
167,124,48
165,114,48
166,122,47
166,116,49
167,115,48
165,123,48
166,115,47
166,123,49
167,116,49
167,124,49
165,114,47
165,122,47
168,121,49
164,117,47
168,120,49
164,118,47
168,122,49
166,125,48
166,113,48
164,116,47
168,119,49
164,119,47
168,120,48
164,118,48
166,123,47
168,121,48
167,119,47
164,117,48
167,125,48
166,115,49
168,119,48
167,120,47
165,119,49
164,119,48
165,113,48
165,118,49
167,118,47
166,114,47
168,123,49
166,124,49
165,120,49
168,122,48
164,115,47
167,114,48
164,116,48
168,118,49
167,121,47
164,120,47
165,124,48
168,118,48
165,117,49
167,115,49
167,125,49
165,123,47
165,113,47
164,120,48
167,117,47
165,121,49
168,123,48
167,122,47
164,115,48
168,124,49
164,114,47
165,116,49
168,117,48
168,117,49
166,124,47
164,121,47
167,116,47
164,121,48
166,114,49
165,122,49
166,112,48
166,126,48
166,113,47
167,126,48
166,125,49
168,124,48
165,112,48
167,123,47
164,114,48
167,113,48
167,114,49
167,126,49
165,124,47
165,112,47
168,125,49
165,115,49
165,125,48
164,113,47
168,116,48
167,115,47
168,116,49
164,122,48
164,122,47
165,123,49
166,125,47
168,125,48
167,124,47
166,113,49
167,120,50
167,121,50
164,113,48
166,112,47
165,118,46
165,117,46
165,114,49
167,119,50
166,126,49
168,126,49
167,122,50
168,115,48
167,127,48
165,119,46
167,114,47
164,112,47
166,111,48
166,127,48
165,116,46
168,115,49
165,111,48
164,123,48
167,113,49
167,127,49
165,125,47
165,111,47
167,112,48
164,123,47
167,118,50
165,124,49
168,121,50
167,123,50
165,120,46
168,120,50
168,122,50
165,126,48
165,115,46
164,117,46
168,126,48
164,116,46
164,118,46
169,121,49
163,117,47
167,125,47
169,122,49
163,116,47
168,119,50
168,123,50
169,120,49
163,118,47
164,112,48
166,126,47
167,117,50
164,115,46
164,119,46
166,118,46
166,120,50
169,123,49
165,121,46
163,115,47
165,113,49
166,119,46
166,119,50
167,124,50
166,112,49
168,114,48
166,117,46
168,127,49
166,121,50
165,114,46
169,119,49
163,119,47
167,113,47
166,111,47
168,120,47
168,119,47
168,118,50
168,124,50
164,111,47
166,120,46
166,118,50
168,121,47
168,114,49
164,124,48
166,127,49
169,124,49
164,118,49
166,116,46
164,114,46
164,120,46
166,122,50
163,114,47
164,119,49
165,125,49
168,118,47
164,124,47
167,128,48
164,117,49
169,118,49
168,122,47
167,116,50
166,121,46
163,120,47
165,122,46
164,120,49
167,112,49
167,128,49
166,117,50
165,110,48
166,110,48
166,128,48
165,110,47
165,126,47
168,127,48
167,125,50
167,111,48
167,126,47
164,116,49
165,113,46
168,117,47
169,121,48
166,115,46
168,117,50
168,125,50
169,120,48
166,123,50
163,117,48
169,125,49
169,122,48
163,118,48
164,121,46
164,113,46
165,127,48
163,113,47
168,123,47
164,111,48
163,116,48
164,121,49
169,119,48
165,112,49
166,122,46
169,117,49
168,113,48
163,119,48
169,123,48
166,127,47
166,116,50
167,112,47
168,128,49
163,121,47
164,115,49
163,115,48
168,116,47
164,110,47
166,114,46
166,111,49
167,115,50
169,118,48
165,123,46
164,125,48
168,113,49
166,110,47
166,124,50
168,116,50
168,126,50
168,124,47
163,120,48
169,126,49
165,126,49
169,122,50
167,126,50
169,121,50
169,124,48
165,112,46
164,122,49
164,125,47
166,128,49
164,122,46
164,112,46
163,112,47
163,116,46
169,123,50
163,117,46
163,114,48
169,120,50
166,123,46
168,128,48
163,115,46
164,114,49
169,116,49
167,129,48
163,118,46
169,117,48
167,127,47
166,115,50
168,115,47
169,124,50
163,122,47
167,111,49
167,129,49
165,109,47
165,127,47
169,119,50
163,121,48
166,113,46
165,109,48
169,125,48
163,114,46
167,110,48
164,110,48
166,109,48
166,129,48
163,119,46
168,125,47
166,125,50
165,111,49
164,123,49
168,112,48
165,124,46
167,119,46
167,114,50
163,113,48
169,127,49
167,118,46
167,111,47
168,115,50
168,127,50
165,128,48
169,125,50
167,120,46
168,129,49
165,119,50
165,111,46
163,111,47
164,123,46
164,111,46
169,116,48
169,118,50
167,127,50
165,120,50
167,117,46
166,128,47
166,124,46
163,113,46
164,113,49
165,118,50
164,109,47
167,121,46
164,126,48
168,112,49
163,120,46
169,115,49
168,114,47
166,114,50
165,121,50
163,122,48
165,127,49
166,110,49
169,126,48
166,109,47
165,117,50
167,116,46
164,126,47
163,123,47
166,112,46
169,126,50
168,126,47
168,129,48
167,122,46
166,129,49
163,112,48
167,128,47
165,122,50
166,126,50
169,117,50
164,124,49
163,112,46
169,128,49
169,115,48
165,116,50
163,121,46
165,125,46
167,130,48
167,115,46
168,114,50
168,128,50
167,113,50
167,110,49
167,130,49
165,108,47
165,128,47
164,109,48
166,125,46
164,124,46
164,110,46
163,110,47
164,112,49
165,110,49
165,110,46
167,123,46
168,111,48
163,123,48
169,127,48
167,128,50
168,113,47
165,108,48
165,123,50
167,110,47
167,109,48
169,114,49
169,127,50
166,113,50
168,130,49
166,108,48
166,130,48
165,115,50
169,116,50
166,111,46
163,111,46
163,124,47
165,129,48
170,122,49
162,116,47
167,114,46
163,111,48
164,108,47
168,127,47
170,121,49
162,117,47
166,129,47
168,111,49
164,127,48
170,123,49
162,115,47
163,122,46
165,128,49
164,125,49
166,127,50
169,114,48
170,120,49
162,118,47
167,124,46
164,127,47
166,109,49
170,124,49
169,129,49
165,124,50
166,108,47
162,114,47
168,130,48
167,129,47
168,113,50
168,129,50
169,120,47
169,121,47
165,126,46
170,119,49
166,126,46
164,111,49
169,128,48
167,112,50
162,119,47
169,128,50
163,124,48
169,119,47
164,125,46
164,109,46
166,130,49
165,114,50
163,109,47
169,122,47
168,112,47
170,125,49
167,113,46
165,109,46
162,113,47
169,115,50
169,113,49
168,121,51
163,110,46
163,118,49
168,122,51
163,117,49
167,129,50
166,112,50
170,122,50
169,118,47
170,123,50
164,108,48
169,123,47
167,131,48
162,116,46
168,120,51
170,121,50
163,119,49
168,110,48
170,118,49
162,115,46
168,123,51
165,109,49
167,109,49
167,131,49
166,110,46
163,116,49
163,123,46
165,107,47
165,129,47
163,110,48
167,109,47
167,125,46
162,117,46
170,124,50
168,128,47
162,120,47
163,125,47
165,125,50
167,121,51
162,114,46
164,117,45
168,131,49
170,120,50
167,120,51
164,116,45
170,126,49
169,113,48
168,119,51
167,122,51
163,120,49
165,107,48
164,126,49
169,117,47
167,108,48
168,124,51
162,118,46
164,118,45
162,112,47
163,115,49
166,128,50
164,115,45
169,124,47
165,117,45
167,119,51
170,125,50
165,118,45
166,107,48
166,131,48
164,107,47
