155,200,201
155,201,201
155,199,201
156,201,202
154,199,200
154,200,201
156,200,201
156,202,202
156,200,202
154,200,200
154,198,200
155,201,202
155,199,200
154,199,201
154,201,201
156,201,201
156,199,201
155,200,202
155,202,202
155,200,200
155,198,200
157,201,202
155,201,200
155,198,201
153,199,200
153,198,200
157,202,202
153,200,200
157,202,203
157,200,202
153,198,199
156,202,203
154,198,199
156,202,201
156,199,202
154,200,199
154,197,200
154,198,201
154,201,200
156,201,200
155,199,202
157,203,203
157,201,203
153,199,199
153,197,199
156,201,203
156,198,201
155,202,201
156,203,203
154,199,199
154,197,199
155,200,199
155,197,200
154,201,202
156,199,200
153,200,201
157,200,201
153,197,200
154,200,202
153,200,199
154,202,202
157,202,201
156,200,200
157,199,202
156,198,200
153,199,201
153,201,201
157,201,201
158,202,203
157,199,201
152,198,199
156,200,203
155,201,199
155,197,201
157,203,202
157,200,203
155,202,203
153,199,198
153,196,199
156,203,202
155,198,199
154,199,198
154,196,199
158,203,203
152,197,199
158,201,203
152,199,199
155,201,203
155,203,203
155,199,199
156,202,200
156,198,202
154,200,198
154,196,200
154,197,201
158,201,202
155,197,199
154,199,202
154,201,199
152,199,200
157,203,204
153,197,198
155,198,202
154,202,201
155,202,200
153,198,201
156,201,199
156,200,199
153,201,200
158,203,204
156,197,201
158,202,202
152,197,198
152,198,200
155,200,198
152,200,200
158,200,202
157,202,204
156,197,200
157,204,204
157,201,200
153,198,198
153,196,198
155,196,200
157,198,201
158,204,204
158,202,204
152,198,198
152,196,198
152,196,199
153,196,200
155,200,203
152,199,198
158,203,202
153,200,198
158,200,203
155,203,202
157,202,200
155,199,198
157,198,202
156,203,204
156,199,203
155,196,199
154,197,198
156,203,201
157,203,201
157,199,203
153,199,197
153,195,199
152,197,200
152,200,199
157,201,204
154,199,197
156,202,204
158,202,201
157,204,203
156,204,204
154,195,199
153,198,197
154,198,198
153,195,198
158,199,202
154,198,202
154,196,198
158,204,203
158,201,204
152,198,197
152,195,198
153,201,202
154,202,200
153,197,201
159,203,204
157,199,200
159,202,203
155,201,198
155,196,201
153,201,199
151,197,198
153,200,202
151,198,199
153,202,202
154,202,203
156,200,198
159,204,204
157,200,200
159,202,204
159,203,203
152,200,201
158,200,201
151,196,198
159,201,203
154,196,201
151,198,198
157,198,200
157,201,199
155,199,203
156,198,199
151,197,199
156,201,204
156,202,199
156,197,202
156,196,200
152,195,199
154,200,197
154,195,200
151,199,199
154,201,198
154,201,203
155,197,202
152,199,197
156,204,203
155,203,201
154,203,203
157,197,201
152,199,201
155,202,199
158,203,201
152,201,201
158,201,201
154,198,197
156,199,199
158,199,203
158,199,201
156,197,199
156,201,198
154,195,198
152,196,200
158,204,205
152,196,197
156,196,201
153,199,202
155,199,197
155,200,197
152,200,198
155,195,200
153,195,200
157,200,204
153,202,201
155,195,199
157,204,202
153,200,197
158,203,205
158,205,205
152,197,197
151,195,198
151,196,199
159,204,203
152,195,197
154,200,203
151,198,197
158,202,200
153,198,196
159,201,204
159,203,202
157,200,199
151,199,198
159,204,205
152,198,201
153,194,198
155,203,204
151,196,197
156,198,203
154,203,202
158,204,202
158,200,204
159,200,203
152,198,196
152,194,198
157,202,199
158,198,202
159,201,202
157,197,200
156,203,200
152,201,200
157,204,205
157,197,202
155,197,198
151,199,200
153,196,197
157,203,200
157,198,203
153,199,196
153,194,199
155,202,204
158,201,200
159,205,205
159,203,205
155,204,204
151,197,197
151,195,197
156,199,198
154,197,202
159,202,202
157,203,205
156,200,204
154,199,196
151,198,200
158,198,201
157,205,205
153,196,201
159,200,202
155,198,198
156,196,199
151,200,200
154,202,199
153,197,197
154,194,199
156,204,202
155,196,198
153,195,197
158,202,205
153,201,198
158,205,204
152,197,196
152,194,197
153,198,202
154,198,196
155,198,203
155,201,204
160,203,204
153,202,200
152,194,199
154,194,198
155,203,200
155,204,203
154,199,203
156,200,197
159,205,204
159,202,205
152,199,196
151,197,200
151,195,199
151,197,196
151,194,197
157,202,205
152,197,201
151,194,198
150,197,198
157,201,198
157,205,204
160,204,204
151,200,199
151,199,197
151,198,196
154,203,201
159,202,201
160,202,204
155,201,197
155,195,201
152,195,200
156,195,200
159,204,202
158,203,200
155,198,197
153,197,196
152,201,199
159,200,204
160,204,205
159,203,201
150,196,198
157,196,201
158,198,203
159,199,202
150,198,198
153,194,197
154,195,201
152,200,197
157,200,198
155,195,198
157,199,204
150,196,197
159,199,203
155,196,202
154,201,197
157,204,201
156,202,198
156,196,202
154,200,196
154,194,200
155,199,196
160,205,205
155,202,198
160,203,205
157,196,200
156,204,205
160,202,203
158,201,199
150,195,197
150,197,197
156,199,197
155,194,199
158,201,205
153,198,195
154,196,197
156,203,205
158,204,201
158,199,204
152,198,195
152,193,198
158,205,203
158,202,199
156,205,205
153,193,198
150,198,199
158,197,201
152,201,202
156,201,197
160,203,203
153,194,200
156,195,199
153,202,203
155,200,204
160,204,203
152,197,195
156,199,204
150,195,198
160,201,203
155,200,196
153,200,196
156,195,201
158,199,200
154,197,197
152,193,197
158,197,202
160,201,204
150,198,197
152,200,202
150,197,199
154,195,197
153,201,203
151,196,200
155,204,202
155,194,200
150,199,199
156,204,201
152,202,202
157,198,199
153,203,203
157,201,205
156,197,203
153,197,202
158,200,200
159,205,203
159,201,205
151,200,198
159,205,206
151,195,196
157,205,203
156,203,199
151,197,195
151,193,197
160,205,204
154,196,202
160,202,205
158,198,200
150,194,197
157,199,199
150,197,196
157,202,198
156,202,205
153,202,199
157,203,199
157,197,203
153,199,195
153,193,199
153,195,201
151,200,201
159,200,201
157,197,199
159,204,206
154,198,203
159,206,206
151,196,196
157,196,202
156,205,204
154,202,198
151,194,196
159,202,200
158,205,206
153,197,195
152,196,201
154,203,204
151,194,199
152,195,196
155,198,196
152,199,202
151,199,201
153,201,197
153,200,203
150,196,199
154,198,195
160,203,202
154,199,195
151,201,201
159,201,201
153,193,197
154,203,200
151,193,198
151,199,196
154,202,204
159,198,202
152,202,201
158,204,206
150,199,198
152,201,198
154,197,196
151,198,195
153,203,202
159,199,201
158,206,206
154,193,199
160,205,206
154,204,204
155,197,203
160,200,203
155,194,198
152,196,196
154,193,198
150,195,196
156,197,198
152,194,196
154,194,197
159,204,201
155,203,199
152,193,199
150,194,198
160,206,206
160,204,206
158,200,199
159,199,204
156,198,198
150,196,196
150,194,196
152,199,195
159,203,200
159,203,206
150,198,196
152,194,200
157,199,198
159,206,205
151,198,201
156,196,198
160,204,202
151,196,195
158,197,200
157,200,197
151,193,196
159,198,203
154,201,204
151,201,200
160,200,204
158,200,205
155,199,204
152,200,196
156,200,196
157,196,199
158,203,206
161,204,205
156,201,205
158,205,202
154,204,203
157,201,197
158,206,205
150,193,197
157,198,204
158,203,199
159,201,200
160,201,202
160,205,203
151,195,200
158,201,198
150,197,195
157,195,200
156,199,196
157,204,200
156,205,203
152,198,202
155,204,201
152,196,195
160,201,205
156,194,200
158,197,203
153,199,203
161,205,205
150,199,200
157,200,205
150,195,199
152,197,194
152,193,196
161,203,205
157,195,201
159,198,201
161,203,204
149,196,197
157,205,206
160,202,202
151,200,197
160,206,205
160,203,206
152,192,197
