22,120,115
22,120,114
22,120,116
22,120,113
22,120,117
22,121,116
22,119,114
22,121,115
22,119,115
22,121,117
22,119,113
22,120,112
22,120,118
22,121,114
22,119,116
22,121,118
22,119,112
22,121,113
22,119,117
22,121,119
22,119,111
22,120,111
22,120,119
23,121,116
22,121,112
21,119,114
22,119,118
23,121,115
23,121,117
22,121,120
21,119,115
21,119,113
22,119,110
21,120,115
23,120,115
22,122,117
22,118,113
21,120,114
23,120,116
22,120,110
22,120,120
23,121,114
23,121,118
21,120,116
23,120,114
22,122,116
22,118,114
22,122,118
21,119,112
21,119,116
22,118,112
21,120,113
22,122,115
23,120,117
21,120,117
23,120,113
22,118,115
22,122,119
22,118,111
23,121,113
23,121,119
22,121,111
23,122,117
21,119,117
21,119,111
22,121,121
22,119,119
21,118,113
23,122,116
23,122,118
21,118,114
22,119,109
21,118,112
22,122,114
21,120,112
23,120,118
21,120,118
22,118,116
23,120,112
22,122,120
23,122,115
22,118,110
23,122,119
21,118,115
21,118,111
22,120,109
22,119,120
23,121,112
23,121,120
21,119,110
21,119,118
21,121,116
22,122,113
23,122,114
21,121,115
21,120,111
23,119,114
21,121,117
23,122,120
23,120,119
21,120,119
21,118,116
23,119,115
22,118,117
22,122,121
21,118,110
23,120,111
23,119,113
22,121,110
21,121,114
22,120,121
22,118,109
22,118,119
21,121,118
23,119,116
22,119,108
23,119,112
23,122,113
23,121,111
23,121,121
21,121,113
21,119,109
21,119,119
23,122,121
21,118,117
22,122,112
21,121,119
21,118,109
21,120,110
23,119,117
22,118,120
22,120,108
23,120,120
21,120,120
22,122,122
23,119,111
22,118,118
23,120,110
22,118,108
23,123,118
21,121,112
21,117,112
23,123,117
22,121,109
23,123,119
21,117,113
21,117,111
21,121,120
23,122,112
22,123,118
22,119,121
23,119,118
22,117,119
22,123,117
22,117,112
23,122,122
23,123,116
22,123,119
21,118,118
22,117,113
21,117,114
23,123,120
22,119,107
22,117,111
23,119,110
23,121,110
23,120,121
21,118,108
21,117,110
21,119,108
21,118,119
22,122,111
22,123,116
21,120,109
22,117,114
22,123,120
21,119,120
23,119,120
22,121,122
22,117,110
23,123,115
22,117,118
23,120,109
21,121,111
21,117,115
23,123,121
22,123,115
21,117,109
21,121,121
22,118,107
22,120,107
22,117,120
22,117,115
22,123,121
23,119,119
21,122,117
23,122,111
21,122,116
21,122,118
22,117,109
23,121,122
23,119,109
23,123,114
21,117,118
23,118,113
21,122,115
22,121,108
23,118,114
21,118,107
23,123,122
22,123,114
21,117,116
21,122,119
23,118,112
22,118,121
23,119,121
23,121,109
22,122,110
21,117,108
21,117,119
21,119,107
22,116,119
22,123,122
22,117,116
23,118,115
21,120,108
21,121,110
21,122,114
22,119,106
23,118,111
21,118,120
22,120,122
23,118,120
22,117,108
21,122,120
21,120,121
22,116,118
23,120,108
23,123,113
23,118,119
23,118,116
22,123,113
22,118,106
23,123,123
23,122,110
21,117,117
23,118,110
23,119,108
21,122,113
23,120,122
22,123,123
21,117,107
22,117,117
21,116,118
21,122,121
22,116,120
22,120,106
21,118,106
24,122,117
24,121,116
23,118,117
22,117,107
21,121,109
24,121,117
24,122,118
24,122,116
22,122,109
24,121,115
22,121,107
23,121,108
23,118,121
21,119,106
21,116,119
23,123,112
20,119,114
21,120,107
23,118,109
22,117,121
23,124,119
21,122,112
20,119,113
21,119,121
21,116,111
22,123,112
20,119,115
24,121,118
24,122,115
24,122,119
23,124,118
22,119,122
20,118,113
21,117,120
24,121,114
21,116,112
22,115,119
23,124,120
23,122,123
21,116,110
23,117,120
20,118,114
20,118,112
23,117,119
21,116,117
22,115,118
20,119,112
21,122,122
22,119,105
23,124,117
20,119,116
23,120,107
22,122,123
21,116,113
23,124,121
20,118,111
20,118,115
21,117,106
21,116,109
22,116,117
23,119,107
24,121,119
24,122,120
24,122,114
23,122,109
23,118,118
24,121,113
22,118,105
23,119,122
23,124,116
20,119,111
20,119,117
21,116,114
21,115,118
22,117,106
23,118,108
24,123,118
23,124,122
20,120,115
24,120,115
20,118,116
20,118,110
24,123,117
20,120,114
21,122,111
24,120,116
24,123,119
22,124,119
20,120,116
24,120,114
21,118,105
21,116,108
22,124,118
23,123,111
21,121,108
22,124,120
22,123,111
22,116,111
24,121,120
24,122,113
24,122,121
20,120,113
22,116,112
24,123,116
24,120,117
22,115,120
22,120,105
24,121,112
24,123,120
22,124,117
20,120,117
21,121,122
22,122,108
22,116,110
23,124,115
24,120,113
23,121,123
20,117,112
20,119,110
21,118,121
22,124,121
20,117,113
20,119,118
23,117,121
23,121,107
20,117,111
22,116,113
21,120,106
21,115,117
21,115,119
21,119,105
21,116,115
21,123,118
23,124,123
22,121,123
22,121,106
21,123,117
20,118,109
20,118,117
22,118,122
23,117,118
21,123,119
20,120,112
22,116,109
21,116,120
22,124,116
24,123,115
23,116,119
24,120,118
20,117,114
24,123,121
22,116,121
20,117,110
21,116,107
20,120,118
22,115,117
21,117,105
21,123,116
23,116,120
24,120,112
22,124,122
22,114,118
22,114,119
21,123,120
22,116,114
23,120,106
23,119,106
23,118,107
24,122,112
24,122,122
24,121,121
23,117,112
23,124,114
21,122,110
23,122,108
23,117,113
22,119,104
24,121,111
20,117,115
20,119,109
22,117,105
21,123,115
22,116,108
23,117,111
20,117,109
22,124,115
20,120,111
23,118,122
20,119,119
22,118,104
24,123,114
23,124,124
24,120,119
21,116,116
24,123,122
23,117,114
20,120,119
21,123,121
23,123,110
20,118,108
20,118,118
22,123,110
21,120,122
21,114,118
22,124,123
24,120,111
23,117,110
21,121,107
22,116,115
21,118,104
21,116,106
23,120,123
21,123,114
20,117,116
23,117,115
22,120,123
23,116,118
20,117,108
20,121,116
21,117,121
21,114,117
22,116,107
22,124,114
22,122,107
20,121,115
23,124,113
21,123,122
20,120,110
20,121,117
24,122,111
24,121,122
24,120,121
23,117,109
24,123,113
20,119,108
24,121,110
24,123,123
22,114,120
22,120,104
21,120,105
22,114,117
24,120,120
20,120,120
23,116,121
23,121,106
20,121,114
24,124,119
21,117,104
21,114,119
21,119,104
24,119,114
20,118,119
24,124,118
23,115,119
23,118,106
22,124,124
20,121,118
23,123,124
24,124,120
22,117,122
24,119,115
21,122,109
21,115,120
24,119,113
24,120,110
21,115,116
20,118,107
20,117,118
22,121,105
22,116,116
21,123,113
23,117,116
24,124,117
23,115,120
24,119,116
24,124,121
20,121,113
22,115,121
23,119,105
20,117,117
22,117,104
20,116,111
24,119,112
22,113,118
20,117,107
23,120,105
20,116,112
21,116,105
21,119,122
20,121,119
20,116,110
23,122,107
23,117,108
21,123,123
22,124,113
22,116,106
22,123,109
22,113,119
23,123,109
24,124,116
20,120,109
23,117,122
20,116,113
24,119,117
24,124,122
24,123,112
22,119,103
23,124,112
20,116,109
22,118,103
24,122,123
20,119,120
20,121,112
23,119,123
24,120,122
24,122,110
21,113,118
24,119,111
24,119,120
21,121,106
24,119,121
22,123,124
23,125,120
21,115,110
23,115,118
20,119,107
23,117,117
22,119,123
23,125,119
21,123,112
21,115,111
24,121,109
20,121,120
21,118,103
23,125,121
20,117,119
21,115,109
24,120,109
23,122,124
20,116,114
22,115,116
21,113,117
