239,175,170
239,176,170
239,174,170
240,176,171
238,174,169
239,174,169
239,176,171
239,175,169
240,177,171
240,175,171
239,175,171
238,175,169
238,173,169
239,173,170
239,177,170
239,173,169
240,175,170
238,175,170
239,177,171
240,176,170
238,174,170
240,174,170
238,176,170
239,176,169
239,174,171
240,174,171
240,178,171
238,172,169
238,176,169
239,172,169
239,178,171
240,177,172
238,173,168
240,177,170
238,173,170
240,173,170
240,176,172
238,174,168
238,177,170
240,178,172
238,172,168
239,172,170
239,178,170
241,176,171
237,174,169
238,175,168
239,177,169
240,174,169
240,175,172
238,176,171
241,177,172
237,173,168
239,173,171
238,171,168
240,173,171
240,179,171
238,177,169
238,171,169
241,177,171
237,173,169
240,179,172
239,173,168
239,177,172
240,175,169
239,171,169
241,175,171
237,175,169
238,175,171
240,178,170
241,178,172
241,176,172
237,172,168
237,174,168
240,173,169
239,174,168
239,179,171
239,176,172
238,177,171
238,172,170
239,172,168
240,172,170
239,178,172
238,178,170
240,176,169
241,178,171
237,172,169
238,174,171
241,174,171
239,175,168
237,176,169
241,179,172
241,175,172
237,175,168
237,171,168
239,175,172
240,172,169
238,176,168
239,179,170
239,171,170
239,171,168
238,178,171
240,174,172
241,175,170
237,175,170
238,170,168
239,179,172
241,176,170
240,180,172
237,174,170
241,174,170
241,178,173
239,178,169
237,176,170
237,172,167
240,178,173
238,172,167
241,177,173
239,172,171
240,172,171
240,180,171
238,178,169
238,170,169
237,173,167
240,177,173
240,177,169
241,179,173
239,170,169
240,179,170
238,173,167
237,171,167
241,179,171
240,179,173
239,176,168
238,171,167
241,177,170
237,171,169
238,171,170
239,180,171
238,173,171
241,173,171
240,171,170
237,173,170
241,180,172
241,174,172
237,176,168
237,170,168
239,174,172
240,171,169
237,177,169
241,173,170
238,179,170
239,170,168
237,177,170
241,176,173
238,174,167
237,174,167
240,176,173
238,179,171
241,180,173
237,170,167
239,180,172
238,177,168
238,170,167
240,180,173
240,173,172
238,169,168
242,177,172
236,173,168
241,178,170
240,173,168
242,178,172
240,181,172
236,172,168
242,176,172
238,177,172
236,174,168
239,170,170
239,180,170
240,174,168
237,172,170
240,178,169
238,176,172
241,172,170
240,172,168
242,178,173
236,172,167
239,177,168
241,180,171
238,175,167
237,175,167
238,178,172
239,179,169
241,175,173
240,175,173
242,179,173
242,177,173
237,170,169
236,173,167
236,171,167
239,172,167
239,178,173
241,172,171
237,178,170
238,172,171
237,169,167
242,179,172
240,175,168
242,176,171
241,181,172
241,173,172
237,177,168
237,169,168
239,173,167
240,170,169
236,171,168
241,181,173
239,177,173
236,174,169
240,180,170
239,173,172
238,169,167
240,171,171
240,181,171
238,179,169
238,169,169
241,174,169
242,175,172
239,171,171
239,169,169
237,178,169
242,177,171
236,175,168
239,169,168
238,175,172
239,171,167
241,175,169
236,173,169
237,176,171
239,179,173
240,181,173
242,175,171
240,171,168
236,175,169
237,175,171
240,170,170
238,170,170
241,173,169
239,181,171
238,180,171
242,180,173
242,176,173
239,174,167
236,174,167
236,170,167
237,177,171
241,179,174
239,181,172
238,179,172
239,176,173
241,179,170
238,180,170
242,178,171
241,176,169
237,171,166
241,178,174
238,178,168
236,172,169
237,172,166
239,170,167
241,180,174
240,176,168
242,174,171
237,174,171
237,170,166
242,180,172
241,172,169
239,180,173
237,171,170
238,176,167
236,176,169
240,172,172
236,170,168
238,168,168
241,171,170
242,174,172
237,176,167
238,174,172
236,176,168
240,179,169
241,174,173
241,177,174
237,178,171
242,179,174
240,174,173
240,170,168
237,173,166
240,182,172
239,175,167
237,168,167
239,178,168
236,171,166
241,181,171
238,168,167
242,178,174
240,179,174
242,181,173
242,175,173
237,179,170
241,182,173
241,177,169
241,181,174
236,175,167
236,169,167
242,180,174
237,169,166
242,179,171
236,172,166
238,171,166
239,175,173
240,178,174
236,170,166
238,172,166
239,181,170
241,171,171
237,169,169
238,180,172
236,171,169
240,169,169
240,180,174
240,182,173
238,171,171
239,169,167
241,182,172
241,172,172
237,178,168
237,168,168
238,170,166
242,173,171
237,173,171
239,168,168
239,172,172
242,175,170
239,180,169
241,171,169
237,179,169
242,176,170
240,177,168
242,177,174
236,175,170
236,173,166
236,177,169
240,181,170
238,173,166
240,177,174
239,181,173
242,181,174
236,174,170
242,174,170
237,174,166
236,169,166
242,181,172
241,180,170
241,176,174
240,182,171
238,180,169
236,176,170
238,181,171
236,169,168
237,179,171
238,169,166
242,173,172
242,177,170
239,182,172
239,176,167
237,168,166
240,181,174
238,173,172
241,182,174
238,177,167
240,169,168
236,177,168
239,182,171
241,178,169
236,173,170
241,170,170
242,180,171
242,173,170
237,170,170
237,177,167
238,179,168
242,182,173
242,174,173
236,176,167
236,168,167
238,181,170
243,178,173
235,172,167
238,174,166
239,174,173
242,176,174
236,174,166
241,173,173
243,179,173
236,177,170
235,171,167
237,167,167
240,173,173
240,176,174
239,168,167
243,177,173
235,173,167
236,170,169
238,167,167
236,168,166
242,182,174
240,172,167
242,172,171
240,180,169
240,173,167
237,172,171
242,178,170
241,170,169
243,177,172
238,181,172
241,183,173
239,179,168
238,178,173
235,173,168
237,180,170
237,175,166
238,168,166
238,177,173
243,178,172
240,171,167
235,172,168
241,173,168
241,182,171
243,176,172
240,178,168
240,183,172
241,174,168
235,174,168
243,180,173
236,178,169
241,175,174
243,179,174
235,170,167
240,182,174
238,179,173
236,172,170
240,174,167
240,183,173
235,171,166
237,177,172
243,176,173
239,182,173
242,172,170
241,172,168
235,174,167
237,176,172
237,167,166
243,180,174
243,178,174
235,172,166
235,170,166
242,182,172
243,179,172
241,183,172
237,179,168
238,176,173
241,175,168
242,180,175
237,180,171
239,177,167
235,171,168
239,171,166
239,179,174
237,178,172
240,170,167
241,180,175
241,183,174
239,172,166
238,175,166
242,179,175
239,178,174
243,175,172
242,172,172
236,168,168
241,179,169
241,181,170
241,179,175
239,182,170
236,170,165
236,178,170
237,180,169
242,181,175
235,175,168
236,175,166
239,170,166
240,168,168
237,175,172
239,181,169
237,170,165
236,171,165
242,181,171
241,171,168
242,175,174
238,172,172
239,180,174
241,181,175
243,181,174
243,177,174
237,171,165
240,175,167
242,179,170
238,180,173
236,169,165
236,178,168
235,173,166
235,169,166
240,175,174
236,167,166
243,181,173
239,173,166
240,182,170
238,178,167
242,183,173
242,173,173
237,169,165
242,183,174
236,177,167
236,167,167
235,169,167
239,177,174
242,178,175
243,175,173
238,182,171
241,176,168
238,167,166
241,178,175
240,183,171
238,181,169
243,180,172
235,175,167
239,167,167
239,173,173
239,183,172
243,176,171
237,179,172
236,172,165
237,178,167
242,171,171
237,172,165
242,174,169
238,175,173
243,177,171
242,182,175
236,169,169
239,169,166
235,174,169
241,169,169
242,175,169
235,170,168
237,176,166
240,169,167
236,168,165
236,171,170
242,171,170
235,173,169
243,175,171
237,171,171
243,174,172
241,182,175
239,181,174
242,173,169
236,176,171
237,168,165
240,183,174
238,180,168
235,175,169
239,183,171
236,175,171
237,174,172
239,174,166
238,182,172
241,170,168
235,176,168
243,178,171
243,182,174
243,176,174
242,176,169
241,174,174
240,179,168
235,174,166
235,168,166
243,180,175
238,182,170
240,181,169
236,179,169
237,166,166
