200,148,71
200,149,71
200,147,71
200,150,71
200,146,71
200,151,71
200,145,71
201,149,71
199,147,71
201,148,71
199,148,71
201,150,71
199,146,71
201,147,71
199,149,71
200,148,70
200,148,72
200,147,70
200,149,72
201,149,72
199,147,70
200,152,71
200,144,71
201,150,72
201,148,72
199,148,70
199,146,70
201,151,71
200,149,70
200,147,72
199,145,71
200,146,70
200,150,72
201,146,71
199,150,71
201,151,72
201,147,72
199,149,70
199,145,70
200,150,70
200,146,72
200,145,70
200,151,72
201,152,71
199,144,71
201,145,71
199,151,71
201,152,72
201,146,72
199,150,70
199,144,70
200,153,71
200,143,71
200,151,70
200,145,72
200,144,70
200,152,72
201,153,71
199,143,71
201,153,72
201,145,72
199,151,70
199,143,70
201,144,71
199,152,71
200,152,70
200,144,72
200,143,70
200,154,71
200,142,71
200,153,72
201,148,70
199,148,72
201,149,70
199,147,72
201,147,70
202,150,72
198,146,70
202,149,72
199,149,72
198,147,70
201,150,70
201,154,71
202,151,72
198,145,70
199,146,72
201,154,72
201,144,72
199,152,70
199,142,70
202,148,72
198,148,70
199,142,71
201,146,70
201,143,71
199,150,72
199,153,71
200,153,70
202,152,72
198,144,70
201,151,70
202,149,71
198,147,71
200,143,72
202,147,72
202,150,71
198,149,70
199,145,72
198,146,71
202,148,71
200,142,70
198,148,71
201,145,70
200,154,72
202,151,71
199,151,72
198,145,71
202,147,71
200,155,71
200,141,71
202,153,72
201,149,73
198,149,71
201,150,73
198,143,70
199,147,69
201,152,70
199,146,69
202,146,72
198,150,70
201,148,73
201,155,72
201,143,72
201,155,71
199,153,70
199,141,70
202,152,71
201,151,73
199,144,72
199,148,69
199,145,69
198,144,71
199,141,71
201,144,70
201,142,71
202,146,71
198,150,71
199,152,72
201,147,73
199,154,71
200,154,70
199,149,69
201,152,73
200,142,72
199,144,69
202,154,72
198,142,70
200,141,70
202,153,71
201,153,70
202,145,72
200,155,72
198,143,71
198,151,70
200,147,69
200,149,73
200,148,69
200,148,73
199,143,72
201,146,73
202,150,73
200,146,69
202,145,71
200,150,73
199,150,69
198,146,69
202,151,73
202,149,73
201,153,73
201,143,70
198,151,71
199,143,69
200,149,69
200,147,73
198,147,69
198,145,69
200,156,71
200,140,71
201,156,72
201,142,72
199,154,70
199,140,70
200,145,69
199,153,72
200,151,73
201,156,71
202,152,73
202,148,73
198,148,69
198,144,69
202,154,71
199,140,71
202,155,72
200,150,69
198,141,70
201,141,71
200,146,73
198,142,71
202,144,72
200,155,70
201,145,73
201,154,70
199,151,69
199,155,71
200,144,69
198,152,70
202,153,73
202,147,73
202,144,71
200,152,73
200,141,72
201,154,73
199,142,69
198,149,69
198,143,69
199,142,72
200,140,70
198,152,71
200,156,72
201,142,70
200,151,69
200,145,73
199,154,72
202,155,71
200,143,69
202,154,73
202,146,73
200,153,73
198,150,69
198,142,69
202,156,72
199,152,69
201,144,73
198,141,71
201,157,72
201,141,72
199,155,70
199,139,70
198,140,70
202,149,70
202,148,70
201,157,71
202,143,72
199,141,69
200,157,71
200,139,71
201,155,73
202,150,70
201,155,70
202,143,71
198,147,72
198,148,72
200,152,69
198,153,70
199,139,71
202,147,70
203,150,72
197,146,70
198,146,72
203,151,72
197,145,70
200,144,73
201,140,71
198,153,71
203,149,72
202,151,70
197,147,70
200,156,70
199,141,72
198,149,72
200,142,69
203,152,72
199,156,71
202,155,73
202,145,73
197,144,70
201,141,70
198,145,72
200,140,72
202,146,70
198,151,69
198,141,69
203,148,72
200,154,73
200,139,70
197,148,70
202,156,71
202,152,70
198,150,72
200,157,72
199,155,72
199,153,69
203,153,72
201,143,73
197,143,70
201,148,69
201,147,69
202,157,72
198,144,72
198,140,71
200,153,69
201,149,69
203,147,72
199,140,69
199,148,73
197,149,70
202,145,70
201,156,73
199,149,73
198,139,70
202,142,71
201,146,69
199,147,73
200,143,73
202,142,72
201,156,70
203,151,73
203,150,73
201,150,69
201,158,72
201,140,72
199,150,73
199,156,70
199,138,70
197,145,69
198,151,72
202,153,70
198,154,70
197,146,69
203,154,72
200,141,69
202,156,73
202,144,73
203,152,73
197,142,70
198,154,71
203,149,73
201,158,71
199,146,73
198,152,69
198,140,69
197,144,69
201,145,69
197,147,69
203,150,71
200,155,73
199,140,72
200,158,71
200,138,71
203,149,71
203,146,72
198,143,72
197,146,71
203,151,71
199,138,71
197,147,71
197,150,70
199,151,73
201,151,69
203,153,73
201,140,70
202,144,70
201,139,71
197,145,71
200,157,70
203,148,73
197,143,69
203,148,71
197,148,69
202,157,71
197,148,71
199,145,73
203,152,71
199,154,69
199,157,71
200,139,72
200,154,69
201,142,73
201,144,69
203,155,72
197,144,71
198,152,72
200,138,70
202,154,70
199,156,72
197,141,70
203,147,71
199,139,69
203,154,73
198,139,71
202,158,72
200,142,73
201,157,73
199,152,73
197,142,69
203,147,73
201,152,69
200,158,72
197,149,71
203,145,72
203,153,71
202,141,71
197,149,69
198,138,70
198,142,72
200,140,69
202,157,73
202,143,73
197,151,70
202,141,72
197,143,71
198,153,69
198,139,69
201,157,70
199,144,73
202,143,70
201,150,74
203,146,71
198,155,70
200,156,73
201,143,69
201,149,74
198,155,71
202,150,74
202,151,74
201,151,74
203,155,73
199,146,68
201,159,72
201,139,72
197,150,71
199,157,70
199,137,70
203,156,72
199,147,68
202,149,74
197,141,69
201,148,74
203,154,71
199,145,68
203,146,73
202,152,74
202,155,70
198,153,72
199,139,72
198,146,68
199,153,73
198,145,68
201,153,69
201,159,71
197,140,70
197,150,69
201,152,74
199,148,68
201,139,70
198,147,68
197,142,71
200,155,69
202,158,71
198,144,68
199,155,69
202,148,74
199,144,68
203,144,72
202,153,74
200,159,71
200,137,71
199,137,71
201,141,73
201,147,74
203,145,71
200,158,70
199,143,73
201,138,71
198,141,72
197,152,70
198,148,68
199,149,68
200,141,73
199,138,69
201,153,74
201,142,69
198,143,68
202,142,70
199,157,72
203,156,73
201,158,73
197,151,71
198,138,71
200,138,72
199,143,68
200,139,69
202,159,72
199,158,71
202,158,73
202,142,73
203,155,71
200,137,70
202,147,74
197,140,69
202,140,71
198,154,69
198,138,69
203,145,73
202,154,74
201,146,74
203,157,72
198,137,70
197,151,69
199,154,73
201,154,69
198,149,68
202,140,72
197,141,71
200,159,72
199,150,68
200,157,73
202,156,70
201,158,70
198,142,68
198,154,72
197,139,70
201,154,74
203,144,71
198,156,70
198,156,71
199,142,68
203,143,72
199,142,73
202,146,74
200,147,68
200,149,74
200,156,69
202,155,74
200,146,68
200,150,74
201,141,69
197,152,71
203,157,73
198,140,72
198,150,68
200,148,68
199,138,72
203,156,71
200,148,74
197,153,70
201,160,72
201,138,72
199,158,70
199,136,70
201,145,74
201,138,70
199,156,69
203,151,74
199,151,68
202,159,71
202,141,70
198,141,68
200,145,68
197,139,69
200,151,74
203,152,74
203,150,74
203,144,73
201,160,71
201,140,73
200,149,68
200,147,74
200,140,73
197,152,69
197,145,68
201,155,74
199,137,69
197,140,71
201,155,69
199,141,68
203,153,74
203,149,74
199,155,73
197,146,68
197,144,68
200,138,69
203,158,72
200,144,68
202,159,73
202,141,73
201,159,73
200,152,74
200,159,70
199,136,71
