92,141,167
92,140,167
92,139,167
93,142,168
91,140,166
92,142,168
92,140,166
93,141,168
91,139,166
92,141,168
92,141,166
92,139,166
91,141,167
93,141,167
91,140,167
93,142,167
92,140,168
93,140,168
91,138,166
92,138,167
93,140,167
91,139,167
92,138,166
92,139,168
93,143,169
91,139,165
93,139,167
93,142,169
91,140,165
93,139,168
91,137,166
91,138,167
91,138,165
93,141,169
92,137,167
92,137,166
94,143,169
91,137,165
92,138,168
94,142,168
90,139,165
94,143,168
90,140,166
93,138,167
90,139,166
94,142,169
93,140,169
90,138,165
94,141,168
91,137,167
91,141,168
93,138,168
91,136,166
91,142,168
93,141,166
92,142,169
90,138,166
93,140,166
92,143,169
92,140,165
91,140,168
92,139,165
94,141,169
90,137,165
92,141,169
93,139,166
94,140,168
91,136,165
92,138,165
92,136,166
92,136,167
90,137,166
91,139,168
93,139,169
92,140,169
92,137,168
93,137,167
94,140,169
90,136,165
91,136,167
93,138,166
94,144,170
90,138,164
90,140,167
94,142,167
92,137,165
94,143,170
90,139,164
90,141,167
94,141,167
93,137,168
91,135,166
94,139,168
90,139,167
91,138,168
90,137,164
93,143,170
91,139,164
92,139,169
93,144,170
94,142,170
90,136,166
91,138,164
91,135,165
94,140,167
93,142,170
93,138,169
90,138,167
94,139,169
91,137,164
90,135,165
90,136,164
92,135,166
93,137,166
94,141,170
92,136,165
92,135,167
93,141,170
92,136,168
93,136,167
94,139,167
94,138,168
91,137,168
95,143,169
91,135,167
95,144,169
92,138,169
91,136,164
89,139,165
90,137,167
90,135,166
89,138,165
95,142,169
90,135,164
93,136,168
91,134,166
95,144,170
93,140,170
89,138,164
95,143,170
94,140,170
91,134,165
89,137,165
89,139,164
89,137,164
94,138,169
94,138,167
90,134,165
93,137,169
95,141,169
91,142,169
93,136,166
91,141,169
92,135,165
95,142,170
93,140,165
91,135,164
89,136,164
89,136,165
95,143,168
93,139,165
90,136,167
95,142,168
92,134,166
91,136,168
92,143,170
89,139,166
91,140,169
94,137,168
89,140,166
92,137,169
92,142,170
90,134,164
92,135,168
92,139,164
93,139,170
93,135,167
89,138,166
92,134,167
95,141,168
95,140,169
90,134,166
95,141,170
92,138,164
90,141,168
93,138,165
94,139,170
94,144,171
90,138,163
91,134,167
94,145,171
90,137,163
90,140,168
89,135,164
92,141,170
94,141,166
94,143,171
91,139,169
94,140,166
89,137,166
89,135,165
94,137,167
92,137,164
90,136,163
90,139,168
93,135,168
91,133,166
95,140,168
91,133,165
94,137,169
95,145,171
90,133,165
91,134,164
95,144,171
89,137,163
93,135,166
89,138,163
94,142,171
92,140,170
93,137,165
94,139,166
93,136,169
92,134,165
90,135,167
89,136,163
95,140,170
95,143,171
95,139,169
89,136,166
89,134,164
93,138,170
90,135,163
90,138,168
91,135,168
91,138,169
90,133,164
92,136,164
92,136,169
94,136,168
93,144,171
94,138,170
89,135,163
89,134,165
94,141,171
95,139,168
93,143,171
92,133,166
91,138,163
94,138,166
95,142,171
90,133,166
92,139,170
91,137,163
92,134,168
93,134,167
93,136,165
94,136,167
93,142,171
92,133,167
90,137,168
91,133,167
90,134,163
89,135,166
89,140,167
95,142,167
91,136,163
91,133,164
95,139,170
89,134,163
89,139,167
92,135,164
95,141,167
91,137,169
89,133,164
96,144,170
90,134,167
96,145,170
94,136,169
95,141,171
95,138,169
90,132,165
94,140,171
93,141,171
91,132,165
93,134,166
96,143,170
93,134,168
91,132,166
94,137,166
93,137,170
92,133,165
89,138,167
95,138,168
93,135,169
88,138,164
95,140,167
92,138,170
88,137,164
90,132,164
89,133,165
91,135,163
91,134,168
92,135,169
94,137,170
96,144,169
88,136,164
96,145,171
96,142,170
96,143,169
90,136,168
93,135,165
96,144,171
90,133,163
89,137,167
94,135,168
89,134,166
89,133,163
93,140,171
88,137,163
88,138,165
96,142,169
95,140,171
95,139,167
88,139,165
88,136,163
90,132,166
92,134,164
96,143,171
94,135,167
88,135,164
88,137,165
91,136,169
95,138,170
94,139,171
92,132,166
91,143,170
91,142,170
89,132,164
96,141,170
92,133,168
95,145,172
89,137,162
88,135,163
94,136,166
91,132,164
91,134,163
95,146,172
93,133,167
89,136,162
95,137,169
96,141,169
91,141,170
90,133,167
89,136,167
95,144,172
88,136,165
92,137,170
91,132,167
95,137,168
90,142,169
92,132,167
90,141,169
93,139,164
96,142,171
89,135,162
93,140,164
93,136,170
94,145,172
94,135,169
90,137,162
89,132,165
90,131,165
88,134,164
94,144,172
93,139,171
90,135,168
94,146,172
90,140,169
95,138,167
93,138,164
93,133,166
95,143,172
90,136,162
88,134,163
91,140,170
92,144,171
92,143,171
92,132,165
89,132,163
91,131,165
94,140,165
90,132,163
90,131,164
94,141,165
93,134,165
89,133,166
94,143,172
88,135,165
95,139,171
93,134,169
93,133,168
91,131,166
92,142,171
91,133,168
94,136,170
89,134,162
96,140,170
94,139,165
96,140,169
92,134,169
90,135,162
90,139,169
92,138,163
92,139,163
93,137,164
94,138,171
89,135,167
96,141,171
92,133,164
91,133,163
96,143,168
91,135,169
96,146,172
95,142,172
96,145,172
92,137,163
91,139,170
92,141,171
96,142,168
94,134,168
95,137,170
94,142,172
88,136,162
88,137,162
94,138,165
88,133,163
94,135,166
88,139,166
88,133,164
89,131,164
96,144,172
88,138,166
90,131,166
94,134,167
88,135,162
92,136,170
90,134,162
90,138,169
88,134,165
93,138,171
89,133,162
95,137,167
96,141,168
92,136,163
95,136,168
95,136,169
91,131,164
89,141,168
93,136,164
89,140,168
88,137,166
90,132,167
90,134,168
92,131,166
92,140,171
96,139,169
96,143,172
88,134,162
95,141,172
89,139,168
95,141,166
96,139,170
89,131,163
92,132,168
95,142,166
94,141,172
89,131,165
93,135,170
91,138,170
94,137,165
93,132,167
96,140,171
95,138,171
90,131,163
89,132,166
95,140,166
91,131,167
89,134,167
96,140,168
88,136,166
93,145,172
93,133,165
94,134,169
93,144,172
88,132,163
90,130,165
92,135,163
89,138,168
90,137,169
90,133,162
92,131,167
91,132,163
90,130,164
93,132,166
88,132,164
94,137,171
92,131,165
93,143,172
88,133,162
96,142,172
89,132,162
88,133,165
91,137,162
94,135,170
91,138,162
95,139,166
91,130,165
91,134,169
92,132,164
93,135,164
91,132,168
92,139,171
92,133,169
93,133,169
91,136,162
97,145,171
97,146,171
94,140,172
93,132,168
91,130,166
93,137,171
94,134,166
95,136,170
95,136,167
95,140,172
88,135,166
93,142,172
89,137,168
94,136,165
89,130,164
91,137,170
92,135,170
97,144,171
96,139,168
96,138,169
97,145,170
97,144,170
94,133,168
91,135,162
96,138,170
96,139,171
92,134,163
90,133,168
95,138,166
95,135,168
94,133,167
90,136,169
88,132,162
90,130,166
87,137,163
96,141,172
97,143,170
95,135,169
97,143,171
90,132,162
87,136,163
89,130,163
89,133,167
88,131,163
93,141,172
91,130,164
90,131,167
95,137,171
92,138,171
87,135,163
89,130,165
97,146,172
87,137,164
89,131,162
90,130,163
88,131,164
89,131,166
88,132,165
95,146,173
89,136,168
89,136,161
87,138,164
93,134,170
88,134,166
97,147,172
97,145,172
93,134,164
95,145,173
95,147,173
87,136,164
89,135,161
97,142,170
91,134,162
94,139,172
91,131,163
