112,64,168
113,64,168
111,64,168
110,64,168
114,64,168
112,64,169
112,64,167
113,64,169
111,64,167
115,64,168
109,64,168
111,64,169
113,64,167
114,64,169
110,64,167
113,65,169
111,63,167
112,65,169
114,65,169
112,63,167
110,63,167
110,64,169
111,63,168
113,65,168
112,63,168
112,65,168
114,64,167
115,64,169
109,64,167
111,65,169
115,65,169
109,63,167
113,63,167
110,63,168
114,65,168
108,64,168
116,64,168
113,63,168
111,65,168
109,64,169
109,63,168
115,65,168
114,63,168
116,65,169
110,65,169
115,64,167
116,64,169
114,63,167
108,63,167
110,65,168
108,64,167
113,65,170
111,63,166
107,64,168
117,64,168
114,65,170
110,63,166
108,63,168
116,65,168
115,63,168
109,65,168
112,65,170
112,63,166
115,65,170
109,63,166
109,65,169
117,65,169
107,63,167
115,63,167
108,64,169
117,64,169
116,64,167
107,64,167
111,65,170
113,63,166
116,65,170
108,63,166
113,64,170
112,63,169
111,64,166
112,64,170
112,65,167
111,63,169
114,64,170
112,64,166
113,63,169
107,63,168
110,64,166
113,65,167
111,65,167
116,63,168
117,65,168
108,65,168
111,64,170
110,63,169
115,64,170
113,64,166
106,64,168
118,64,168
114,63,169
108,65,169
118,65,169
106,63,167
116,63,167
114,65,167
110,65,170
109,64,166
114,63,166
117,65,170
110,65,167
107,64,169
107,63,166
118,64,169
117,64,167
106,64,167
110,64,170
109,63,169
116,64,170
114,64,166
115,63,169
115,65,167
114,66,169
108,64,166
113,66,169
109,65,167
110,62,167
111,62,167
106,63,168
117,63,168
115,66,169
112,66,169
118,65,168
109,65,170
114,66,170
109,62,167
112,62,167
118,65,170
115,63,166
107,65,168
115,66,170
113,66,170
110,62,166
106,63,166
109,64,170
111,62,166
109,62,166
108,63,169
107,65,169
119,65,169
117,63,167
105,63,167
117,64,170
116,66,169
116,63,169
115,64,166
111,66,169
108,62,167
112,66,170
116,66,170
116,65,167
113,62,167
106,64,169
105,64,168
119,64,168
107,64,166
108,62,166
112,62,166
108,65,167
119,64,169
118,64,167
105,64,167
117,66,170
111,66,170
117,66,169
108,65,170
114,65,171
110,63,165
107,62,167
110,66,169
113,62,166
107,62,166
105,63,168
119,65,170
114,62,167
113,65,171
111,63,165
108,64,170
116,63,166
111,62,168
113,66,168
115,65,171
107,63,169
109,63,165
118,63,168
110,62,168
105,63,166
114,66,168
112,62,168
119,65,168
112,66,168
118,64,170
117,63,169
116,64,166
106,65,168
112,65,171
117,65,167
112,63,165
116,65,171
108,63,165
109,62,168
106,64,166
115,66,168
113,62,168
107,65,167
111,66,168
106,65,169
120,65,169
104,63,167
118,63,167
110,66,170
118,66,170
106,62,166
114,62,166
118,66,169
106,62,167
111,65,171
105,64,169
109,66,169
115,62,167
113,63,165
117,65,171
108,62,168
120,64,169
114,66,171
115,66,171
104,64,168
120,64,168
107,63,165
116,66,168
114,62,168
110,62,165
109,62,165
119,64,167
110,66,168
107,64,170
107,65,170
106,63,169
113,66,171
112,63,170
104,64,167
116,66,171
113,63,170
111,62,165
120,65,170
108,62,165
117,63,166
119,64,170
118,63,169
111,63,170
112,65,166
111,65,166
114,63,170
104,63,166
104,63,168
117,64,166
110,65,171
118,65,167
119,63,168
109,66,170
119,66,170
112,66,171
113,65,166
117,66,171
107,62,168
118,65,171
114,63,165
105,64,166
120,65,168
112,62,165
110,65,166
105,62,166
115,62,166
107,62,165
106,65,167
110,63,170
115,62,168
117,66,168
113,64,171
106,63,165
114,64,171
105,65,168
105,62,167
119,66,169
115,63,170
109,66,168
116,62,167
111,64,165
110,64,165
108,66,169
112,64,171
115,64,171
114,65,166
112,64,165
109,65,166
105,65,169
121,65,169
103,63,167
119,63,167
109,64,165
111,66,171
118,66,171
109,63,170
113,62,165
111,64,171
106,62,165
109,65,171
116,64,171
106,64,170
105,63,169
116,63,170
104,64,169
106,62,168
113,64,165
119,65,171
106,65,170
115,63,165
121,64,169
108,64,165
115,65,166
120,64,170
116,62,168
119,63,169
118,66,168
121,65,170
108,66,170
120,66,170
105,63,165
103,64,168
121,64,168
120,64,167
118,63,166
116,62,166
104,62,166
108,65,166
108,66,168
118,64,166
110,64,171
103,64,167
119,65,167
103,63,166
110,66,171
111,62,169
104,62,167
112,62,169
117,64,171
119,66,171
108,63,170
103,63,168
104,64,166
120,66,169
117,62,167
105,65,167
114,62,165
114,64,165
110,62,169
113,66,167
107,66,169
120,63,168
105,62,165
112,66,167
113,62,169
117,63,170
107,64,165
121,65,168
114,66,167
111,66,167
108,65,171
104,65,168
116,65,166
109,62,169
105,62,168
109,64,171
120,65,171
114,62,169
107,65,166
116,63,165
117,62,168
115,66,167
118,64,171
119,66,168
115,67,170
114,67,170
105,64,170
104,65,169
122,65,169
102,63,167
120,63,167
110,66,167
104,63,169
104,63,165
109,66,171
115,64,165
107,63,170
107,66,168
107,66,170
121,66,170
116,67,170
120,66,171
113,67,170
108,62,169
121,64,170
117,62,166
103,62,166
120,63,169
115,62,165
109,61,166
105,65,170
110,61,166
106,64,165
118,63,170
115,62,169
104,62,165
103,64,169
122,65,170
108,61,166
111,61,166
103,62,167
122,64,169
116,66,167
119,64,166
117,67,170
119,63,166
120,65,167
112,67,170
118,62,167
121,66,169
117,65,166
108,64,171
115,66,172
109,66,167
102,63,166
109,62,164
121,64,167
114,67,169
114,65,172
114,66,172
106,66,169
115,65,172
115,67,171
116,66,172
110,63,164
103,64,166
110,62,164
122,64,168
102,64,168
109,63,164
108,62,164
107,65,171
115,67,169
104,65,167
107,61,166
113,67,169
102,64,167
116,67,171
114,67,171
112,61,166
119,64,171
113,65,172
106,65,166
104,62,168
107,62,169
102,63,168
110,61,167
111,63,164
116,65,172
113,66,172
121,65,171
108,63,164
109,61,167
111,61,167
111,62,164
117,66,172
121,63,168
109,61,165
116,64,165
116,67,169
118,62,168
116,62,169
107,62,164
118,67,170
113,67,171
117,67,171
112,67,169
117,63,165
111,67,170
110,61,165
108,61,165
106,63,170
108,66,171
112,65,172
120,66,168
122,65,168
108,61,167
117,66,167
121,66,171
112,63,164
117,65,172
112,61,167
105,64,165
103,63,165
106,61,166
103,65,168
116,62,165
113,61,166
112,66,172
107,63,164
119,63,170
107,61,165
111,61,165
106,66,168
108,66,167
118,66,172
112,62,164
103,62,165
117,67,169
104,64,170
106,66,170
122,66,170
103,63,169
112,67,171
118,67,171
106,62,164
111,67,169
102,62,166
118,62,166
107,64,171
107,61,167
111,65,172
106,62,169
113,61,167
118,65,166
122,64,170
123,65,169
103,65,169
121,63,169
121,63,167
101,63,167
119,67,170
118,65,172
113,63,164
112,61,165
106,61,165
110,67,170
104,65,170
120,64,171
102,62,167
117,62,169
111,66,172
106,63,164
123,65,170
119,62,167
105,65,166
105,61,166
106,65,171
122,66,169
119,66,172
120,64,166
114,61,166
113,63,171
113,62,164
102,64,169
121,65,167
118,67,169
103,62,168
112,63,171
117,64,165
111,67,171
119,67,171
118,66,167
120,63,166
105,66,169
114,63,171
105,62,164
106,61,167
110,67,169
123,64,169
122,65,171
105,63,170
101,63,166
110,65,172
114,61,167
102,64,166
119,62,168
111,63,171
103,65,167
107,66,171
107,66,167
104,64,165
105,61,165
113,61,165
