165,159,74
165,158,74
165,160,74
165,157,74
165,161,74
166,160,74
164,158,74
166,159,74
164,159,74
166,161,74
166,160,75
164,158,73
164,157,74
166,159,75
166,161,75
164,157,73
164,159,73
165,156,74
165,162,74
166,158,74
164,160,74
166,162,74
165,159,73
165,159,75
164,156,74
165,158,73
165,160,75
166,158,75
166,162,75
164,156,73
164,160,73
165,160,73
165,158,75
165,157,73
165,161,75
165,161,73
166,157,74
165,157,75
164,161,74
166,163,74
165,163,74
165,155,74
164,155,74
166,157,75
166,163,75
164,161,73
164,155,73
167,161,75
163,157,73
167,160,75
163,158,73
165,156,73
167,162,75
163,156,73
165,162,75
165,162,73
165,156,75
166,156,74
167,159,75
163,159,73
167,163,75
164,162,74
163,155,73
166,164,74
164,154,74
166,156,75
166,164,75
164,162,73
164,154,73
165,154,74
165,164,74
165,155,73
165,163,75
167,158,75
167,161,74
165,163,73
163,160,73
166,160,73
163,157,74
167,164,75
167,160,74
165,155,75
164,158,75
166,159,73
163,154,73
163,158,74
167,162,74
166,161,73
164,159,75
163,156,74
164,157,75
167,159,74
166,155,74
166,158,73
166,160,76
163,159,74
164,158,72
167,163,74
167,161,76
164,160,75
166,161,76
166,162,73
164,163,74
166,159,76
166,165,74
163,157,72
163,155,74
164,157,72
167,160,76
167,162,76
164,159,72
164,156,75
166,155,75
166,165,75
164,163,73
164,153,73
163,156,72
163,158,72
164,153,74
167,157,75
163,161,73
166,162,76
167,165,75
165,154,73
167,158,74
164,156,72
166,158,76
166,157,73
167,159,76
167,163,76
163,153,73
164,160,72
165,164,75
163,160,74
163,155,72
163,159,72
165,153,74
165,165,74
165,164,73
167,164,74
164,161,75
166,163,73
165,154,75
163,154,74
164,155,75
166,163,76
164,155,72
166,157,76
167,158,76
167,164,76
164,161,72
163,154,72
163,160,72
166,154,74
167,157,74
166,156,73
167,156,75
168,162,75
162,156,73
166,166,74
164,164,74
163,161,74
168,161,75
167,165,74
163,162,73
162,157,73
164,162,75
167,166,75
166,164,73
168,163,75
165,159,72
165,159,76
166,154,75
166,166,75
164,152,73
164,164,73
162,155,73
165,158,72
165,160,76
163,152,73
165,160,72
165,158,76
163,153,74
165,153,73
164,154,75
168,162,76
168,160,75
162,156,72
162,158,73
164,154,72
166,164,76
168,161,76
168,164,75
168,163,76
165,165,73
165,165,75
162,157,72
165,157,72
162,155,72
167,157,76
167,165,76
162,154,73
164,162,72
165,161,76
166,156,76
163,153,72
163,161,72
165,161,72
165,157,76
164,165,74
168,160,76
167,156,74
162,158,72
168,164,76
166,155,73
168,159,75
162,154,72
162,159,73
165,156,72
168,165,75
163,162,74
167,166,74
165,162,76
166,165,73
164,163,75
162,153,73
167,155,75
165,162,72
165,156,76
168,159,76
167,167,75
163,163,73
163,152,74
162,159,72
168,165,76
164,153,72
164,153,75
166,165,76
165,166,74
162,153,72
163,164,74
163,151,73
167,156,76
167,166,76
164,163,72
167,161,73
168,158,75
166,155,76
165,166,75
163,164,73
163,152,72
163,162,72
167,160,73
165,155,72
167,162,73
162,160,73
163,157,75
168,166,75
163,158,75
165,163,76
164,165,73
167,159,73
167,155,74
164,165,75
165,163,72
163,156,75
166,154,73
168,162,74
162,152,73
168,158,76
168,161,74
167,163,73
165,155,76
168,163,74
162,156,74
162,160,72
168,166,76
163,159,75
162,157,74
167,167,74
162,152,72
166,166,73
162,155,74
163,163,74
168,160,74
164,164,75
163,155,75
163,165,74
167,158,73
168,164,74
168,157,75
162,158,74
167,161,77
164,152,72
167,164,73
165,154,72
167,162,77
166,166,76
167,160,77
162,154,74
163,160,75
164,164,72
166,167,75
167,155,76
167,167,76
162,161,73
162,163,73
168,167,75
168,159,74
163,157,71
163,151,72
163,163,72
165,164,76
163,156,71
165,164,72
163,158,71
167,163,77
166,160,72
168,157,76
163,154,75
168,165,74
167,159,77
166,159,72
162,151,73
168,162,77
162,159,74
167,157,73
164,166,74
166,161,72
168,167,76
162,161,72
164,158,76
162,164,74
168,161,77
168,163,77
165,154,76
163,155,71
164,159,76
164,166,75
162,164,73
163,159,71
162,156,71
162,151,72
166,158,72
164,157,76
162,153,74
167,165,73
162,155,71
162,157,71
169,163,76
161,155,72
168,158,74
166,162,72
163,161,75
168,160,77
168,164,77
167,164,77
164,160,76
169,162,76
163,165,73
161,156,72
169,164,76
166,160,77
161,154,72
167,158,77
163,165,75
168,156,75
166,167,74
166,161,77
165,166,73
164,156,76
166,159,77
162,154,71
162,158,71
163,154,71
162,163,74
164,158,71
165,153,72
166,157,72
168,166,74
169,161,76
163,164,75
163,160,71
162,160,74
164,157,71
161,157,72
163,153,75
164,159,71
169,165,76
167,156,73
168,168,75
161,153,72
162,162,73
166,162,77
166,163,72
168,159,77
168,165,77
164,161,76
166,158,77
165,166,76
165,165,76
165,165,72
169,163,75
164,156,71
163,164,72
168,156,76
166,167,76
169,162,75
161,155,73
162,152,74
162,163,72
162,165,74
164,160,71
169,164,75
161,156,73
162,153,71
162,159,71
167,165,77
169,160,76
168,168,76
164,155,76
168,157,74
165,167,75
167,166,73
162,162,72
161,154,73
161,158,72
167,157,77
161,163,73
169,161,75
166,156,72
163,153,71
169,166,76
163,162,75
166,163,77
162,150,72
161,157,73
161,152,72
163,161,71
169,165,75
164,155,71
166,157,77
168,167,74
161,153,73
166,164,72
164,161,71
168,158,77
168,166,77
162,161,74
164,162,76
163,166,74
169,160,75
163,152,75
169,159,76
167,155,73
162,152,71
162,160,71
161,164,74
169,163,77
163,166,75
161,164,73
161,158,73
169,162,77
161,159,72
169,166,75
169,164,77
164,154,76
161,155,71
169,167,76
165,167,74
167,166,77
164,166,73
166,164,77
162,151,74
161,156,71
166,155,72
164,154,71
167,168,75
161,154,71
162,165,73
161,152,73
161,151,72
163,152,71
167,156,77
161,162,73
168,156,74
161,163,74
169,161,77
164,165,72
162,165,75
162,164,75
169,165,77
167,167,73
166,156,77
163,162,71
164,162,71
164,165,76
169,159,75
161,157,71
161,153,71
167,168,76
163,163,75
166,165,72
162,164,72
164,166,76
168,157,77
168,167,77
161,162,72
165,167,76
164,163,76
161,163,72
161,159,73
168,168,74
169,167,75
169,158,76
169,160,77
162,151,71
162,161,71
169,166,77
162,162,74
165,159,71
165,159,77
161,160,72
164,167,75
161,158,71
169,168,76
165,158,71
165,160,77
168,162,73
164,153,71
161,151,73
161,152,71
166,165,77
168,161,73
165,160,71
164,153,76
161,165,74
160,163,73
165,158,77
168,163,73
166,154,72
161,150,72
169,158,75
165,157,71
167,167,77
164,163,71
165,161,77
168,160,73
163,151,71
166,155,77
165,161,71
169,159,77
165,157,77
162,156,75
163,163,71
168,164,73
162,157,75
169,167,77
169,168,75
161,160,73
166,167,73
166,166,72
162,155,75
166,168,75
162,166,74
161,159,71
165,156,71
168,156,77
168,168,77
168,159,73
169,157,76
164,167,74
165,162,77
161,151,71
169,163,74
164,164,76
162,158,75
163,165,72
163,166,73
160,162,73
169,162,74
160,164,74
162,166,75
160,164,73
167,161,72
165,162,71
162,163,75
162,150,71
162,162,71
169,164,74
163,165,76
167,160,72
167,168,74
168,165,73
162,154,75
166,168,76
165,156,77
161,150,73
167,162,72
160,163,74
