185,177,58
185,176,58
185,178,58
185,175,58
185,179,58
185,174,58
185,180,58
186,178,58
184,176,58
186,177,58
184,177,58
186,179,58
184,175,58
186,176,58
184,178,58
186,180,58
184,174,58
185,173,58
185,181,58
186,178,59
185,177,57
185,177,59
184,176,57
185,176,57
186,177,59
186,179,59
185,178,59
184,175,57
184,177,57
185,178,57
185,176,59
186,175,58
184,179,58
186,181,58
184,173,58
185,175,57
185,179,59
186,176,59
186,180,59
184,174,57
184,178,57
185,179,57
185,175,59
185,172,58
185,182,58
185,174,57
185,180,59
186,174,58
186,175,59
186,181,59
184,173,57
184,179,57
185,180,57
184,180,58
185,174,59
186,182,58
184,172,58
185,173,57
185,181,59
186,174,59
186,182,59
184,172,57
184,180,57
185,181,57
185,173,59
186,173,58
184,181,58
186,183,58
185,171,58
185,183,58
184,171,58
186,178,57
187,179,59
183,175,57
184,176,59
186,177,57
187,178,59
183,176,57
186,179,57
187,180,59
183,174,57
184,177,59
184,175,59
185,172,57
186,176,57
187,177,59
185,182,59
186,173,59
186,183,59
183,177,57
184,171,57
184,181,57
184,178,59
185,182,57
187,181,59
187,179,58
186,180,57
183,173,57
183,175,58
187,178,58
185,172,59
184,174,59
183,176,58
187,180,58
183,174,58
186,172,58
187,177,58
186,175,57
183,177,58
184,182,58
187,176,59
187,181,58
186,184,58
183,178,57
184,179,59
183,173,58
187,182,59
186,181,57
183,172,57
184,170,58
184,173,59
185,170,58
185,184,58
187,176,58
183,178,58
185,171,57
187,182,58
186,174,57
183,172,58
185,183,59
186,172,59
186,184,59
184,170,57
184,182,57
185,183,57
187,175,59
183,179,57
184,180,59
187,183,59
185,171,59
186,182,57
183,171,57
184,172,59
186,178,60
187,175,58
186,179,60
184,176,56
186,177,60
186,171,58
183,179,58
184,175,56
187,183,58
184,177,56
184,183,58
186,185,58
183,171,58
186,180,60
186,173,57
186,176,60
184,169,58
184,174,56
184,178,56
187,174,59
183,180,57
184,181,59
187,184,59
186,183,57
185,169,58
185,185,58
183,170,57
185,170,57
187,174,58
186,181,60
184,171,59
186,171,59
186,185,59
185,184,59
184,169,57
184,183,57
185,184,57
186,175,60
184,173,56
184,179,56
187,179,60
183,180,58
185,170,59
187,184,58
185,177,56
185,177,60
187,178,60
187,180,60
183,175,56
185,176,56
185,178,60
185,178,56
185,176,60
183,174,56
183,176,56
183,170,58
187,177,60
187,181,60
185,175,56
186,172,57
185,179,60
185,179,56
183,173,56
183,177,56
186,182,60
185,175,60
186,170,58
187,173,59
184,172,56
186,174,60
183,181,57
184,180,56
184,182,59
187,185,59
186,184,57
186,186,58
184,184,58
183,169,57
187,173,58
185,174,56
187,176,60
187,182,60
185,180,60
184,168,58
184,170,59
185,180,56
183,172,56
183,178,56
185,174,60
183,181,58
187,185,58
185,169,57
187,179,57
187,178,57
188,180,59
182,174,57
186,170,59
186,186,59
185,185,57
185,185,59
184,185,58
184,168,57
184,184,57
187,180,57
188,179,59
182,175,57
183,169,58
186,183,60
188,181,59
183,175,59
184,171,56
182,173,57
183,176,59
185,173,56
186,173,60
187,177,57
184,181,56
185,169,59
187,175,60
187,183,60
183,174,59
185,181,60
186,171,57
188,178,59
182,176,57
187,181,57
185,181,56
183,179,56
183,171,56
188,182,59
183,177,59
182,172,57
187,172,59
185,173,60
183,173,59
183,182,57
186,185,57
187,186,59
187,176,57
184,183,59
187,172,58
188,177,59
183,168,57
182,177,57
186,169,58
187,182,57
188,183,59
183,178,59
182,171,57
185,172,56
184,169,59
183,182,58
185,186,58
187,186,58
183,184,58
187,174,60
187,184,60
183,172,59
185,182,60
184,170,56
186,184,60
185,182,56
183,170,56
183,180,56
187,175,57
184,182,56
186,172,60
188,180,58
183,168,58
188,176,59
185,172,60
188,179,58
185,168,57
182,174,58
182,178,57
188,181,58
187,183,57
182,175,58
183,179,59
188,184,59
182,173,58
184,185,57
185,186,59
186,170,57
182,170,57
183,184,57
188,178,58
184,185,59
186,178,56
188,180,60
182,176,58
186,177,56
188,182,58
188,179,60
188,181,60
183,185,58
183,171,59
187,171,59
182,174,56
186,179,56
184,176,60
182,172,58
182,175,56
182,173,56
185,171,56
184,177,60
187,174,57
186,186,57
186,176,56
187,187,59
183,183,57
184,175,60
187,171,58
188,177,58
188,178,60
184,184,59
188,182,60
187,173,60
187,185,60
186,180,56
188,175,59
185,183,60
182,176,56
182,177,58
184,178,60
183,167,57
185,183,56
182,172,56
183,169,56
183,181,56
188,183,58
182,179,57
184,169,56
187,184,57
186,185,60
184,174,60
188,185,59
183,180,59
187,187,58
186,175,56
183,183,58
182,171,58
185,171,60
184,168,59
184,183,56
188,177,60
186,171,60
182,169,57
188,183,60
186,181,56
188,176,58
182,177,56
184,179,60
182,171,56
183,170,59
184,186,58
183,167,58
182,184,58
182,178,58
184,173,60
188,184,58
187,173,57
186,174,56
185,170,56
188,174,59
188,176,60
186,169,57
182,170,58
188,184,60
186,182,56
182,178,56
184,180,60
187,172,60
187,186,60
182,180,57
187,185,57
185,184,60
183,185,57
187,170,59
188,186,59
182,170,56
184,186,59
188,175,58
182,184,57
183,181,59
185,184,56
183,185,59
183,168,56
183,182,56
187,170,58
185,186,57
186,187,59
184,172,60
182,168,57
182,183,57
184,168,56
183,184,59
182,179,58
185,170,60
188,185,58
186,186,60
186,173,56
182,185,58
184,184,56
183,169,59
186,170,60
188,175,60
186,187,58
182,183,58
187,172,57
188,185,60
182,169,58
186,183,56
182,179,56
184,181,60
182,169,56
188,173,59
188,174,58
185,169,56
184,171,60
187,186,57
182,181,57
187,179,61
188,187,59
186,178,61
187,180,61
183,182,59
187,178,61
186,179,61
186,172,56
187,171,60
187,187,60
183,186,58
182,180,58
186,177,61
188,186,58
185,185,56
185,185,60
181,184,58
183,167,56
183,183,56
184,176,55
182,167,57
187,181,61
183,175,55
184,175,55
188,174,60
187,177,61
186,180,61
184,177,55
183,174,55
183,176,55
186,176,61
188,186,60
186,184,56
183,168,59
182,180,56
185,169,60
182,168,58
184,174,55
184,182,60
184,167,56
183,173,55
184,178,55
184,186,57
182,168,56
182,185,57
183,177,55
185,187,59
185,186,60
183,186,59
187,171,57
187,182,61
181,184,57
181,183,57
182,185,59
183,184,56
186,181,61
187,176,61
182,184,59
188,173,58
186,175,61
188,172,59
184,173,55
184,170,60
185,187,58
183,172,55
184,179,55
188,180,57
183,178,55
188,179,57
186,171,56
181,183,58
187,187,57
188,181,57
189,181,59
181,185,58
181,173,57
185,168,56
188,187,58
188,188,59
182,182,57
182,181,58
189,180,59
181,174,57
187,183,61
188,178,57
189,182,59
181,172,57
186,182,61
183,183,59
187,175,61
188,173,60
182,174,59
182,175,59
188,182,57
189,179,59
184,172,55
181,175,57
186,174,61
188,187,60
186,187,60
182,173,59
186,185,56
189,183,59
184,185,56
182,166,57
183,171,55
182,181,56
181,171,57
184,185,60
184,180,55
188,177,57
184,183,60
182,183,56
183,179,55
182,176,59
188,180,61
182,167,58
187,179,56
182,167,56
187,178,56
188,181,61
188,179,61
189,178,59
182,172,59
187,180,56
189,181,60
183,167,59
188,183,57
181,176,57
189,180,60
185,177,55
185,177,61
181,173,56
188,172,58
189,182,60
