184,120,137
184,120,138
184,120,136
185,121,138
183,119,136
185,121,139
185,121,137
183,119,137
183,119,135
184,120,139
184,120,135
185,120,137
183,120,137
184,119,136
184,121,138
185,120,138
183,120,136
184,119,137
184,121,137
185,120,136
183,120,138
184,119,135
184,121,139
185,121,136
185,121,140
183,119,138
183,119,134
185,120,139
183,120,135
184,119,138
184,121,136
184,120,134
184,120,140
185,120,135
184,119,134
183,120,139
186,121,138
182,119,136
184,121,140
186,121,139
182,119,135
185,122,139
183,118,135
185,122,138
183,118,136
186,121,137
186,122,139
182,119,137
182,118,135
185,120,140
184,119,139
185,122,140
185,121,135
185,121,141
183,119,139
183,119,133
183,118,134
183,120,134
184,121,135
186,122,140
186,122,138
182,118,136
182,118,134
186,121,140
182,119,134
183,118,137
185,122,137
185,119,137
185,119,136
185,120,134
186,121,136
183,121,137
183,121,138
184,119,133
182,119,138
186,122,137
186,122,141
183,120,140
182,118,137
182,118,133
183,118,133
184,121,141
185,122,141
184,120,133
184,120,141
185,119,138
185,119,135
186,120,138
183,121,136
186,120,137
186,121,141
183,121,139
182,120,136
182,120,137
182,119,133
183,118,138
185,120,141
184,118,136
184,122,138
184,118,135
184,122,139
185,122,136
184,119,140
186,120,139
186,120,136
183,120,133
184,121,134
185,121,134
185,121,142
183,119,132
183,119,140
182,120,135
182,120,138
184,118,137
184,118,134
184,122,137
185,119,139
186,121,135
184,122,140
185,119,134
186,122,142
186,122,136
182,118,138
182,118,132
187,122,139
182,119,139
181,118,135
183,118,132
183,121,135
187,122,140
181,118,134
185,122,142
183,121,140
186,123,140
185,120,133
186,123,139
182,117,134
187,122,138
184,119,132
186,120,140
181,118,136
186,120,135
182,117,135
183,120,141
186,123,141
186,121,142
184,121,142
182,120,134
184,118,138
187,122,141
182,117,133
184,118,133
182,120,139
181,118,133
183,118,139
182,119,132
184,122,136
184,122,141
186,123,138
187,121,139
185,122,135
187,121,138
181,119,135
182,117,136
181,119,136
184,120,132
184,120,142
187,123,140
181,117,134
185,119,140
187,122,137
181,118,137
185,119,133
185,120,142
187,123,141
187,123,139
184,119,141
185,123,139
187,121,140
181,117,133
181,117,135
185,123,140
187,121,137
186,123,142
183,117,135
183,117,134
181,119,134
182,117,132
181,119,137
186,121,134
183,121,134
186,122,143
186,122,135
182,118,139
182,118,131
183,120,132
184,121,133
183,121,141
186,120,141
187,122,142
185,121,133
185,121,143
183,119,131
183,119,141
183,118,131
186,120,134
181,118,132
182,119,140
185,123,138
185,123,141
183,117,136
184,118,139
183,117,133
185,122,143
187,123,138
187,123,142
186,123,137
182,117,137
184,118,132
181,117,136
181,117,132
182,120,133
182,120,140
187,121,141
184,122,135
187,121,136
184,122,142
187,122,136
185,120,132
181,119,133
186,121,143
184,119,131
181,119,138
181,118,138
186,119,137
183,118,140
182,117,131
183,117,137
186,119,136
186,123,143
185,123,137
183,117,132
185,118,136
182,119,131
182,121,137
183,120,142
185,119,141
185,123,142
184,121,143
186,119,138
185,118,135
185,122,134
183,122,138
185,119,132
182,121,138
185,118,137
187,122,143
183,122,139
187,123,143
187,123,137
182,121,136
181,117,137
181,117,131
186,119,135
181,118,131
183,122,137
186,120,142
182,117,138
185,118,134
183,121,133
187,121,142
186,120,133
186,123,136
185,120,143
187,121,135
184,120,143
184,120,131
186,119,139
186,122,144
186,122,134
183,121,142
184,118,140
182,118,130
182,118,140
184,119,142
182,121,139
186,121,133
187,120,138
184,118,131
183,122,140
188,123,140
185,118,138
180,117,134
187,120,137
183,118,130
181,119,132
188,123,141
180,117,133
181,120,136
181,119,139
183,117,138
187,120,139
182,120,132
188,122,140
182,121,135
187,122,135
183,120,131
187,124,141
188,122,139
182,119,141
180,118,134
183,117,131
180,118,135
184,121,132
181,120,137
188,123,139
182,120,141
187,124,140
183,122,136
180,117,135
184,122,134
185,122,144
185,121,132
185,121,144
183,119,142
183,119,130
185,123,136
186,119,134
181,118,139
181,120,135
184,117,135
184,123,139
181,116,133
184,122,143
185,123,143
187,120,136
182,117,130
187,124,142
185,118,133
181,116,134
184,117,134
188,123,142
188,122,141
184,123,140
188,122,138
180,117,132
186,123,144
180,118,133
186,124,140
186,124,141
180,118,136
184,117,136
181,116,132
184,123,138
187,120,140
187,123,144
187,123,136
186,119,140
187,124,139
181,120,138
181,117,138
181,117,130
182,121,140
186,121,144
182,116,134
182,116,133
183,122,141
188,123,138
185,118,139
181,116,135
184,117,133
183,118,141
187,122,144
185,119,142
185,120,131
180,117,136
186,124,139
184,119,130
186,124,142
184,123,141
185,119,131
181,120,134
187,121,143
187,124,143
182,119,130
182,116,135
181,118,130
188,122,142
187,121,134
182,117,139
182,116,132
184,117,137
187,120,135
188,122,137
182,121,134
185,122,133
188,123,143
181,116,131
188,124,141
186,120,143
186,123,135
180,118,132
183,122,135
184,123,137
183,120,143
180,117,131
180,118,137
186,119,133
184,121,144
186,120,132
180,116,133
183,117,139
188,124,140
188,124,142
184,118,141
185,118,132
187,124,138
181,119,131
183,117,130
187,120,141
180,116,132
180,116,134
183,121,132
184,118,130
181,120,139
184,117,132
181,119,140
181,116,136
186,124,138
186,124,143
183,121,143
188,121,139
186,122,145
186,122,133
182,116,136
182,118,141
182,118,129
188,123,137
185,123,135
187,122,134
182,116,131
186,121,132
188,121,138
184,123,142
186,119,141
185,123,144
180,117,137
185,120,144
180,119,135
184,119,143
183,118,129
188,124,143
188,124,139
188,121,140
182,120,131
184,117,138
182,121,141
185,118,140
182,117,129
180,119,136
181,120,133
184,120,144
184,120,130
187,124,144
181,118,140
180,116,135
180,116,131
183,122,142
188,122,143
182,120,142
184,122,133
181,116,130
188,122,136
180,119,134
187,120,134
186,123,145
182,119,142
187,123,145
187,123,135
184,122,144
188,121,137
181,117,139
181,117,129
188,123,144
184,123,136
185,124,140
185,122,145
180,118,131
183,120,130
184,121,131
185,124,141
180,118,138
180,117,130
188,121,141
180,119,137
183,116,134
185,121,145
185,121,131
183,119,143
183,119,129
185,124,139
182,121,133
183,116,133
187,122,145
184,117,131
187,121,144
187,124,137
187,120,142
183,122,134
186,119,132
181,116,137
182,116,137
186,124,137
183,116,135
187,121,133
182,116,130
186,124,144
188,124,144
188,124,138
185,119,143
180,119,133
186,121,145
181,120,140
185,118,131
182,117,140
180,116,136
180,116,130
185,124,142
185,119,130
188,121,136
183,118,142
181,118,129
188,123,136
183,116,132
183,117,140
184,123,143
186,123,134
185,120,130
183,117,129
184,117,139
184,119,129
186,118,136
186,120,144
180,117,138
185,124,138
183,116,136
182,119,129
186,118,137
181,119,130
186,119,142
186,120,131
188,121,142
188,122,144
186,118,135
180,119,138
184,118,142
187,124,145
181,116,129
185,122,132
181,120,132
181,119,141
188,122,135
189,123,141
189,123,140
179,117,133
187,119,137
185,118,141
179,117,134
184,118,129
187,120,133
182,122,138
185,123,134
182,121,142
187,119,138
187,119,136
187,122,133
183,122,143
185,123,145
183,120,144
184,123,135
188,123,145
182,122,137
183,116,131
184,121,145
183,121,131
186,118,138
182,122,139
189,123,142
189,124,141
185,124,143
189,123,139
180,118,130
179,116,133
179,117,132
180,119,132
186,118,134
189,124,142
179,117,135
187,125,141
185,117,135
