188,191,128
189,191,128
187,191,128
189,192,129
187,190,127
190,192,129
188,192,129
188,190,127
186,190,127
188,191,127
188,191,129
189,192,128
187,190,128
190,191,128
186,191,128
187,191,127
188,192,128
189,191,129
188,190,128
189,191,127
190,192,128
187,191,129
186,190,128
191,192,129
187,192,129
189,190,127
185,190,127
186,191,127
187,192,128
190,191,129
189,190,128
190,191,127
191,192,128
186,191,129
185,190,128
191,191,128
185,191,128
189,192,130
187,190,126
190,193,129
186,189,127
190,192,130
186,190,126
189,193,129
188,192,130
187,189,127
188,190,126
191,193,129
185,189,127
190,193,130
186,189,126
191,193,130
189,193,130
187,189,126
185,189,126
192,192,129
186,192,129
190,190,127
184,190,127
185,191,127
186,192,128
185,190,126
191,191,127
191,191,129
188,193,129
192,192,128
190,190,128
191,192,130
189,192,127
188,189,127
187,190,129
189,190,126
192,193,129
187,192,130
185,191,129
184,190,128
184,189,127
188,192,127
188,190,129
190,192,127
192,193,130
188,193,130
186,190,129
188,189,126
184,189,126
188,191,126
188,191,130
190,193,128
186,189,128
191,190,128
184,191,128
187,192,127
187,191,126
189,193,128
189,191,130
189,191,126
191,193,128
187,189,128
187,191,130
189,190,129
191,192,127
185,189,128
184,190,126
187,193,129
185,190,129
192,192,130
190,190,126
193,193,129
189,189,127
192,191,129
185,192,129
190,189,127
183,190,127
186,192,130
183,189,127
184,191,127
186,191,126
185,192,128
188,193,128
190,193,131
193,193,130
187,193,130
189,189,126
183,189,126
190,191,130
191,194,130
185,188,126
190,191,126
191,190,127
192,193,128
186,189,125
192,191,128
188,189,128
191,190,129
190,189,128
191,193,131
186,191,130
189,193,131
190,194,130
184,189,128
185,189,125
186,188,126
184,191,129
192,194,130
187,189,125
183,190,128
184,188,126
186,192,127
192,192,127
190,190,129
189,192,131
192,193,131
184,190,129
189,194,130
191,194,131
184,189,125
185,191,126
187,193,128
191,194,129
188,193,131
187,190,125
187,188,126
185,188,125
193,194,130
188,189,125
185,188,127
183,188,126
190,192,131
183,190,126
186,193,129
190,194,129
186,190,125
192,194,131
190,194,131
188,192,131
191,191,126
191,191,130
193,193,128
186,188,125
184,188,125
186,188,127
192,194,129
188,190,125
189,189,128
191,189,128
183,191,128
190,189,126
193,192,129
192,191,130
184,188,127
189,188,127
185,191,130
185,192,130
182,189,127
183,189,128
193,192,130
186,193,130
189,188,126
182,189,126
189,194,129
185,190,125
191,192,131
185,192,127
193,194,131
189,194,131
192,190,129
184,192,129
190,188,127
182,190,127
183,191,127
184,192,128
187,188,125
183,188,125
187,188,127
193,194,129
189,190,125
187,192,131
188,194,130
183,189,125
193,193,131
183,188,127
191,189,127
192,190,128
192,191,127
194,194,130
188,188,126
189,189,125
187,193,131
191,189,129
190,188,128
182,188,126
190,189,129
190,193,127
189,192,126
184,191,126
186,193,128
183,191,129
182,190,128
187,190,130
189,193,127
188,192,126
186,189,129
191,193,127
190,192,126
183,190,129
188,190,130
191,190,126
193,192,128
187,189,129
188,194,129
184,190,125
186,190,130
191,190,130
185,189,129
192,192,131
189,188,128
188,194,131
194,194,131
194,194,129
190,190,125
188,188,125
182,188,125
188,188,127
188,193,127
182,190,126
187,192,126
185,193,129
186,192,131
184,191,130
182,189,128
190,188,126
193,191,129
192,193,127
191,192,126
182,188,127
189,190,130
192,190,130
188,189,129
189,187,127
191,194,132
187,194,130
182,189,125
191,194,128
188,191,125
188,191,131
184,192,130
193,191,130
185,193,130
185,190,130
193,192,131
181,189,126
189,187,126
192,195,131
181,189,127
184,187,125
184,192,127
194,193,130
189,188,125
192,194,132
184,189,129
185,188,124
190,194,128
188,187,126
187,191,125
190,193,132
190,194,132
191,188,128
189,191,131
185,188,128
186,193,131
192,194,128
191,195,131
189,191,125
185,187,125
193,195,131
184,188,124
187,191,131
181,188,126
183,187,125
191,193,132
186,188,124
192,195,130
186,188,128
184,187,126
186,189,124
189,193,132
187,193,127
186,192,126
192,190,127
184,188,128
191,195,130
185,189,124
185,187,126
187,194,129
183,190,125
193,195,130
187,189,124
189,194,128
183,191,126
185,193,128
183,187,126
186,191,125
192,189,129
190,187,127
193,194,132
193,193,127
192,192,126
190,188,129
190,191,131
189,194,132
190,195,131
193,194,128
191,188,127
192,189,128
194,193,129
190,190,130
190,191,125
190,189,125
183,188,124
194,193,131
187,194,131
192,191,131
186,187,125
194,195,131
189,189,129
188,187,125
181,188,125
192,193,132
187,188,124
182,187,125
187,188,128
191,189,126
193,191,128
188,187,127
190,195,130
186,191,131
184,189,124
191,188,129
190,187,128
188,193,132
186,187,126
182,190,129
194,195,130
185,192,131
183,188,128
188,189,124
184,190,130
191,189,130
183,189,129
189,187,128
192,195,132
182,187,126
181,188,127
184,187,124
188,194,128
185,191,125
193,195,132
191,195,132
185,187,124
183,187,124
186,193,127
183,191,130
185,192,126
186,194,130
181,189,125
181,189,128
194,194,132
189,195,131
194,194,128
182,188,124
191,191,131
191,191,125
188,194,132
194,192,130
189,187,125
195,195,131
187,187,125
190,187,126
193,190,129
193,191,131
188,188,124
189,195,130
193,193,132
183,189,124
188,186,126
188,188,128
181,187,125
189,192,132
193,192,127
192,191,126
192,189,130
185,193,131
194,195,132
190,195,132
192,195,129
189,186,127
195,195,130
190,192,132
187,187,126
180,188,126
189,189,124
187,190,124
185,191,131
187,193,132
186,194,129
186,187,124
182,187,124
182,190,125
191,195,129
193,190,130
189,186,126
188,192,132
184,187,127
186,190,124
190,189,130
193,195,129
182,188,128
189,188,129
181,187,126
188,190,124
185,187,127
192,189,127
194,192,129
190,188,125
183,187,127
194,192,131
186,194,131
187,194,128
180,188,125
188,186,125
184,191,125
192,190,131
190,195,129
191,192,132
191,187,128
185,190,124
183,190,130
188,186,127
182,189,129
194,195,129
187,192,132
189,190,124
190,187,129
186,187,127
191,188,126
193,190,128
188,195,131
189,195,132
195,195,132
194,193,128
191,190,125
181,188,124
184,192,131
194,193,132
188,195,130
181,187,124
187,187,124
185,193,127
184,192,126
182,189,124
195,194,131
180,188,127
192,188,129
190,193,126
190,186,127
191,190,131
188,187,124
187,186,125
187,194,132
182,187,127
191,187,127
192,188,128
189,193,126
193,192,132
180,187,125
188,187,128
195,194,130
189,188,124
191,193,126
191,188,130
189,186,128
189,195,129
187,186,126
186,189,130
184,190,124
191,194,133
186,193,132
191,187,129
190,186,128
193,191,127
192,190,126
187,189,130
184,191,131
192,192,132
191,194,127
189,192,125
188,193,126
192,194,133
190,194,127
195,195,129
180,187,126
190,194,133
188,192,125
185,189,130
181,188,128
190,190,124
194,191,130
189,186,125
192,195,133
193,196,131
192,194,127
183,186,125
187,190,131
190,192,125
187,187,127
192,193,126
185,188,123
193,190,131
186,192,132
192,196,131
188,190,131
193,195,133
184,186,125
188,185,126
190,188,130
185,188,129
193,196,132
191,195,133
194,196,131
186,194,128
184,188,123
183,186,124
189,187,129
182,186,125
183,191,125
186,188,123
189,194,127
186,190,131
184,187,123
188,189,130
186,188,129
187,192,125
190,186,126
193,189,129
192,196,132
194,196,132
193,194,133
181,187,127
184,186,124
195,194,132
188,195,132
182,186,124
183,187,123
184,188,129
185,187,123
187,186,124
180,187,124
189,194,133
193,194,127
194,191,129
