157,75,164
156,75,164
158,75,164
159,75,164
155,75,164
158,75,165
156,75,163
157,75,165
158,76,165
157,75,163
156,74,163
159,75,165
155,75,163
157,76,165
159,76,165
155,74,163
157,74,163
154,75,164
160,75,164
156,75,165
158,75,163
157,74,164
157,76,164
160,75,165
154,75,163
156,74,164
156,76,165
160,76,165
158,76,164
154,74,163
158,74,163
158,74,164
156,76,164
155,74,164
159,76,164
159,74,164
155,75,165
155,76,164
159,75,163
161,75,165
153,75,164
161,75,164
153,75,163
155,76,165
161,76,165
153,74,163
159,74,163
159,76,166
155,74,162
158,76,166
156,74,162
160,76,166
154,74,162
154,74,164
160,76,164
160,74,164
154,76,164
157,76,166
157,74,162
154,75,165
161,76,166
153,74,162
160,75,163
162,75,165
154,76,165
162,76,165
152,74,163
160,74,163
152,75,163
162,75,164
152,75,164
153,74,164
156,76,166
159,75,166
161,76,164
158,74,162
158,74,165
155,75,162
161,74,164
158,75,166
162,76,166
156,76,163
157,74,165
152,74,162
156,75,162
160,75,166
153,76,164
159,74,165
157,76,163
154,75,162
155,76,163
158,77,165
157,75,166
159,77,166
156,74,165
156,73,163
159,77,165
157,75,162
153,75,165
155,73,162
157,77,165
161,75,166
158,77,166
160,77,166
158,76,163
155,73,163
157,73,163
160,74,165
154,73,162
156,73,162
161,75,163
153,75,162
163,75,165
154,76,163
163,76,165
153,76,165
151,74,163
161,74,163
155,76,166
151,75,163
160,77,165
159,74,162
154,73,163
157,77,166
161,77,166
156,77,165
163,76,166
156,75,166
158,73,163
152,74,164
153,73,162
157,73,162
155,74,165
151,74,162
158,75,162
162,76,164
159,76,163
162,75,166
162,74,164
151,75,164
163,75,164
161,74,165
152,76,164
152,75,162
153,76,163
161,77,165
153,73,163
156,77,166
162,77,166
155,77,165
159,73,163
152,73,162
158,73,162
155,75,166
154,74,165
152,75,165
160,76,167
154,74,161
154,76,166
159,76,167
155,74,161
159,75,162
161,76,167
153,74,161
160,74,162
157,73,164
157,77,164
162,75,163
160,76,163
164,75,165
163,75,166
164,76,166
156,73,164
158,77,164
162,74,165
152,76,165
164,76,165
160,77,167
150,74,163
162,74,163
158,73,164
156,77,164
154,73,161
150,74,162
158,76,167
159,77,167
150,75,163
156,74,161
161,77,167
155,73,161
151,75,162
151,74,164
152,73,163
153,73,161
162,77,165
152,76,163
162,76,167
155,73,164
155,77,166
163,77,166
152,74,161
159,77,164
160,73,163
154,77,165
151,73,162
159,73,162
163,76,164
163,74,164
159,73,164
158,77,167
155,77,164
156,73,161
162,77,167
152,73,161
151,76,164
157,76,167
154,75,166
150,75,164
164,75,164
153,74,165
157,74,161
154,73,164
163,76,167
160,77,164
160,75,162
151,74,161
164,75,166
161,76,163
157,77,167
153,76,166
160,73,164
163,74,165
157,73,161
163,77,167
154,77,164
151,75,165
161,74,162
151,73,161
151,73,163
165,76,166
163,77,165
150,75,162
154,77,166
164,77,166
156,76,167
151,76,163
161,73,163
150,73,162
160,73,162
149,74,162
159,74,166
165,75,165
163,75,163
153,77,165
158,74,166
158,74,161
151,76,165
165,76,165
153,73,164
149,74,163
163,74,163
160,74,166
164,76,167
155,76,162
150,74,164
161,77,164
149,75,163
156,76,162
157,74,166
156,77,167
160,75,167
153,75,166
161,73,164
154,76,162
150,74,161
159,75,167
152,74,165
158,73,161
164,74,164
164,76,164
164,77,167
161,75,167
161,74,166
154,75,161
153,77,164
157,76,162
155,75,161
150,73,161
158,75,167
153,75,161
150,76,164
161,75,162
165,75,166
159,78,166
156,74,166
153,76,162
164,74,165
162,76,163
155,76,167
162,75,167
160,78,166
156,75,161
158,78,166
149,75,164
164,75,163
150,73,163
152,76,166
155,72,162
152,73,164
164,77,165
162,74,166
152,75,161
159,74,161
158,76,162
154,72,162
153,77,166
165,77,166
157,75,167
156,72,162
162,73,163
149,75,162
161,78,166
165,76,167
149,73,162
161,73,162
160,78,167
166,76,166
162,74,162
150,76,163
162,77,164
157,78,166
152,77,165
155,77,167
159,78,167
161,78,167
158,73,165
162,73,164
150,75,165
157,73,165
157,75,161
153,72,162
163,75,167
159,73,161
152,76,162
154,72,161
165,77,167
155,74,166
149,74,161
148,74,162
157,72,162
159,73,165
156,77,163
153,72,161
155,72,161
157,77,163
149,73,161
152,77,164
165,75,164
161,77,168
153,73,160
156,73,165
158,78,167
162,78,167
163,75,162
155,77,163
152,75,166
160,77,168
154,73,160
162,78,166
151,75,161
151,74,165
150,76,165
165,76,164
148,74,163
163,74,162
162,77,168
152,73,160
149,74,164
156,75,167
158,78,165
156,78,166
163,74,166
160,73,165
158,77,163
159,76,162
152,72,161
156,72,161
159,78,165
152,72,162
148,75,163
157,78,165
154,76,167
159,77,168
156,72,163
155,73,160
158,72,162
164,74,163
155,72,163
154,77,163
155,73,165
164,76,163
163,77,168
157,72,163
151,73,164
166,75,166
158,75,161
151,73,160
164,75,167
157,78,167
163,78,167
165,74,165
162,75,162
160,78,165
163,76,163
151,76,162
160,74,161
154,74,166
149,73,163
156,78,165
154,72,163
166,76,167
161,76,168
149,76,164
159,77,163
161,73,165
151,72,161
157,72,161
160,76,168
154,77,167
153,74,160
163,77,164
158,77,168
158,72,163
163,78,166
165,77,165
154,74,160
162,76,168
163,73,164
152,77,166
166,77,166
163,73,163
156,73,160
151,76,166
148,73,162
162,73,162
150,75,161
152,74,160
155,78,166
166,77,167
160,73,161
151,72,162
155,75,167
164,77,168
159,76,168
148,75,162
153,77,163
161,78,165
151,77,165
148,74,161
149,76,163
154,73,165
150,73,160
148,75,164
164,75,162
159,72,162
164,74,166
155,74,160
166,76,165
153,72,163
148,73,161
160,76,162
163,76,168
162,74,161
151,77,164
155,78,165
156,78,167
164,78,167
151,74,160
159,72,163
161,78,168
158,76,168
160,77,163
165,75,167
147,74,162
149,75,165
162,73,165
159,75,161
157,77,168
150,72,161
158,72,161
160,78,168
151,75,166
162,78,168
153,72,160
150,74,165
153,76,167
157,73,160
156,74,160
154,72,160
153,74,166
152,72,160
150,76,162
164,76,168
165,77,168
165,75,163
150,73,164
164,78,166
162,78,165
159,78,168
152,72,163
163,75,161
163,78,168
152,77,163
148,74,164
149,76,165
165,76,163
150,72,162
163,74,161
147,74,163
149,73,160
153,73,165
154,78,166
150,74,160
155,72,160
149,75,161
154,75,167
166,75,165
151,72,160
167,76,167
161,74,161
160,72,162
154,78,165
165,74,164
160,72,163
153,77,167
157,76,168
147,75,163
162,75,161
164,74,162
148,73,163
164,73,164
164,77,164
163,76,162
155,78,167
165,78,167
165,74,166
164,76,162
158,78,168
167,77,167
161,73,161
156,77,168
161,76,162
157,74,160
164,78,168
163,73,165
165,77,164
161,77,163
149,72,161
159,72,161
151,77,166
166,77,165
163,73,162
165,76,168
156,72,160
147,73,162
162,73,161
147,74,161
148,76,164
158,73,160
147,73,161
166,75,167
150,72,160
150,76,166
157,72,164
157,78,164
160,75,161
166,77,168
156,72,164
150,77,164
158,78,164
150,77,165
151,72,163
147,75,162
163,78,165
148,76,163
158,72,164
149,74,160
156,78,164
160,74,167
159,74,167
166,76,164
152,74,166
148,73,160
155,72,164
156,76,168
165,78,166
151,77,163
161,74,167
152,73,165
159,78,164
