126,130,57
125,130,57
127,130,57
128,130,57
124,130,57
127,131,57
125,129,57
126,131,57
126,129,57
128,131,57
124,129,57
127,131,58
125,129,56
126,131,58
128,131,58
124,129,56
126,129,56
125,131,57
129,130,57
123,130,57
127,129,57
129,131,57
123,129,57
129,131,58
125,131,58
127,129,56
123,129,56
126,130,56
126,130,58
128,132,58
124,128,56
125,130,56
127,130,58
127,130,56
125,130,58
127,132,58
125,128,56
129,132,58
123,128,56
124,131,57
128,129,57
130,131,57
122,129,57
124,130,56
128,130,58
128,130,56
130,131,58
124,131,58
128,129,56
122,129,56
126,132,58
124,130,58
126,128,56
130,130,57
122,130,57
130,132,58
122,128,56
123,130,56
123,131,57
129,130,58
128,132,57
125,132,58
129,130,56
124,128,57
127,128,56
123,130,58
127,132,57
131,132,58
131,131,57
129,129,57
129,132,57
121,128,56
125,128,57
121,129,57
123,128,57
131,131,58
123,131,58
129,129,56
121,129,56
126,132,57
130,132,57
126,128,57
130,129,57
121,130,57
122,128,57
128,132,59
127,131,56
122,130,56
124,128,55
129,132,59
127,132,59
125,129,58
126,131,56
124,132,58
128,131,56
130,130,56
130,130,58
125,128,55
123,128,55
126,129,58
129,133,58
123,127,56
132,132,58
128,128,56
124,129,58
125,132,57
122,130,58
128,133,58
124,127,56
130,133,58
120,128,56
122,131,57
122,127,56
131,132,57
125,131,56
127,128,57
130,132,59
126,132,59
131,130,57
127,131,59
129,131,56
129,128,57
126,128,55
122,128,55
127,129,58
127,133,58
121,128,57
125,129,55
128,131,59
126,131,59
120,129,57
131,130,58
122,131,58
123,129,58
125,127,56
129,128,56
120,129,56
129,133,59
131,133,58
124,129,55
123,127,55
126,129,55
121,127,56
128,133,59
130,133,59
124,127,55
122,127,55
124,131,56
129,131,59
125,131,59
124,132,57
131,132,59
125,132,59
123,129,55
121,130,56
127,129,55
130,131,56
127,133,59
126,133,58
127,128,55
121,128,55
128,129,58
131,133,59
123,132,58
130,128,57
125,127,55
130,129,56
132,132,57
121,127,55
130,129,58
126,127,56
132,133,58
128,128,57
132,131,58
122,129,58
128,127,56
121,130,58
120,127,56
119,128,56
120,128,57
130,131,59
122,129,55
124,131,59
126,133,59
128,129,55
123,131,56
132,133,59
131,129,57
126,127,55
129,127,57
132,132,59
124,132,59
120,127,55
125,133,58
131,131,56
131,129,58
128,128,55
120,128,55
129,127,56
129,129,58
123,132,57
133,133,58
127,127,56
121,129,58
132,131,57
129,133,57
126,130,55
126,130,59
119,127,56
128,133,57
128,127,57
125,130,55
121,129,55
131,131,59
127,130,59
130,133,57
127,130,55
125,130,59
125,133,59
130,128,56
129,129,55
123,131,59
123,127,57
133,133,59
132,130,58
130,128,58
130,134,59
124,127,57
122,126,55
127,127,55
128,126,56
119,128,57
127,133,57
129,134,59
122,127,57
122,131,56
123,126,55
124,130,55
130,127,57
131,134,59
119,127,55
128,130,59
121,126,55
128,130,55
131,133,57
124,130,59
124,133,58
128,132,56
132,131,59
123,132,59
125,127,57
131,130,56
127,132,56
128,134,59
128,127,55
119,128,55
124,126,55
129,132,56
132,134,59
129,128,58
121,127,57
133,132,58
120,126,55
126,133,57
127,126,56
124,128,58
122,132,57
130,134,58
123,130,55
131,128,57
126,132,56
125,128,58
129,134,58
122,126,56
129,130,59
120,129,58
123,128,58
131,134,58
132,133,57
129,130,55
129,126,57
123,126,56
120,129,55
130,132,56
118,127,56
131,130,59
124,133,59
131,128,58
121,126,56
129,126,56
123,130,59
132,130,57
127,134,59
126,127,57
129,128,55
128,134,58
122,131,59
133,132,59
126,128,58
125,126,55
133,134,59
127,126,55
129,133,60
128,126,57
132,134,58
124,126,56
125,132,56
120,127,57
122,128,58
119,126,55
130,133,60
128,133,60
118,127,55
125,133,57
121,131,56
120,126,56
122,130,55
130,127,56
131,132,56
123,127,54
132,129,58
123,133,58
127,134,58
130,127,58
124,127,54
122,127,54
133,133,57
131,133,60
127,133,60
130,130,55
130,130,59
128,132,60
131,129,56
128,125,56
132,130,59
127,128,58
126,134,59
129,132,60
133,134,58
128,126,55
127,132,60
125,126,56
133,131,58
127,127,57
122,130,59
129,127,58
130,134,60
134,134,59
126,126,55
121,128,58
130,126,57
124,132,56
125,127,54
121,127,54
127,125,56
124,128,54
129,134,60
131,134,60
119,126,56
130,132,60
123,128,54
125,128,54
126,132,60
118,126,55
122,126,54
119,127,57
132,133,60
126,133,60
131,129,59
132,132,56
129,127,55
126,134,58
123,126,54
124,133,57
121,126,54
133,131,59
128,134,60
132,134,60
121,130,55
132,129,57
131,127,57
122,128,54
127,125,55
126,128,54
128,128,58
134,134,58
126,127,54
120,127,54
127,131,55
124,126,54
133,132,57
129,125,57
126,131,55
126,126,56
130,129,55
120,126,54
131,132,60
131,127,58
125,134,59
129,125,56
128,131,55
130,129,59
128,125,57
125,132,60
125,129,59
120,128,58
123,132,56
127,134,60
126,129,59
125,131,55
127,126,57
134,133,59
133,134,60
118,126,56
124,129,59
121,130,59
121,128,54
126,125,55
133,133,60
125,133,60
127,128,54
129,131,55
131,128,56
131,135,59
121,125,55
130,126,56
132,129,59
130,135,59
125,134,58
125,126,54
122,125,55
132,128,58
127,129,59
132,131,56
132,135,59
133,130,58
117,126,55
119,126,54
128,125,55
120,125,55
118,127,57
130,126,58
127,127,54
119,127,54
127,131,60
123,129,59
123,133,57
124,131,55
128,124,56
129,126,58
128,131,60
129,135,59
132,132,60
126,131,60
123,125,55
134,133,58
127,124,56
120,130,55
124,132,60
133,135,59
128,127,58
125,129,54
130,131,55
126,134,60
119,125,55
124,129,54
129,126,55
126,125,56
120,128,54
126,129,54
131,128,59
134,134,60
133,130,59
129,131,60
130,134,57
128,129,59
133,131,57
128,128,54
129,134,57
131,135,60
124,134,59
130,128,55
130,125,57
125,131,60
130,135,60
131,134,57
128,135,59
127,124,55
121,125,54
132,135,60
126,126,54
123,129,54
122,132,56
119,128,58
130,128,59
133,132,60
124,133,60
122,129,59
132,128,57
122,125,54
127,129,54
118,126,54
128,134,57
124,125,55
123,131,55
120,125,54
117,126,56
134,132,59
134,135,59
129,135,60
127,125,57
122,126,57
132,134,57
126,124,55
124,134,58
129,133,56
133,135,60
131,126,57
123,126,57
118,125,55
130,131,60
128,133,56
127,126,54
118,127,54
131,131,55
123,125,54
132,130,56
130,133,56
121,126,57
119,125,54
122,129,54
124,131,60
132,131,60
128,124,57
127,134,57
129,124,57
131,126,58
129,129,59
127,133,56
129,124,56
125,134,60
123,132,60
127,135,59
128,129,54
124,126,57
134,132,58
119,128,54
131,127,56
128,135,60
134,133,60
131,135,58
131,133,56
130,135,58
133,134,57
128,127,54
132,128,59
134,135,60
120,126,57
133,129,58
132,135,58
128,126,58
135,135,59
125,125,55
121,129,59
123,127,58
128,124,55
124,125,54
122,131,55
124,127,58
126,124,56
126,125,54
130,125,56
121,125,56
129,135,58
126,133,56
132,127,58
122,125,56
122,127,58
118,125,54
117,126,54
131,131,60
129,125,58
133,130,57
120,125,56
126,134,57
121,129,54
125,126,57
117,125,55
133,135,58
130,127,55
133,131,60
127,123,56
130,125,58
125,127,58
132,133,56
131,130,55
123,131,60
129,125,55
128,123,56
129,129,54
