100,64,167
99,64,167
101,64,167
98,64,167
102,64,167
100,64,168
100,64,166
101,64,168
99,64,166
97,64,167
103,64,167
99,64,168
101,64,166
102,64,168
98,64,166
101,65,168
99,63,166
100,65,168
102,65,168
98,63,166
100,63,166
98,64,168
102,64,166
99,63,167
101,65,167
100,63,167
100,65,167
103,64,168
99,65,168
103,65,168
97,64,166
97,63,166
101,63,166
98,63,167
102,65,167
96,64,167
104,64,167
101,63,167
99,65,167
97,64,168
97,63,167
103,65,167
103,64,166
98,65,168
104,65,168
96,63,166
102,63,166
102,63,167
98,65,167
104,64,168
96,64,166
101,65,169
99,63,165
102,65,169
98,63,165
96,63,167
95,64,167
105,64,167
104,65,167
100,65,169
100,63,165
96,64,168
103,63,167
103,65,169
97,65,168
105,65,168
97,63,165
95,63,166
103,63,166
104,64,166
97,65,167
105,64,168
99,65,169
101,63,165
95,64,166
104,65,169
96,63,165
101,64,169
100,64,169
99,64,165
100,63,168
99,63,168
100,64,165
95,63,167
100,65,166
101,65,166
102,64,169
105,65,167
101,63,168
98,64,165
99,64,169
99,65,166
98,63,168
101,64,165
104,63,167
98,65,169
102,65,166
102,63,165
96,65,167
95,64,168
94,64,167
106,64,167
96,65,168
106,65,168
94,63,166
104,63,166
103,64,169
102,63,168
105,64,166
97,64,165
105,65,169
95,63,165
98,65,166
98,64,169
97,63,168
106,64,168
102,64,165
103,65,166
94,64,166
102,66,168
101,66,168
94,63,167
104,64,169
98,62,166
103,63,168
99,62,166
97,65,169
106,65,167
96,64,165
103,66,168
103,63,165
97,65,166
102,66,169
97,62,166
100,66,168
97,64,169
100,62,166
98,62,165
101,66,169
103,66,169
96,63,168
105,63,167
106,65,169
97,62,165
99,62,165
103,64,165
95,65,167
94,63,165
104,65,166
104,66,168
95,65,168
107,65,168
93,63,166
105,63,166
94,64,168
96,62,166
100,66,169
104,66,169
99,66,168
96,62,165
100,62,165
101,62,166
93,64,167
107,64,167
106,64,166
105,64,169
104,63,168
95,64,165
107,64,168
96,65,166
96,65,169
96,64,169
105,66,168
99,66,169
105,66,169
93,64,166
95,63,168
95,62,166
93,63,167
102,65,170
98,63,164
104,63,165
101,65,170
99,63,164
95,62,165
101,62,165
104,64,165
103,65,170
107,65,167
98,66,168
99,62,167
101,66,167
97,63,164
102,62,166
98,62,167
102,66,167
105,65,166
107,65,169
100,65,170
100,63,164
100,62,167
100,66,167
93,63,165
106,63,167
97,62,167
103,66,167
104,65,170
106,64,169
96,63,164
94,65,167
105,63,168
98,66,169
106,66,169
101,62,167
94,65,168
108,65,168
92,63,166
106,63,166
99,65,170
99,66,167
106,66,168
94,62,166
101,63,164
94,62,165
102,62,165
93,64,168
94,64,165
95,65,166
96,62,167
104,66,167
102,66,170
95,64,169
103,66,170
107,64,166
94,63,168
98,62,164
97,66,168
103,62,166
97,62,164
105,65,170
95,65,169
92,64,167
108,64,167
101,66,170
95,63,164
99,62,164
104,66,170
100,63,169
102,62,167
108,64,168
105,63,165
105,64,165
96,62,164
101,63,169
98,66,167
106,65,166
99,63,169
98,65,170
92,63,167
100,65,165
102,63,164
92,64,166
108,65,169
100,66,170
95,62,167
99,65,165
101,65,165
100,62,164
108,65,167
102,63,169
97,66,169
107,66,169
105,66,167
98,63,169
105,66,170
92,63,165
107,64,169
93,62,165
103,62,165
106,63,168
93,62,166
95,62,164
101,64,170
107,66,168
106,65,170
107,63,167
102,64,170
98,65,165
100,64,170
99,64,164
102,65,165
94,63,164
103,62,167
98,64,164
100,64,164
93,64,165
93,65,167
104,62,166
99,66,170
103,63,169
94,65,166
96,66,168
103,64,170
97,63,169
97,66,167
99,64,170
97,65,170
94,64,169
101,62,164
93,63,168
93,65,168
109,65,168
91,63,166
107,63,166
106,66,170
97,64,164
94,62,167
101,64,164
103,63,164
92,64,168
97,65,165
94,62,164
103,65,165
94,65,169
106,66,167
106,64,165
104,64,170
108,64,166
107,65,166
98,64,170
106,63,165
96,66,169
108,66,169
104,63,169
107,65,170
96,63,169
92,62,165
104,62,165
96,64,164
98,66,170
91,64,167
109,64,167
109,64,168
102,64,164
109,65,169
92,62,166
104,62,167
91,63,167
108,66,168
93,63,164
102,62,164
108,64,169
99,62,168
107,63,168
100,62,168
107,66,170
98,62,168
96,65,165
91,63,165
96,66,167
91,64,166
96,65,170
101,66,166
104,65,165
109,65,167
105,64,170
93,62,164
105,62,166
100,66,166
102,66,166
97,64,170
93,62,167
101,62,168
95,66,168
97,62,168
104,63,164
108,63,167
92,64,165
93,65,166
95,64,164
105,63,169
93,64,169
107,66,167
99,66,166
92,63,168
103,64,164
103,66,166
95,63,169
92,65,167
103,67,169
97,66,170
102,67,169
102,62,168
108,65,170
96,62,168
92,65,168
110,65,168
104,67,169
90,63,166
108,63,166
103,62,164
93,65,169
95,66,169
109,66,169
101,67,169
105,62,167
95,65,165
107,64,165
106,64,170
97,61,165
91,64,168
108,66,170
98,66,166
91,62,165
105,62,165
98,61,165
108,65,166
105,65,165
96,64,170
104,66,166
92,63,164
91,62,166
96,61,165
107,63,165
92,62,164
105,67,169
95,66,167
99,61,165
109,66,168
95,65,170
103,66,171
109,64,166
97,62,163
102,66,171
100,67,169
103,62,168
98,62,163
110,65,169
94,64,164
109,64,169
102,65,171
92,62,167
98,63,163
108,63,168
103,67,170
95,62,168
104,66,171
103,65,171
102,67,168
106,63,169
104,64,164
101,65,171
96,62,163
95,61,165
97,63,163
103,67,168
102,67,170
104,67,170
110,64,168
99,63,163
90,63,167
106,62,166
101,66,171
94,63,169
105,63,164
90,64,167
110,64,167
99,62,163
101,67,168
100,61,165
90,63,165
98,61,166
94,66,168
97,66,166
97,61,166
104,65,171
108,66,167
97,61,164
104,67,168
106,67,169
100,65,171
105,66,171
96,66,170
105,66,166
96,63,163
101,67,170
105,67,170
99,61,166
96,61,164
98,61,164
100,63,163
95,62,163
110,65,167
90,64,166
91,64,165
96,61,166
107,64,170
99,67,169
100,66,171
100,67,168
92,65,166
92,64,169
104,62,164
109,65,170
94,61,165
91,63,168
100,62,163
94,65,165
95,64,170
109,63,167
95,61,164
99,61,164
109,66,170
100,61,166
104,62,168
105,65,171
106,62,167
106,65,165
105,67,168
99,65,171
101,61,165
94,62,168
100,67,170
106,67,170
95,63,163
106,66,171
95,61,166
94,66,169
110,66,169
101,63,163
91,62,164
94,62,163
91,63,164
91,65,167
90,62,165
106,62,165
93,64,164
107,67,169
99,67,168
92,65,169
99,66,171
94,65,170
94,66,167
108,64,165
105,64,164
94,61,164
100,61,164
90,62,166
96,66,166
107,63,169
91,65,168
111,65,168
109,65,166
89,63,166
109,63,166
101,61,166
101,62,163
106,66,166
91,62,167
93,61,165
93,63,169
98,67,169
110,66,168
106,65,171
106,67,168
90,64,168
98,65,171
108,63,165
94,61,166
100,63,170
99,67,170
107,67,170
101,63,170
110,64,169
94,63,163
107,66,171
102,61,165
106,63,164
109,63,168
95,66,170
102,63,163
107,62,166
111,65,169
99,63,170
108,64,170
105,62,168
102,63,170
93,62,163
109,66,167
110,64,166
94,64,170
93,62,168
93,61,164
101,61,164
93,66,168
98,67,168
98,66,171
105,62,164
93,65,165
102,61,166
