110,175,153
110,175,152
110,175,154
111,176,154
109,174,152
110,175,151
110,175,155
111,176,153
111,176,155
109,174,151
109,174,153
110,176,154
110,174,152
110,176,153
110,174,153
109,175,153
111,175,153
109,175,152
111,175,154
110,176,155
110,174,151
109,175,154
111,175,152
110,176,152
111,176,152
111,176,156
109,174,150
109,174,154
110,174,154
109,175,151
111,175,155
110,175,150
110,175,156
110,176,156
111,177,155
109,173,151
110,174,150
111,177,154
109,173,152
109,175,155
111,175,151
110,176,151
111,177,156
109,173,150
110,174,155
112,176,154
109,175,150
108,174,152
111,176,151
111,176,157
112,176,155
109,174,149
109,174,155
112,177,155
108,173,151
108,174,151
111,175,156
111,177,153
109,173,153
112,177,154
112,177,156
108,173,150
108,173,152
112,176,153
108,174,153
112,176,156
108,174,150
111,177,157
110,176,157
109,173,149
109,176,153
111,174,153
109,175,156
109,176,154
110,174,149
110,175,149
110,175,157
112,177,153
112,177,157
111,174,152
108,173,149
108,173,153
111,175,150
111,177,152
109,173,154
109,176,152
108,174,154
110,177,154
112,176,152
110,176,150
110,177,155
110,173,152
111,174,154
110,173,151
109,175,149
109,176,155
110,174,156
111,174,151
108,174,149
110,177,153
111,175,157
112,176,157
111,176,150
111,176,158
109,174,148
109,174,156
110,173,153
110,177,156
108,175,152
112,175,154
108,175,153
112,175,153
110,173,150
109,176,151
111,177,158
112,177,152
112,177,158
108,173,148
108,173,154
109,173,148
112,178,156
108,172,150
111,174,155
108,175,151
112,178,155
108,172,151
112,175,155
109,176,156
110,177,152
108,175,154
110,176,158
108,174,155
111,177,151
112,178,157
112,175,152
108,172,149
112,176,151
110,173,154
109,175,157
111,174,150
109,173,155
110,174,148
110,177,157
112,178,154
108,172,152
113,177,155
111,175,149
113,177,156
108,174,148
107,173,151
111,178,155
108,175,150
110,175,148
110,175,158
110,173,149
109,172,151
107,173,150
111,178,156
110,176,149
112,176,158
109,172,150
112,175,156
109,176,150
113,177,154
109,175,148
112,178,158
111,178,154
107,173,152
108,175,155
110,174,157
108,172,148
109,172,152
113,177,157
113,178,156
111,175,158
111,174,156
110,177,151
107,172,150
111,178,157
107,173,149
112,175,151
111,177,159
112,178,153
113,178,155
113,178,157
111,176,149
111,176,159
109,174,147
109,174,157
112,177,151
112,177,159
109,172,149
109,176,157
108,173,155
108,173,147
108,172,153
107,172,149
107,172,151
109,173,147
110,173,155
113,177,153
110,177,158
111,178,153
108,174,156
111,174,149
113,176,155
107,173,153
108,175,149
113,176,154
107,174,151
111,177,150
109,172,153
112,176,150
113,178,154
113,178,158
107,174,152
113,177,158
107,172,148
107,172,152
111,178,158
112,175,157
107,173,148
110,173,148
113,176,156
110,176,159
112,178,159
109,173,156
107,174,150
108,175,156
109,175,158
108,172,147
109,172,148
108,174,147
113,176,153
109,176,149
107,174,153
110,174,147
112,176,159
109,177,154
112,178,152
112,175,150
111,175,148
110,177,150
108,172,154
109,177,153
109,177,155
111,178,152
111,173,152
110,176,148
111,174,157
113,177,152
107,173,154
107,174,149
113,176,157
109,176,158
110,175,147
110,175,159
113,178,153
113,178,159
109,175,147
108,176,153
111,173,153
111,173,151
107,172,153
107,172,147
109,172,154
112,177,150
112,177,160
112,174,153
108,176,152
108,173,146
108,173,156
108,176,154
110,173,156
111,177,160
107,174,154
110,174,158
108,175,148
111,178,159
113,176,152
110,177,159
109,177,152
107,173,147
109,177,156
113,177,159
111,175,159
112,174,154
110,178,155
112,174,152
113,179,157
107,171,149
112,179,156
108,171,150
111,174,148
113,179,156
110,178,154
111,176,148
111,176,160
109,174,146
109,174,158
110,178,156
109,173,146
107,171,150
112,179,157
108,171,149
110,172,151
112,178,160
108,174,157
109,172,147
111,173,154
111,173,150
112,175,158
108,176,151
108,176,155
113,179,158
112,179,155
110,172,152
108,175,157
110,172,150
107,171,148
108,172,146
108,171,151
110,173,147
111,177,149
112,176,149
107,174,148
113,179,155
112,179,158
112,174,155
107,171,151
112,174,151
113,176,158
110,178,153
108,171,148
110,178,157
109,176,148
112,178,151
109,177,151
109,177,157
111,178,151
114,178,156
109,173,157
108,174,146
114,178,157
113,178,152
113,178,160
107,173,155
112,175,149
110,176,160
107,174,155
107,172,154
107,172,146
113,177,151
108,172,155
110,172,153
110,177,149
112,179,154
110,172,149
113,179,159
109,175,159
106,172,150
107,171,147
113,176,151
114,178,155
108,176,150
106,172,149
108,171,152
108,176,156
112,176,160
107,175,152
113,175,154
109,172,155
111,173,155
111,173,149
114,178,158
111,178,160
113,179,154
112,179,159
107,175,151
107,175,153
109,176,159
113,175,155
110,174,146
106,172,151
111,174,158
113,175,153
107,173,146
107,171,152
114,177,156
110,178,152
114,177,155
111,175,147
108,171,147
110,178,158
113,177,160
108,175,147
106,172,148
112,174,156
112,174,150
110,176,147
110,177,160
110,173,157
106,173,150
114,177,157
114,179,157
109,175,146
106,173,151
112,177,149
112,177,161
114,178,154
108,173,145
108,173,157
107,174,147
107,175,150
111,179,156
109,172,146
107,175,154
109,177,150
111,177,161
112,178,161
109,177,158
114,177,154
114,179,156
114,179,158
106,171,149
110,175,146
110,175,160
113,175,156
112,179,153
110,172,154
113,175,152
111,179,155
106,173,149
111,179,157
110,172,148
106,172,152
109,171,150
113,179,160
114,178,159
113,176,159
106,171,148
106,171,150
111,174,147
112,175,159
110,174,159
107,171,146
108,175,158
106,173,152
109,171,151
109,171,149
108,172,145
108,171,153
111,175,160
108,174,158
108,176,149
106,172,147
108,176,157
109,173,145
107,174,156
112,179,160
111,178,150
113,179,153
114,177,158
110,173,146
114,179,155
114,179,159
111,179,154
113,178,151
113,178,161
111,176,147
111,176,161
111,179,158
109,174,145
109,174,159
112,178,150
107,173,156
107,172,155
107,172,145
107,171,153
110,178,151
106,173,148
111,173,156
111,177,148
107,175,149
110,178,159
106,171,147
106,171,151
111,173,148
109,176,147
107,175,155
112,176,148
108,171,146
113,176,150
113,177,150
114,177,153
109,171,152
109,171,148
114,178,153
112,175,148
108,172,156
106,173,153
113,175,157
112,174,157
110,177,148
113,175,151
112,174,149
108,174,145
106,172,153
111,178,161
109,172,156
109,173,158
107,173,145
112,179,152
114,178,160
111,179,153
110,176,161
111,179,159
110,172,155
109,177,149
113,179,161
114,179,154
114,179,160
106,172,146
110,172,147
109,177,159
113,177,161
109,175,160
107,174,146
109,176,160
112,176,161
108,175,146
114,177,159
106,171,146
106,171,152
106,173,147
107,171,145
114,176,155
111,174,159
113,180,157
108,171,154
107,170,149
108,176,148
110,177,161
113,180,158
107,170,148
109,171,153
107,175,148
114,176,156
108,176,158
112,179,161
114,176,154
109,171,147
109,172,145
107,175,156
106,174,151
113,179,152
110,174,145
110,173,158
112,178,162
113,176,160
113,180,156
114,177,152
106,173,154
106,174,150
106,174,152
107,170,150
111,175,146
110,178,150
107,174,157
108,177,154
112,177,148
112,177,162
107,171,154
110,178,160
109,178,155
108,173,144
108,173,158
110,176,146
113,180,159
108,177,153
109,178,154
107,170,147
108,175,159
109,175,145
111,177,162
114,178,152
114,180,158
108,171,145
113,175,158
106,172,154
114,180,157
113,175,150
112,175,160
111,178,149
106,170,148
114,176,157
108,177,155
111,173,157
108,172,144
114,176,153
