148,152,74
149,152,74
147,152,74
150,152,74
146,152,74
149,153,74
147,151,74
149,153,75
147,151,73
148,153,74
148,151,74
150,153,74
146,151,74
148,153,75
150,153,75
148,151,73
146,151,73
151,152,74
145,152,74
147,153,74
148,152,73
148,152,75
149,151,74
151,153,74
151,153,75
147,153,75
149,151,73
145,151,73
145,151,74
147,152,73
149,152,75
149,152,73
147,152,75
146,152,73
150,152,75
150,154,75
146,150,73
150,152,73
146,152,75
146,153,74
149,154,75
147,150,73
151,154,75
150,151,74
145,150,73
152,153,74
152,153,75
146,153,75
150,151,73
144,151,73
144,151,74
152,152,74
144,152,74
148,154,75
148,150,73
152,154,75
144,150,73
145,152,73
151,152,75
151,152,73
145,152,75
145,153,74
153,153,74
151,151,74
153,153,75
145,153,75
151,151,73
143,151,73
147,154,75
150,154,74
149,150,73
143,151,74
153,154,75
146,150,74
149,154,74
143,150,73
150,154,76
151,154,74
147,150,74
146,150,72
145,150,74
149,153,73
149,154,76
151,154,76
147,151,75
144,152,73
147,150,72
145,150,72
149,153,76
148,153,73
152,151,74
143,152,74
150,153,73
147,151,72
148,151,75
152,152,75
152,152,73
148,154,74
150,153,76
146,151,75
148,153,76
146,151,72
144,152,75
152,154,74
148,151,72
148,150,74
148,154,76
152,154,76
144,150,74
147,153,73
148,150,72
144,150,72
151,153,73
149,151,75
146,154,75
151,153,76
145,151,72
147,153,76
145,151,75
144,153,74
149,151,72
154,154,75
150,150,73
147,154,74
142,150,73
153,152,74
151,150,74
153,152,75
144,153,75
151,150,73
142,151,73
153,154,74
149,150,74
142,151,74
146,153,73
153,154,76
147,154,76
151,155,75
145,149,73
149,150,72
143,150,72
143,150,74
151,155,76
150,155,75
145,149,72
152,153,73
146,149,73
143,152,73
152,155,75
150,151,75
144,149,73
152,153,76
144,151,72
150,155,76
152,155,76
146,149,72
144,149,72
146,153,76
152,151,73
150,151,72
152,151,75
144,151,75
143,152,75
149,155,75
152,150,74
142,152,74
147,149,73
153,155,75
146,154,74
149,155,76
143,149,73
153,155,76
147,149,72
145,154,75
143,149,72
148,152,72
148,152,76
154,154,74
154,153,75
145,153,73
150,149,73
147,152,72
150,150,74
149,152,76
149,152,72
147,152,76
154,154,76
146,154,76
141,150,73
150,150,72
142,150,72
153,153,73
143,153,74
148,155,75
142,150,74
143,151,72
151,151,75
153,153,76
148,149,73
153,151,74
146,152,72
151,151,72
154,155,75
148,155,76
145,153,76
150,152,76
153,151,75
143,153,75
151,149,73
141,151,73
151,149,74
154,155,76
148,149,72
150,152,72
143,151,75
142,149,73
146,152,76
142,149,72
141,151,74
142,152,73
145,154,74
152,150,73
152,150,75
145,152,72
147,155,75
151,152,76
144,153,73
154,153,74
142,152,75
151,152,72
150,149,74
144,154,75
145,152,76
147,155,76
154,153,76
145,154,76
155,155,75
149,149,73
150,149,72
141,150,72
153,152,73
155,155,76
152,149,74
154,152,75
149,149,72
142,151,72
150,154,73
151,155,74
150,148,73
151,150,75
153,152,76
141,149,72
149,154,73
141,150,74
141,149,73
151,150,72
150,155,74
151,154,73
144,153,76
152,155,74
140,150,73
145,149,74
150,154,77
146,150,75
151,155,77
142,151,75
146,149,74
147,150,75
151,154,77
144,152,72
149,154,77
148,154,73
144,149,74
145,150,75
150,155,77
152,155,77
149,155,74
146,150,71
145,149,71
152,154,73
152,152,76
152,152,72
152,156,76
144,148,72
153,150,74
153,155,74
145,150,71
147,150,71
151,156,76
146,149,71
144,149,71
145,148,72
153,150,75
151,148,73
147,149,74
146,155,75
153,156,76
148,150,75
151,148,74
143,148,72
152,154,77
144,154,74
144,152,76
148,154,77
149,155,77
153,155,77
143,149,74
144,150,75
146,155,76
147,154,73
155,154,75
143,153,73
144,150,71
148,155,74
150,156,76
148,150,71
154,152,74
149,148,73
147,149,71
143,149,71
146,148,72
155,154,76
152,149,73
154,156,76
149,148,72
142,148,72
153,154,73
154,155,74
152,149,75
154,152,76
144,154,76
150,148,74
140,149,72
153,151,73
150,148,72
140,150,72
140,149,73
141,151,72
148,149,74
149,150,75
153,154,77
143,152,72
148,155,77
154,155,77
147,154,77
151,149,72
153,151,76
151,149,75
149,153,72
148,153,72
149,156,76
143,150,71
140,150,74
154,151,75
152,156,75
142,149,74
143,150,75
143,153,76
150,153,72
149,153,77
149,150,71
151,156,75
152,151,72
148,149,71
142,149,71
147,148,72
147,151,76
144,148,73
150,147,73
155,156,76
146,154,73
152,151,76
153,156,75
150,153,77
147,155,74
148,151,76
145,148,73
148,153,77
141,151,75
152,156,77
152,148,74
147,151,71
141,148,72
146,151,76
143,148,73
147,153,72
151,156,77
146,151,71
153,156,77
144,148,71
150,156,75
148,151,71
145,155,75
143,152,76
154,154,73
151,153,72
155,155,74
145,148,71
143,148,71
151,153,77
154,156,75
149,151,76
146,148,73
147,153,77
149,149,74
150,150,75
154,154,77
145,151,71
145,155,76
150,156,77
155,153,75
145,151,76
142,148,73
155,155,77
147,155,77
154,156,77
146,154,77
149,151,71
148,156,76
142,150,71
155,153,76
146,153,72
153,149,74
146,148,71
149,147,73
142,148,71
150,150,71
149,156,75
149,147,72
149,149,71
141,149,71
153,149,75
151,147,73
156,156,76
148,148,72
141,149,74
142,150,75
154,151,74
152,153,72
151,147,74
139,149,72
142,152,72
155,156,75
145,154,73
152,153,77
150,151,76
146,155,74
147,148,73
139,149,73
140,148,72
153,150,73
144,151,71
154,151,76
149,156,77
146,153,77
152,148,73
150,147,72
150,147,74
155,156,77
150,151,71
152,150,72
144,151,76
141,148,73
151,148,72
147,148,71
154,153,73
152,148,75
153,150,76
155,154,74
141,148,71
152,150,76
151,148,75
145,153,72
148,156,75
154,153,77
154,150,75
147,156,76
149,148,74
150,149,75
155,154,77
146,155,77
142,152,76
153,153,72
141,150,71
145,154,77
156,156,75
150,146,73
150,149,71
153,153,77
143,151,71
156,155,76
149,148,71
140,149,71
151,151,76
148,148,73
148,156,77
148,147,72
156,156,77
151,151,71
140,149,74
141,150,75
145,153,77
155,152,75
148,148,71
152,147,74
144,154,73
139,148,72
143,151,76
155,152,76
145,155,74
140,148,73
140,148,71
149,146,73
149,146,72
144,153,72
147,156,75
154,152,73
154,150,74
155,153,74
148,152,71
148,152,77
153,148,74
151,155,73
153,152,72
152,149,72
153,157,76
147,152,71
150,155,73
149,152,77
143,147,72
153,149,73
152,157,76
149,152,71
156,155,75
147,152,77
152,155,73
153,148,75
142,151,71
144,147,72
151,146,73
146,156,76
153,157,77
154,157,76
154,150,76
143,147,71
142,147,72
154,152,77
150,146,72
153,152,77
147,156,77
152,157,77
151,146,74
155,153,77
145,155,77
140,150,71
152,149,76
152,156,74
151,150,76
154,157,77
148,147,73
144,147,71
149,147,74
150,148,75
150,146,74
149,155,73
146,152,71
151,147,72
151,156,74
142,147,71
156,155,77
151,150,71
144,154,77
150,152,77
151,157,76
151,155,78
150,148,71
156,154,76
153,156,74
152,147,73
150,152,71
153,149,76
149,147,71
139,149,71
145,147,72
144,153,77
153,155,73
152,155,78
145,149,75
148,147,71
155,157,76
150,155,78
151,147,75
146,152,77
151,157,77
148,146,72
146,149,75
150,156,74
141,147,72
139,148,71
145,147,71
