191,107,64
191,108,64
191,109,64
191,110,64
192,107,64
190,107,64
192,108,64
190,106,64
190,108,64
192,109,64
192,108,65
191,111,64
191,106,63
191,108,65
190,106,63
190,109,64
191,107,63
191,107,65
192,109,65
190,107,63
192,110,64
191,109,65
191,108,63
192,110,65
190,108,63
191,110,65
190,110,64
191,109,63
192,111,64
192,111,65
191,112,64
190,109,63
191,111,65
191,110,63
190,111,64
192,112,65
190,110,63
192,112,64
191,112,65
191,113,64
192,107,63
191,111,63
192,106,63
193,108,65
189,106,63
190,107,65
193,109,65
190,108,65
192,108,63
189,107,63
190,112,64
193,110,65
190,109,65
192,113,65
190,111,63
192,109,63
192,113,64
193,108,64
189,108,63
189,106,64
193,107,64
189,107,64
193,111,65
193,109,64
191,113,65
190,110,65
189,108,64
191,112,63
192,110,63
193,110,64
189,109,63
191,114,64
189,109,64
193,112,65
190,113,64
190,111,65
192,114,65
190,112,63
192,109,66
193,111,64
190,105,62
190,106,62
192,114,64
192,110,66
192,111,63
190,107,62
189,110,63
191,114,65
189,110,64
192,111,66
193,113,65
191,113,63
190,112,65
190,108,62
193,112,64
193,109,66
191,106,62
191,108,66
192,112,66
191,115,64
191,109,66
193,110,66
189,105,62
192,112,63
192,115,65
190,113,63
191,107,62
190,114,64
189,106,62
189,111,64
189,111,63
191,110,66
190,109,62
193,111,66
189,107,62
192,115,64
191,108,62
193,114,65
193,113,64
191,115,65
190,113,65
191,111,66
192,113,66
193,112,66
189,108,62
191,114,63
191,109,62
190,110,62
192,113,63
189,112,64
191,112,66
189,112,63
193,107,63
193,113,66
192,116,65
190,114,63
193,108,63
189,109,62
194,109,65
188,105,63
194,108,65
188,106,63
191,116,64
189,107,65
193,115,65
190,115,64
193,114,64
192,114,66
191,110,62
194,110,65
189,108,65
193,109,63
188,107,63
190,114,65
192,116,64
190,111,62
189,109,65
194,111,65
191,113,66
191,116,65
193,110,63
188,108,63
193,114,66
192,114,63
189,113,64
189,110,62
191,115,63
189,110,65
194,112,65
191,111,62
189,113,63
192,115,66
188,109,63
193,111,63
193,115,64
192,106,62
193,116,65
192,107,62
194,109,66
194,108,64
194,110,66
190,108,66
188,105,62
194,109,64
192,117,65
191,114,66
188,106,64
190,115,63
190,112,62
190,109,66
189,111,65
188,107,64
194,111,66
190,115,65
188,106,62
194,113,65
192,108,62
193,115,66
190,116,64
194,110,64
191,117,64
189,111,62
190,110,66
188,108,64
188,107,62
191,112,62
192,117,64
194,112,66
193,112,63
188,110,63
192,109,62
189,114,64
192,115,63
194,111,64
191,117,65
190,111,66
188,109,64
192,116,66
189,112,65
191,116,63
194,114,65
188,108,62
189,114,63
194,113,66
191,115,66
193,116,64
192,110,62
194,112,64
193,117,65
190,113,62
193,116,66
193,113,63
189,112,62
190,112,66
188,111,63
188,110,64
190,116,65
191,113,62
188,109,62
192,118,65
190,116,63
194,114,66
192,111,62
189,113,65
194,115,65
190,117,64
194,113,64
193,110,67
189,115,64
192,109,67
191,118,64
192,116,63
192,110,67
193,111,67
192,118,64
190,113,66
192,117,66
190,105,61
188,111,64
192,111,67
189,104,61
189,105,61
191,116,66
191,118,65
190,106,61
188,110,62
193,114,63
193,112,67
189,115,63
188,112,63
189,106,61
193,117,64
194,115,66
193,117,66
190,114,62
191,117,63
192,112,67
190,107,61
189,113,62
192,112,62
193,118,65
194,114,64
191,114,62
189,107,61
193,113,67
194,116,65
189,114,65
190,108,61
190,117,65
190,114,66
192,113,67
188,112,64
192,119,65
190,117,63
189,108,61
188,111,62
194,116,66
193,114,67
189,116,64
193,115,63
192,117,63
192,118,66
188,113,63
190,109,61
190,118,64
192,113,62
191,117,66
194,110,67
194,115,64
194,107,63
194,111,67
194,108,63
191,105,61
191,109,67
192,114,67
191,119,64
191,106,61
193,118,66
191,110,67
192,119,64
195,109,65
187,105,63
194,109,63
189,109,61
190,115,62
189,114,62
195,110,65
188,104,61
194,112,67
187,106,63
193,118,64
189,116,63
191,119,65
188,107,65
188,105,61
188,106,65
193,106,62
191,107,61
193,107,62
194,117,65
191,111,67
191,115,62
190,115,66
188,108,65
195,111,65
189,115,65
188,113,64
194,110,63
187,107,63
193,115,67
193,119,65
193,108,62
195,110,66
188,106,61
191,118,63
195,109,66
187,104,62
187,105,62
190,110,61
194,113,67
195,111,66
188,112,62
189,108,66
191,108,61
188,109,65
191,112,67
187,106,62
195,112,65
194,117,66
193,109,62
189,109,66
192,115,67
187,108,63
188,107,61
195,112,66
194,111,63
190,118,65
189,110,61
192,114,62
193,116,63
194,116,64
187,107,62
189,110,66
194,114,67
188,114,63
191,109,61
188,110,65
193,110,62
195,113,65
192,120,65
190,118,63
191,113,67
195,113,66
191,118,66
189,117,64
193,116,67
192,119,66
192,118,63
187,109,63
188,108,61
190,111,61
194,112,63
193,119,66
189,111,66
190,116,66
187,108,62
188,114,64
189,115,62
194,118,65
190,119,64
190,116,62
189,116,65
188,111,65
194,115,67
192,116,67
191,116,62
191,110,61
193,119,64
193,111,62
188,113,62
195,114,66
189,111,61
189,117,63
195,114,65
192,120,64
191,120,64
194,118,66
191,114,67
195,108,64
191,120,65
195,109,64
188,109,61
187,110,63
193,120,65
189,112,66
192,115,62
194,113,63
187,109,62
187,106,64
195,110,64
194,117,64
187,105,64
191,119,63
193,117,63
187,107,64
193,117,67
190,112,61
193,112,62
195,111,64
195,115,66
188,112,65
188,115,63
191,111,61
194,116,67
190,119,65
187,108,64
195,115,65
191,115,67
191,119,66
192,117,67
188,110,61
189,112,61
190,117,66
189,113,66
188,115,64
187,111,63
195,112,64
192,120,66
187,110,62
194,119,65
189,118,64
194,114,63
192,119,63
192,105,61
193,120,66
192,106,61
187,109,64
192,121,65
190,119,63
195,110,67
188,114,62
195,111,67
189,116,62
189,117,65
192,107,61
190,117,62
194,119,66
195,112,67
191,117,62
190,109,67
195,116,66
193,113,62
187,104,61
187,103,61
188,113,65
190,110,67
191,112,61
193,120,64
192,116,62
190,113,61
187,105,61
195,113,64
192,108,61
194,117,67
193,118,67
194,118,64
195,116,65
190,120,64
195,113,67
189,118,63
187,110,64
190,111,67
187,106,61
193,118,63
192,121,64
189,114,66
188,111,61
191,116,67
193,121,65
191,121,64
187,111,62
187,112,63
192,109,61
191,121,65
194,115,63
189,113,61
188,116,63
195,114,67
192,118,67
191,120,63
190,112,67
187,107,61
195,114,64
195,117,66
193,114,62
190,118,66
188,116,64
187,111,64
190,120,65
188,114,65
191,113,61
192,110,61
191,120,66
194,120,65
188,115,62
195,117,65
194,118,67
195,115,67
192,121,66
193,121,66
190,114,61
194,120,66
187,108,61
190,113,67
189,118,65
189,117,62
193,110,68
189,119,64
193,119,67
193,111,68
192,120,63
189,115,66
188,112,61
192,117,62
191,117,67
191,118,62
187,112,62
194,119,64
190,118,62
193,112,68
195,115,64
192,122,65
190,120,63
187,113,63
194,116,63
192,111,61
193,121,64
187,112,64
189,114,61
193,113,68
189,104,60
193,119,63
195,116,67
195,118,66
193,115,62
192,119,67
187,109,61
189,105,60
189,119,63
190,114,67
194,111,68
194,110,68
190,121,64
194,107,62
194,106,62
191,114,61
192,110,68
194,112,68
188,115,65
188,117,63
