186,92,44
186,93,44
186,94,44
186,95,44
187,92,44
185,92,44
187,93,44
185,91,44
185,93,44
187,94,44
186,96,44
185,94,44
187,95,44
186,91,43
186,93,45
186,92,43
186,94,45
187,93,45
185,91,43
185,95,44
186,93,43
187,94,45
185,92,43
186,97,44
187,96,44
186,95,45
187,95,45
185,93,43
186,94,43
185,96,44
187,96,45
186,96,45
185,94,43
187,97,44
186,95,43
186,98,44
187,97,45
185,95,43
186,97,45
185,97,44
186,96,43
187,92,43
187,91,43
185,92,45
187,98,44
185,93,45
187,93,43
185,94,45
187,94,43
187,98,45
185,96,43
186,99,44
188,93,44
184,91,44
186,98,45
184,92,44
188,93,45
184,91,43
188,94,45
188,94,44
185,95,45
184,90,43
184,93,44
184,92,43
186,97,43
188,95,45
185,98,44
187,95,43
188,95,44
187,99,44
184,93,43
184,94,44
188,96,45
185,96,45
187,99,45
185,97,43
188,96,44
187,96,43
186,99,45
184,94,43
184,95,44
188,97,45
186,100,44
186,98,43
185,97,45
185,99,44
188,97,44
184,95,43
187,100,44
187,97,43
188,98,45
184,96,44
187,100,45
185,98,43
186,100,45
187,94,46
185,98,45
188,98,44
185,90,42
187,95,46
185,91,42
186,99,43
184,96,43
185,92,42
186,101,44
187,96,46
187,98,43
188,99,45
184,97,44
185,100,44
186,91,42
186,93,46
185,93,42
186,90,42
186,94,46
186,92,42
187,101,44
186,95,46
187,97,46
187,101,45
185,99,43
188,99,44
186,93,42
188,92,43
185,99,45
188,93,43
185,94,42
184,92,45
186,96,46
184,97,43
186,101,45
184,93,45
188,94,46
188,94,43
188,95,46
188,100,45
184,90,42
186,94,42
187,98,46
186,100,43
187,99,43
184,98,44
184,94,45
184,91,42
188,96,46
188,95,43
186,97,46
185,95,42
184,92,42
186,102,44
184,95,45
185,101,44
188,100,44
188,97,46
186,95,42
189,94,45
183,90,43
183,91,43
184,93,42
189,95,45
185,100,45
187,102,45
187,102,44
188,96,43
185,100,43
187,99,46
183,92,43
184,98,43
186,98,46
189,96,45
184,96,45
188,101,45
188,98,46
185,96,42
186,102,45
183,93,43
184,99,44
187,100,43
184,94,42
189,93,44
183,91,44
186,96,42
189,94,44
183,92,44
189,97,45
186,101,43
188,97,43
189,95,44
187,91,42
183,93,44
187,92,42
183,94,43
187,100,46
188,101,44
186,99,46
185,93,46
184,97,45
188,99,46
185,94,46
187,93,42
189,96,44
184,95,42
189,98,45
185,102,44
183,94,44
185,97,42
186,103,44
185,101,45
184,99,43
185,95,46
186,97,42
187,103,45
185,101,43
187,94,42
188,98,43
188,102,45
187,103,44
183,95,43
189,97,44
185,96,46
184,100,44
187,101,43
183,95,44
188,100,46
184,98,45
186,103,45
189,99,45
186,100,46
187,95,42
187,101,46
184,96,42
186,102,43
188,102,44
185,97,46
189,94,46
189,98,44
189,95,46
185,98,42
183,96,43
188,99,43
186,98,42
183,90,42
183,89,42
189,96,46
183,96,44
183,91,42
187,96,42
184,100,43
185,102,45
189,100,45
189,97,46
188,101,46
183,92,42
188,103,45
184,99,45
185,103,44
185,98,46
184,97,42
186,104,44
187,104,45
185,102,43
186,101,46
189,99,44
184,101,44
187,102,46
187,104,44
187,102,43
189,98,46
183,93,42
183,97,43
183,97,44
187,97,42
188,100,43
185,99,42
186,99,42
186,104,45
188,103,44
189,101,45
185,99,46
186,103,43
183,94,42
189,99,46
188,102,46
189,100,44
184,100,45
184,98,42
184,101,43
189,92,43
189,93,43
185,103,45
186,102,46
187,98,42
189,94,43
188,104,45
183,98,44
183,98,43
183,92,45
187,103,46
183,95,42
183,93,45
189,100,46
189,95,43
188,101,43
184,102,44
185,104,44
187,105,45
185,103,43
187,103,43
186,100,42
185,100,46
186,105,44
185,100,42
189,102,45
183,94,45
187,94,47
187,95,47
188,91,42
187,105,44
188,92,42
189,101,44
189,96,43
187,96,47
188,93,42
185,90,41
188,103,46
185,89,41
188,104,44
185,91,41
186,105,45
184,99,42
183,95,45
188,95,47
184,93,46
184,101,45
187,99,42
188,94,47
188,94,42
187,97,47
183,96,42
188,96,47
184,94,46
189,101,46
185,92,41
183,99,44
190,94,45
182,90,43
186,104,43
190,95,45
183,99,43
182,91,43
186,103,46
189,97,43
184,102,43
188,97,47
184,95,46
184,89,41
184,90,41
190,96,45
188,95,42
182,92,43
187,98,47
185,104,45
185,93,41
183,96,45
187,104,46
184,91,41
185,101,46
188,105,45
188,102,43
189,103,45
188,98,47
190,97,45
186,101,42
184,96,46
189,102,44
182,93,43
184,92,41
186,90,41
186,94,47
185,101,42
184,103,44
186,91,41
186,95,47
189,98,43
187,104,43
188,96,42
183,97,42
185,94,41
187,99,47
189,102,46
187,106,45
187,100,42
185,104,43
188,104,46
186,92,41
185,105,44
186,96,47
190,98,45
183,97,45
184,100,42
184,93,41
188,99,47
182,94,43
184,102,45
184,97,46
186,106,44
183,100,44
187,106,44
190,93,44
188,105,44
190,94,44
186,93,41
186,97,47
182,91,44
183,100,43
182,90,44
190,95,44
182,92,44
188,97,42
185,95,41
190,95,46
186,104,46
190,94,46
186,106,45
189,99,43
185,102,46
190,99,45
190,96,46
187,100,47
184,94,41
182,89,42
190,96,44
182,90,42
186,94,41
182,93,44
188,100,47
182,95,43
188,103,43
184,103,43
186,105,43
186,98,47
189,104,45
182,91,42
187,105,46
184,98,46
190,97,46
189,103,44
183,98,45
189,95,47
183,98,42
189,96,47
189,103,46
188,106,45
186,102,42
185,105,45
190,97,44
182,94,44
182,92,42
187,101,42
189,97,47
185,102,42
190,98,46
185,96,41
188,98,42
186,95,41
190,100,45
184,95,41
188,105,46
183,89,41
184,104,44
186,99,47
183,90,41
189,100,43
187,105,43
187,101,47
184,101,42
183,101,44
189,98,47
182,96,43
188,101,47
182,93,42
190,98,44
184,103,45
183,91,41
182,95,44
184,99,46
190,99,46
187,107,45
185,105,43
183,101,43
185,106,44
183,99,45
188,106,44
185,103,46
189,99,47
183,92,41
186,96,41
186,105,46
187,107,44
186,107,44
183,99,42
185,97,41
184,96,41
182,94,42
190,101,45
188,99,42
189,104,46
189,104,44
186,100,47
190,99,44
189,105,45
188,104,43
190,100,46
182,96,44
187,90,41
187,91,41
186,107,45
182,97,43
187,106,46
183,93,41
187,102,47
188,102,47
189,101,43
187,102,42
184,104,43
187,92,41
186,103,42
189,100,47
186,106,43
184,100,46
185,94,47
188,107,45
185,103,42
187,93,41
185,95,47
186,97,41
185,106,45
182,95,42
188,106,46
183,100,45
183,102,44
190,100,44
184,102,42
183,94,41
185,96,47
184,97,41
190,101,46
190,102,45
186,101,47
185,98,41
182,97,44
188,100,42
187,94,41
184,104,45
184,105,44
187,106,43
183,102,43
189,101,47
185,104,46
183,100,42
185,97,47
182,98,43
188,103,47
189,105,46
187,103,47
189,102,43
187,108,45
189,105,44
185,106,43
188,107,44
182,96,42
187,95,41
186,106,46
184,101,46
189,92,42
189,106,45
186,98,41
189,91,42
183,95,41
188,105,43
185,107,44
189,93,42
190,101,44
187,103,42
190,102,46
185,98,47
187,108,44
189,94,42
190,93,43
182,98,44
184,98,41
186,102,47
186,108,44
189,102,47
190,103,45
187,107,46
190,94,43
183,101,45
186,104,42
185,99,41
