176,84,124
176,84,123
176,84,125
176,84,122
176,84,126
177,84,124
175,84,124
177,84,125
175,84,123
177,85,125
175,83,123
177,85,124
177,85,126
175,83,122
175,83,124
177,84,123
176,84,121
176,84,127
175,84,125
177,84,126
175,84,122
176,83,123
176,85,125
176,83,124
176,85,124
177,85,123
177,85,127
175,83,121
175,83,125
176,83,122
176,85,126
176,83,125
176,85,123
177,84,122
175,84,126
177,84,127
175,84,121
176,83,121
176,85,127
176,84,120
176,84,128
176,83,126
177,85,122
177,85,128
175,83,120
175,83,126
176,85,122
177,84,121
178,85,125
174,83,123
175,84,127
178,85,126
174,83,122
177,84,128
175,84,120
178,85,124
174,83,124
178,85,127
174,83,121
176,83,120
176,85,128
176,83,127
176,85,121
177,85,121
177,85,129
175,83,119
175,83,127
178,85,123
174,83,125
176,84,119
176,84,129
178,85,128
174,83,120
177,83,124
177,84,120
175,85,124
177,83,123
175,84,128
177,83,125
175,85,125
177,84,129
177,86,126
178,84,125
177,86,125
175,85,123
174,84,123
175,82,122
175,82,123
178,84,124
175,84,119
174,84,124
178,84,126
176,83,119
174,84,122
178,86,126
177,83,122
177,86,127
177,86,124
174,82,122
175,82,121
176,85,129
175,85,126
175,82,124
176,83,128
178,86,125
178,86,127
177,83,126
178,85,122
174,82,121
174,82,123
174,83,126
178,84,123
176,85,120
175,85,122
178,85,129
174,84,125
174,83,119
178,84,127
177,85,120
177,85,130
175,83,118
175,83,128
174,84,121
178,86,124
178,86,128
177,86,128
175,82,120
174,82,120
174,82,124
177,83,121
177,86,123
175,82,125
175,85,127
177,83,127
178,84,122
177,84,119
176,84,118
176,84,130
174,84,126
175,85,121
178,84,128
175,84,129
177,84,130
178,85,121
174,84,120
178,86,123
178,86,129
175,84,118
176,83,118
174,82,119
174,82,125
174,83,127
178,85,130
177,86,129
175,82,119
176,82,123
176,86,125
176,85,130
174,83,118
176,82,122
176,86,126
176,83,129
175,82,126
177,86,122
177,83,120
176,82,124
176,86,124
176,85,119
178,84,121
175,85,128
177,83,128
176,82,121
176,86,127
177,85,119
177,85,131
175,83,117
175,83,129
174,84,127
176,82,125
178,84,129
179,85,126
173,83,122
176,86,123
175,85,120
179,85,125
173,83,123
179,85,127
178,86,122
178,86,130
173,83,121
179,86,126
179,86,127
173,82,122
174,84,119
174,82,118
174,82,126
173,82,121
175,82,118
176,82,120
179,86,125
179,85,124
177,86,130
177,84,118
173,82,123
179,86,128
178,85,120
173,83,124
176,86,128
173,82,120
175,82,127
179,85,128
177,86,121
177,83,119
176,82,126
173,83,120
174,83,128
176,84,131
176,84,117
178,85,131
177,84,131
175,84,130
176,86,122
178,84,120
176,83,117
174,83,117
175,84,117
179,86,124
177,83,129
175,85,129
173,82,124
179,86,129
179,85,123
176,83,130
176,85,131
173,82,119
173,83,125
174,84,128
178,84,130
179,85,129
176,82,119
176,85,118
175,85,119
178,86,121
178,86,131
173,83,119
174,82,117
174,82,127
176,86,129
174,84,118
178,83,124
176,82,127
178,83,125
177,85,118
177,85,132
175,83,130
175,83,116
175,82,117
179,86,123
178,83,123
176,86,121
174,85,124
177,86,131
173,82,125
179,86,130
174,85,123
175,82,128
178,83,126
179,85,122
173,82,118
177,86,120
177,83,118
174,85,125
178,87,127
178,85,119
178,87,126
173,83,126
174,85,122
179,85,130
178,83,122
178,84,119
178,85,132
177,84,117
174,81,121
178,87,128
174,83,129
174,81,122
178,87,125
179,84,125
173,83,118
177,83,130
176,82,118
179,84,126
178,83,127
175,85,130
174,83,116
174,85,126
174,81,120
177,84,132
173,84,123
174,81,123
179,84,124
175,84,131
178,84,131
173,84,122
174,84,129
176,83,116
176,84,116
176,84,132
176,86,130
179,84,127
177,82,123
179,86,122
176,82,128
177,82,124
173,84,124
174,85,121
178,87,129
178,86,120
178,86,132
175,84,116
179,87,127
173,82,126
179,86,131
175,85,118
178,87,124
178,83,121
174,82,116
174,82,128
175,86,125
176,83,131
177,82,122
173,84,121
175,86,124
176,85,132
179,87,126
179,87,128
177,87,126
179,84,123
174,81,119
179,85,121
173,82,117
176,86,120
177,82,125
174,84,117
173,81,121
174,81,124
177,87,127
175,86,126
177,87,125
175,81,122
173,81,120
173,81,122
175,82,116
178,83,128
176,85,117
179,84,128
173,84,125
175,81,121
175,86,123
173,83,127
174,85,127
179,85,131
175,81,123
177,82,121
177,86,132
179,87,125
179,87,129
175,82,129
177,87,128
173,84,120
178,87,130
177,83,117
177,82,126
173,81,119
173,81,123
177,86,119
177,87,124
177,85,117
177,85,133
175,81,120
175,83,115
175,83,131
175,86,127
173,83,117
174,85,120
179,84,122
178,87,123
176,82,117
175,81,124
174,81,118
178,84,118
178,85,118
178,83,120
174,81,125
175,86,122
179,86,121
179,84,129
179,87,124
179,87,130
177,82,120
177,83,131
173,84,126
178,85,133
180,86,127
172,82,121
177,87,129
174,83,130
176,82,129
176,86,131
179,86,132
173,82,127
175,85,131
180,86,126
172,82,122
175,81,119
178,83,129
178,84,132
173,81,118
173,81,124
180,86,128
172,82,120
177,84,116
177,87,123
179,85,120
174,85,128
173,82,116
177,82,127
174,84,130
174,83,115
175,81,125
175,86,128
173,84,119
178,86,119
178,86,133
180,86,125
176,86,119
177,84,133
172,82,123
174,82,129
174,82,115
179,84,121
178,87,131
180,86,129
176,83,115
175,85,117
175,84,132
172,82,119
179,85,132
173,83,128
174,81,117
178,87,122
175,86,121
174,85,119
176,84,115
176,84,133
174,84,116
174,81,126
179,87,123
179,87,131
176,83,132
177,82,119
175,82,115
178,83,119
175,84,115
177,87,130
179,84,130
175,81,118
176,85,133
180,85,126
173,84,127
180,86,124
180,85,127
173,81,117
173,81,125
173,83,116
172,83,122
172,82,124
177,86,133
175,82,130
172,83,121
180,85,125
175,81,126
177,87,122
180,86,130
176,82,116
176,85,116
177,82,128
177,83,116
172,82,118
172,83,123
180,85,128
175,86,129
177,86,118
179,86,120
178,83,130
180,87,127
180,87,128
172,83,120
173,84,118
178,84,117
174,85,129
179,86,133
172,81,121
172,81,120
180,85,124
173,82,128
176,82,130
179,84,120
180,87,126
177,85,116
177,85,134
178,85,117
175,83,114
175,83,132
180,87,129
176,81,122
176,87,126
176,86,132
176,81,123
176,87,125
179,85,119
172,83,124
178,87,132
177,83,132
175,86,120
172,81,122
180,86,123
173,82,115
180,85,129
172,81,119
174,81,116
176,81,121
176,87,127
178,85,134
179,87,122
179,87,132
178,87,121
172,82,125
175,81,117
177,82,118
178,84,133
175,85,132
174,81,127
176,81,124
172,83,119
177,87,131
180,86,131
174,83,131
176,87,124
174,85,118
180,87,125
179,84,131
173,81,116
173,81,126
176,86,118
180,87,130
174,84,131
179,85,133
178,83,118
172,82,117
180,85,123
173,84,128
175,81,127
178,86,118
178,86,134
172,81,123
173,83,129
176,81,120
174,82,114
174,82,130
174,83,114
172,81,118
177,84,115
177,87,121
176,87,128
177,82,129
172,83,125
176,81,125
175,85,116
180,85,130
175,86,130
176,87,123
177,84,134
176,83,114
174,84,115
173,83,115
175,82,114
178,83,131
173,84,117
180,87,124
180,86,122
175,84,133
172,83,118
179,83,125
180,87,131
176,82,115
176,81,119
179,83,124
179,84,119
172,81,124
