150,80,155
155,85,160
145,80,155
150,85,160
155,80,155
160,85,160
155,80,160
150,80,160
140,80,155
160,80,160
145,85,160
155,80,150
145,80,160
160,85,165
160,85,155
155,85,165
165,85,165
160,80,155
150,85,155
150,85,165
145,85,155
135,80,155
155,85,155
140,85,160
145,80,150
140,80,160
140,80,150
165,85,160
145,75,150
150,80,150
150,75,155
155,80,145
140,75,150
145,75,155
160,90,165
160,85,150
140,85,155
150,75,150
155,90,165
155,75,155
160,80,150
145,85,165
165,90,165
155,85,150
135,80,150
140,75,155
135,75,150
150,80,145
150,90,165
165,85,155
155,75,150
160,80,165
150,75,145
135,80,160
130,80,155
155,90,160
155,80,165
135,85,160
165,90,160
150,90,160
165,80,165
160,90,160
150,80,165
135,75,155
135,85,155
140,85,165
130,75,150
165,90,170
155,85,145
130,80,150
160,90,170
145,90,165
165,80,160
145,90,160
170,90,170
155,75,145
150,80,140
160,90,155
165,85,170
150,75,140
155,75,160
145,80,165
140,75,145
160,85,170
150,75,160
155,90,170
165,90,155
135,75,145
170,85,170
160,75,160
145,75,145
155,85,170
145,75,160
130,80,160
170,90,165
130,75,155
165,80,155
125,80,155
130,85,160
170,85,165
130,75,145
160,75,155
150,90,170
125,75,150
140,90,160
130,85,155
135,85,165
140,80,165
145,75,140
140,90,165
150,85,170
145,85,150
140,75,160
160,90,150
125,80,150
140,85,150
150,85,150
170,90,160
170,85,160
160,75,150
140,80,145
145,70,150
140,70,150
125,75,145
165,95,170
125,75,155
135,80,145
145,90,170
145,80,145
145,85,170
135,75,160
160,95,170
150,70,150
135,85,150
140,70,145
150,85,145
150,90,155
145,75,135
170,95,170
160,95,165
125,80,160
135,70,145
135,80,165
135,70,150
145,70,145
155,95,165
145,90,155
135,90,160
155,90,155
165,95,165
120,75,150
155,95,170
150,70,145
130,80,145
135,90,165
130,70,145
120,80,155
130,85,165
145,80,140
125,85,160
170,95,165
125,85,155
170,90,175
150,95,165
145,70,140
165,90,175
130,70,150
165,80,170
140,90,155
120,80,150
160,80,170
165,95,160
155,90,150
175,90,175
140,85,170
130,75,160
150,70,155
130,85,150
145,70,155
170,80,170
160,90,175
120,75,145
140,90,170
150,85,140
155,80,170
150,95,170
155,70,155
150,70,140
125,70,145
160,75,165
155,75,165
140,70,155
120,75,155
175,90,170
130,80,165
170,95,175
170,95,160
170,80,165
165,95,175
165,75,165
150,75,165
125,80,145
150,80,170
155,90,175
145,70,135
145,95,165
145,80,135
175,95,175
155,70,150
125,70,150
135,75,140
160,95,175
165,95,155
135,70,140
120,80,160
130,90,160
135,70,155
135,90,155
165,75,160
130,75,140
140,75,140
155,90,145
130,70,140
145,75,165
140,70,140
115,75,150
175,90,165
170,80,160
170,85,175
175,95,170
165,85,175
145,95,170
130,90,165
155,95,160
135,85,170
145,80,170
125,75,160
125,85,165
120,70,145
175,85,175
155,70,145
150,90,175
160,85,175
150,95,160
160,95,160
155,95,175
125,70,140
125,85,150
115,80,155
135,90,170
125,75,140
165,75,155
120,85,155
140,75,135
120,85,160
130,70,155
140,70,135
115,75,145
140,75,165
175,85,170
115,80,150
155,85,175
140,95,165
120,70,150
175,95,165
125,80,165
170,80,155
120,80,145
145,95,160
115,75,155
160,95,155
140,80,170
150,95,175
120,70,140
130,90,155
145,90,175
175,85,165
165,75,150
150,85,175
140,95,170
135,75,165
140,70,130
120,75,140
155,70,160
150,70,160
125,70,155
140,75,130
115,70,145
130,85,170
120,75,160
160,70,160
125,90,160
145,70,160
115,80,160
165,100,170
110,75,150
140,95,160
140,85,145
160,100,170
160,95,150
170,100,170
125,90,165
170,100,175
160,70,155
135,80,170
175,85,160
130,90,170
120,85,165
140,70,160
165,100,175
145,85,145
115,70,150
120,85,150
135,85,145
145,85,175
175,100,175
135,95,165
145,95,175
115,70,140
155,100,170
110,75,145
175,95,180
140,90,175
145,90,150
120,80,165
170,95,180
130,75,165
160,100,175
140,65,145
170,100,165
135,65,145
110,80,155
180,95,180
160,70,150
150,90,150
135,80,140
115,80,145
115,85,155
115,85,160
120,70,155
140,90,150
145,65,145
175,100,170
165,95,180
135,70,160
175,90,180
170,90,180
145,85,140
115,75,140
110,75,155
140,80,140
130,65,145
110,80,150
130,85,145
130,80,140
180,90,180
135,95,170
135,65,140
125,90,155
165,90,180
180,95,175
130,65,140
110,70,145
130,70,135
140,65,140
145,65,140
155,100,175
150,100,170
160,95,180
125,85,170
140,85,175
115,75,160
135,95,160
130,80,170
150,90,145
160,75,170
165,75,170
165,80,175
170,80,175
125,70,135
180,90,175
135,70,135
145,65,150
160,100,165
135,90,150
140,65,150
160,90,180
170,100,160
160,70,145
125,65,140
125,65,145
155,75,170
170,75,170
160,80,175
175,80,175
175,100,165
140,80,135
155,100,165
150,65,150
130,70,160
165,100,165
125,80,140
140,65,135
135,65,150
140,95,175
180,95,170
125,75,165
110,70,150
120,90,160
110,80,160
135,90,175
110,70,140
150,75,170
170,75,165
155,80,175
175,80,170
145,65,135
120,70,135
175,100,180
145,85,135
155,95,180
180,90,170
135,70,130
125,90,170
170,100,180
150,65,145
105,75,150
130,95,165
155,90,180
125,85,145
115,70,155
180,100,180
120,65,140
150,95,155
150,100,165
150,100,175
120,90,165
130,65,150
165,100,160
115,85,165
165,100,180
120,65,145
115,85,150
115,80,165
155,95,155
145,100,170
145,95,155
145,75,170
170,75,160
150,80,175
175,80,165
150,90,140
140,65,130
135,85,175
110,75,140
180,100,175
105,75,145
130,90,150
125,70,160
150,65,140
140,80,130
130,75,135
180,90,165
125,80,170
120,80,140
110,80,145
130,95,170
130,65,135
115,70,135
160,100,180
150,90,180
150,95,180
125,65,150
135,70,125
135,75,135
105,70,145
170,85,180
175,85,180
105,75,155
125,65,135
125,75,135
155,95,150
135,65,135
130,95,160
105,80,155
155,70,165
160,70,165
140,95,155
115,65,140
120,85,170
145,100,165
110,75,160
165,85,180
180,85,180
120,90,155
110,85,160
140,75,170
170,75,155
145,80,175
175,80,160
120,75,165
110,85,155
165,100,155
150,70,165
165,70,165
180,100,170
135,95,175
105,80,150
115,65,145
120,65,135
145,100,175
150,65,155
145,65,155
130,90,175
160,85,180
180,85,175
135,65,130
135,75,130
145,70,165
165,70,160
105,70,150
155,65,155
105,70,140
140,65,155
120,75,135
120,85,145
155,100,180
110,70,155
140,100,170
120,65,150
120,70,160
145,90,180
130,85,175
155,65,150
155,85,180
180,85,170
135,75,170
140,80,175
145,95,180
120,90,170
155,95,145
135,65,155
140,70,165
165,70,155
105,80,160
125,95,165
125,90,150
115,65,135
110,70,135
135,95,155
115,90,160
110,65,140
120,80,170
110,80,165
115,80,140
135,65,125
140,100,165
100,75,150
170,105,175
115,90,165
110,85,165
155,65,145
165,105,175
105,75,140
135,75,125
130,65,155
110,65,145
175,105,175
150,85,180
180,85,165
150,100,180
115,75,165
110,85,150
180,95,185
175,95,185
115,75,135
135,70,165
165,70,150
155,100,160
125,95,170
140,100,175
115,65,150
185,95,185
100,75,145
100,70,145
170,95,185
160,100,160
130,95,175
150,100,160
140,90,180
160,105,175
125,95,160
130,75,170
135,80,175
115,85,170
105,75,160
175,105,180
115,70,160
175,105,170
100,75,155
