155,150,65
155,145,65
155,155,65
150,145,60
150,140,60
150,150,60
150,155,65
150,145,65
155,150,60
150,140,65
145,150,60
155,145,60
150,150,65
160,155,65
155,155,60
160,150,65
160,160,65
145,140,60
145,155,65
145,150,65
145,135,60
150,155,60
145,145,60
140,150,60
155,160,65
160,155,70
140,145,60
160,150,70
145,155,60
160,160,70
140,150,65
150,160,65
155,150,70
155,145,70
155,155,70
155,160,70
135,145,60
145,140,55
150,155,70
145,135,55
160,155,60
160,150,60
145,145,55
150,145,55
150,140,55
160,160,60
150,160,70
150,150,55
145,140,65
165,160,70
165,155,70
145,135,65
145,145,65
140,145,55
155,160,60
165,165,70
165,160,65
165,155,65
145,150,55
145,155,70
165,165,65
160,165,70
140,145,65
150,160,60
140,135,60
160,165,65
135,145,55
140,135,55
140,130,60
140,150,55
140,140,60
140,130,55
140,140,55
150,145,70
155,165,70
150,140,70
150,150,70
155,165,65
155,150,55
155,145,55
135,145,65
135,140,60
135,140,55
155,155,55
145,150,70
150,155,55
130,140,55
130,140,60
160,155,75
165,160,75
160,150,75
145,155,55
165,155,75
160,160,75
165,165,75
140,150,70
155,160,75
170,165,70
160,165,75
170,160,70
165,160,60
165,155,60
170,170,70
165,165,60
165,170,70
160,165,60
155,165,75
150,160,75
135,130,55
135,125,55
135,135,55
160,170,70
155,165,60
155,150,75
170,165,75
170,165,65
170,160,65
170,160,75
155,145,75
140,135,65
155,155,75
160,155,55
160,150,55
170,170,65
170,170,75
130,135,55
145,140,50
140,140,65
160,160,55
145,135,50
140,135,50
145,145,50
140,130,50
165,170,65
165,170,75
140,140,50
150,155,75
155,160,55
135,140,65
140,145,50
135,140,50
125,135,55
145,140,70
160,170,65
135,130,60
150,160,55
160,170,75
145,135,70
145,145,70
135,125,60
135,135,60
145,155,75
135,145,50
150,145,50
150,140,50
150,150,50
130,140,50
140,145,70
130,135,60
145,150,50
135,130,50
135,125,50
135,135,50
140,150,50
130,135,50
135,145,70
125,135,60
165,160,80
175,170,70
175,165,70
165,155,80
125,135,50
165,165,80
175,175,70
175,170,75
175,165,75
175,175,75
170,165,80
170,165,60
170,160,60
150,145,75
170,175,70
170,160,80
160,165,80
155,150,50
170,170,60
170,170,80
155,145,50
150,140,75
150,150,75
170,175,75
155,155,50
165,170,60
130,125,55
165,175,70
165,170,80
150,155,50
165,160,55
165,155,55
130,120,55
130,130,55
145,150,75
165,165,55
165,175,75
155,165,80
160,155,80
160,170,60
160,150,80
160,160,80
160,165,55
145,155,50
125,130,55
160,170,80
130,125,50
130,120,50
130,130,50
155,160,80
140,150,75
155,165,55
175,170,65
175,165,65
175,175,65
125,130,50
120,130,55
170,175,65
175,170,80
175,165,80
150,160,80
175,175,80
165,175,65
135,130,65
120,130,50
170,175,80
135,135,65
165,175,80
130,135,65
140,135,70
140,140,70
130,125,60
160,155,50
160,150,50
160,160,50
130,130,60
140,135,45
140,130,45
140,140,45
135,140,70
155,150,80
155,160,50
155,145,80
155,155,80
135,130,45
125,130,60
135,140,45
135,125,45
180,175,75
135,135,45
180,170,75
145,140,45
150,160,50
145,135,45
180,180,75
145,145,45
150,155,80
130,135,45
130,140,45
175,180,75
140,145,45
180,175,70
180,170,70
180,180,70
170,180,75
125,135,45
135,145,45
145,155,80
175,180,70
145,140,75
125,120,50
175,165,60
175,170,60
170,165,85
145,145,75
170,160,55
170,165,55
180,175,80
170,160,85
175,160,60
180,170,80
175,175,60
125,115,50
125,125,50
170,155,55
170,170,55
170,170,85
180,180,80
170,180,70
130,125,45
130,120,45
170,175,60
130,130,45
165,170,55
140,145,75
150,145,45
150,140,45
175,180,80
165,170,85
120,125,50
150,150,45
165,175,60
125,120,55
125,130,45
160,170,55
165,160,85
175,170,85
175,165,85
125,125,55
145,150,45
165,155,85
165,165,85
175,175,85
170,180,80
160,170,85
160,175,60
115,125,50
155,170,55
170,175,85
140,150,45
160,165,85
120,130,45
120,125,55
180,170,65
165,175,85
180,175,65
180,165,65
180,180,65
155,165,85
165,155,50
165,160,50
175,180,65
165,150,50
165,165,50
160,165,50
170,180,65
155,165,50
125,120,45
155,150,45
155,145,45
125,115,45
165,180,65
125,125,45
180,175,85
180,170,85
150,145,80
155,155,45
180,180,85
160,155,85
150,150,80
150,165,50
160,150,85
160,160,85
150,155,45
120,125,45
175,180,85
145,150,80
145,155,45
155,160,85
170,180,85
115,125,45
185,180,75
185,175,75
185,185,75
130,125,65
130,130,65
180,185,75
150,160,85
185,180,80
185,175,80
185,185,80
135,130,70
175,185,75
125,130,65
135,135,70
180,185,80
125,120,60
120,115,50
125,125,60
185,175,70
185,180,70
120,120,50
175,185,80
130,135,70
175,165,55
175,170,55
185,170,70
185,185,70
175,160,55
175,175,55
180,185,70
170,175,55
120,125,60
115,120,50
180,170,60
180,175,60
180,165,60
180,180,60
175,185,70
165,175,55
175,180,60
160,150,45
160,155,45
160,145,45
160,160,45
170,185,70
175,170,90
140,135,75
160,175,55
170,180,60
175,165,90
185,180,85
185,175,85
175,175,90
140,140,75
120,115,45
155,160,45
185,185,85
120,110,45
120,120,45
170,165,90
170,160,50
170,165,50
135,130,40
135,125,40
170,155,50
170,160,90
165,180,60
170,175,90
180,185,85
170,170,50
170,170,90
135,135,40
150,160,45
140,135,40
140,130,40
135,140,75
115,120,45
140,140,40
165,170,50
130,135,40
155,150,85
165,170,90
175,185,85
155,155,85
135,140,40
145,160,45
165,175,90
160,170,50
120,115,55
130,125,40
180,175,90
130,120,40
120,120,55
180,170,90
130,130,40
180,180,90
125,135,40
110,120,45
150,155,85
130,140,40
155,170,50
160,170,90
125,130,40
185,175,65
175,180,90
185,180,65
145,140,40
145,135,40
115,120,55
185,170,65
185,185,65
145,145,40
180,185,65
140,145,40
120,130,40
170,180,90
175,185,65
165,160,90
135,145,40
165,165,90
170,185,65
125,120,40
125,115,40
145,140,80
160,165,90
125,125,40
145,145,80
120,125,40
140,145,80
190,185,80
190,180,80
150,145,40
150,140,40
190,190,80
150,150,40
185,180,90
190,180,75
190,185,75
185,175,90
115,125,40
185,185,90
190,175,75
190,190,75
185,190,80
145,150,40
165,155,45
165,160,45
165,150,45
165,165,45
185,190,75
180,185,90
180,190,80
160,165,45
140,150,40
180,190,75
175,185,90
155,165,45
190,185,85
190,180,85
175,190,75
190,190,85
180,170,55
180,175,55
150,165,45
180,165,55
180,180,55
115,110,45
185,190,85
115,110,50
115,115,45
175,180,55
115,115,50
120,115,40
190,180,70
190,185,70
120,110,40
120,120,40
190,175,70
180,190,85
190,190,70
170,180,55
110,115,45
185,190,70
110,115,50
175,165,50
175,170,50
115,120,40
185,175,60
175,160,50
185,180,60
175,175,50
165,180,55
185,170,60
160,155,90
185,185,60
180,190,70
160,160,90
170,175,50
155,145,40
155,150,40
180,185,60
125,120,65
155,140,40
155,155,40
125,125,65
110,120,40
165,175,50
175,190,70
175,185,60
155,160,90
150,155,40
150,145,85
130,125,70
150,150,85
160,175,50
130,130,70
145,155,40
170,185,60
120,125,65
120,115,60
175,170,95
120,120,60
180,175,95
145,150,85
175,165,95
180,170,95
175,175,95
140,155,40
180,180,95
125,130,70
190,185,90
190,180,90
