142,22,234
143,22,234
141,22,234
144,22,234
140,22,234
145,22,234
139,22,234
146,22,234
138,22,234
137,22,234
147,22,234
143,22,235
141,22,233
142,22,235
142,22,233
144,22,235
140,22,233
141,22,235
143,22,233
142,21,234
142,23,234
141,21,234
143,23,234
145,22,235
139,22,233
143,21,234
141,23,234
140,22,235
144,22,233
140,21,234
144,23,234
144,21,234
140,23,234
136,22,234
148,22,234
139,21,234
145,23,234
146,22,235
138,22,233
139,22,235
145,22,233
145,21,234
139,23,234
138,21,234
146,23,234
147,22,235
137,22,233
138,22,235
146,22,233
143,23,235
149,22,234
135,22,234
146,21,234
141,21,233
138,23,234
144,23,235
142,23,235
137,21,234
142,21,233
140,21,233
147,23,234
145,23,235
141,23,235
143,21,233
139,21,233
148,22,235
136,22,233
137,22,235
147,22,233
146,23,235
140,23,235
144,21,233
138,21,233
147,21,234
137,23,234
142,21,235
136,21,234
142,23,233
143,21,235
148,23,234
141,21,235
141,23,233
143,23,233
144,21,235
150,22,234
134,22,234
140,23,233
140,21,235
147,23,235
139,23,235
144,23,233
145,21,233
137,21,233
149,22,235
135,22,233
136,22,235
145,21,235
148,22,233
139,23,233
139,21,235
145,23,233
148,21,234
136,23,234
135,21,234
149,23,234
138,23,235
148,23,235
136,21,233
146,21,233
146,21,235
138,23,233
138,21,235
146,23,233
150,22,235
134,22,233
151,22,234
133,22,234
135,22,235
149,22,233
147,21,235
149,21,234
137,23,233
137,23,235
149,23,235
135,23,234
135,21,233
147,21,233
137,21,235
134,21,234
150,23,234
147,23,233
148,21,235
151,22,235
136,23,233
136,21,235
133,22,233
134,22,235
150,23,235
136,23,235
148,21,233
134,21,233
148,23,233
150,22,233
132,22,234
152,22,234
150,21,234
143,22,236
141,22,232
144,22,236
134,23,234
140,22,232
142,22,236
142,22,232
133,21,234
151,23,234
145,22,236
139,22,232
141,22,236
143,22,232
149,21,235
135,23,233
146,22,236
138,22,232
135,21,235
140,22,236
144,22,232
149,23,233
151,23,235
135,23,235
152,22,235
149,21,233
133,21,233
132,22,233
147,22,236
133,22,235
137,22,232
139,22,236
151,22,233
151,21,234
145,22,232
141,20,234
143,24,234
144,23,236
142,20,234
142,24,234
143,23,236
133,23,234
140,20,234
144,24,234
140,21,232
141,21,232
132,21,234
150,21,235
145,23,236
153,22,234
131,22,234
142,23,236
139,21,232
143,20,234
141,24,234
142,21,232
152,23,234
139,20,234
145,24,234
134,23,233
148,22,236
146,23,236
136,22,232
134,21,235
141,23,236
138,21,232
143,21,232
144,20,234
138,22,236
140,24,234
146,22,232
138,20,234
150,23,233
146,24,234
152,23,235
134,23,235
150,21,233
132,21,233
147,23,236
137,21,232
140,23,236
143,24,235
144,24,235
144,21,232
145,20,234
153,22,235
141,20,233
142,24,235
139,24,234
140,20,233
145,24,235
149,22,236
137,20,234
131,22,233
142,20,233
139,20,233
147,24,234
135,22,232
132,22,235
151,21,235
141,24,235
152,21,234
137,22,236
152,22,233
146,24,235
148,23,236
147,22,232
143,20,233
136,21,232
139,23,236
132,23,234
138,20,233
131,21,234
145,21,232
143,21,236
133,23,233
142,21,236
146,20,234
133,21,235
141,23,232
144,21,236
153,23,234
138,24,234
142,23,232
140,24,235
141,21,236
140,23,232
154,22,234
130,22,234
136,20,234
147,24,235
144,20,233
143,23,232
148,24,234
151,23,233
145,21,236
137,20,233
150,22,236
139,23,232
140,21,236
149,23,236
134,22,232
133,23,235
153,23,235
135,21,232
131,21,233
151,21,233
138,23,236
144,23,232
136,22,236
146,21,232
146,21,236
139,24,235
147,20,234
148,24,235
148,22,232
145,20,233
138,23,232
137,24,234
142,20,235
136,20,233
141,20,235
139,21,236
154,22,235
143,20,235
135,20,234
152,21,235
142,24,233
145,23,232
143,24,233
140,20,235
149,24,234
130,22,233
141,24,233
131,22,235
144,20,235
147,21,236
144,24,233
153,21,234
150,23,236
132,23,233
153,22,233
139,20,235
132,21,235
137,23,232
140,24,233
138,24,235
134,21,232
151,22,236
137,23,236
131,23,234
138,21,236
130,21,234
146,20,233
149,24,235
147,21,232
145,24,233
133,22,232
135,20,233
145,20,235
148,20,234
154,23,234
146,23,232
152,23,233
135,22,236
136,24,234
138,20,235
139,24,233
148,21,236
149,22,232
134,20,234
155,22,234
129,22,234
146,24,233
132,23,235
154,23,235
150,24,234
152,21,233
130,21,233
136,23,232
146,20,235
137,21,236
137,24,235
151,23,236
147,20,233
138,24,233
137,20,235
150,24,235
133,21,232
147,23,232
136,23,236
134,20,233
153,21,235
148,21,232
152,22,236
147,24,233
155,22,235
149,20,234
149,21,236
147,20,235
132,22,232
131,23,233
129,22,233
135,24,234
131,21,235
130,22,235
134,22,236
154,21,234
135,23,232
133,20,234
136,21,236
137,24,233
154,22,233
136,20,235
150,22,232
151,24,234
130,23,234
129,21,234
153,23,233
136,24,235
148,20,233
148,23,232
155,23,234
148,24,233
151,24,235
152,23,236
133,20,233
132,21,232
135,23,236
148,20,235
150,21,236
155,23,235
131,23,235
153,21,233
129,21,233
149,21,232
144,24,236
150,20,234
145,24,236
143,24,236
156,22,234
128,22,234
153,22,236
136,24,233
134,23,232
135,20,235
135,21,236
154,21,235
140,20,232
134,24,234
146,24,236
142,24,236
141,20,232
139,20,232
131,22,232
132,20,234
133,22,236
149,24,233
142,20,232
138,20,232
149,23,232
135,24,235
152,24,234
149,20,233
147,24,236
141,24,236
156,22,235
130,23,233
130,21,235
149,20,235
151,22,232
152,24,235
132,20,233
153,23,236
143,20,232
137,20,232
128,22,233
129,22,235
151,21,236
155,21,234
131,21,232
134,23,236
135,24,233
154,23,233
148,24,236
140,24,236
155,22,233
134,20,235
150,21,232
129,23,234
128,21,234
133,23,232
151,20,234
134,21,236
144,20,232
136,20,232
156,23,234
154,22,236
150,24,233
133,24,234
156,23,235
130,23,235
154,21,233
128,21,233
131,20,234
150,23,232
139,24,236
149,24,236
150,20,235
130,22,232
134,24,235
150,20,233
132,22,236
155,21,235
153,24,234
135,20,232
145,20,232
153,24,235
131,20,233
152,21,236
127,22,234
157,22,234
144,22,237
140,22,231
134,24,233
154,23,236
143,22,237
141,22,231
152,22,232
133,20,235
145,22,237
139,22,231
142,22,237
129,21,235
130,21,232
133,23,236
129,23,233
142,22,231
150,24,236
138,24,236
132,23,232
146,22,237
157,22,235
138,22,231
133,21,236
151,21,232
141,22,237
151,24,233
143,22,231
152,20,234
134,20,232
146,20,232
128,22,235
127,22,233
156,21,234
155,23,233
147,22,237
151,20,235
137,22,231
132,24,234
142,20,236
151,23,232
155,22,236
144,23,237
143,20,236
156,22,233
145,23,237
140,22,237
140,21,231
127,21,234
130,20,234
128,23,234
143,23,237
141,20,236
139,21,231
144,22,231
141,21,231
151,20,233
133,24,235
144,20,236
146,23,237
138,21,231
142,23,237
142,24,232
140,20,236
153,21,236
157,23,234
130,20,233
151,24,236
137,24,236
141,24,232
154,24,235
129,22,232
142,21,231
148,22,237
154,24,234
133,24,233
132,20,235
157,23,235
129,23,235
131,22,236
143,24,232
155,21,233
127,21,233
136,22,231
145,20,236
140,24,232
147,23,237
147,20,232
133,20,232
139,22,237
137,21,231
155,23,236
141,23,237
156,21,235
