224,217,176
224,216,176
225,218,177
223,216,175
224,217,175
224,217,177
225,218,176
223,216,176
225,217,177
223,215,175
224,216,175
225,217,176
224,216,177
223,215,176
225,218,178
223,216,174
224,215,176
223,215,174
224,215,175
225,217,178
225,216,177
223,214,175
226,219,178
222,215,174
225,216,176
226,219,177
222,215,175
226,218,177
226,218,178
222,214,174
224,215,177
225,218,175
223,216,177
224,217,174
224,217,178
225,217,175
222,214,175
223,214,174
224,216,174
223,214,176
223,215,177
224,216,178
226,219,179
225,216,178
222,215,173
226,217,177
224,214,176
225,216,175
226,219,176
222,214,173
224,215,174
222,215,176
226,217,178
225,218,179
222,213,174
224,214,175
223,216,173
226,218,176
226,218,179
223,215,173
225,215,176
225,215,177
223,213,175
222,213,175
222,214,176
225,217,179
223,213,174
227,220,178
221,214,174
226,217,176
222,213,173
224,214,177
223,214,173
227,220,179
221,214,173
223,214,177
224,215,178
227,219,178
223,213,176
221,213,174
227,219,179
221,213,173
226,217,179
225,215,175
224,214,174
226,216,177
225,215,178
225,218,174
225,217,174
226,216,178
222,212,174
223,216,178
227,220,177
223,217,178
221,214,175
226,219,180
227,219,177
222,213,176
227,218,178
225,216,179
224,217,173
224,217,179
222,215,172
224,216,173
224,218,179
222,214,172
227,220,180
226,216,176
224,213,175
222,212,175
224,213,176
226,219,175
221,214,172
226,218,175
227,218,179
225,216,174
221,212,173
223,213,173
222,212,173
221,213,175
222,215,177
226,218,180
221,212,174
225,214,176
223,215,178
222,216,177
221,213,172
224,215,173
227,218,177
227,219,180
224,216,179
225,214,177
223,212,175
222,213,172
223,212,174
226,217,175
223,213,177
224,214,178
225,218,180
225,219,180
222,214,177
223,216,172
226,216,179
223,215,172
225,214,175
224,213,174
221,212,172
227,217,178
224,213,177
225,215,174
226,215,177
223,212,176
221,212,175
226,217,180
228,221,179
220,213,173
225,217,180
227,220,176
227,218,180
223,214,172
224,214,173
227,219,176
223,214,178
222,212,176
225,215,179
221,214,176
228,220,179
227,217,179
221,211,173
227,217,177
221,215,176
226,215,178
222,211,174
228,221,180
225,214,178
224,215,179
226,216,175
220,213,172
226,215,176
222,212,172
220,212,173
221,211,174
223,212,173
228,221,178
228,220,180
227,218,176
220,212,172
220,213,174
222,211,173
227,220,181
228,220,178
222,213,177
221,213,176
221,214,171
222,211,175
228,219,179
221,213,171
221,211,172
224,212,175
223,213,172
226,219,181
220,212,174
227,219,181
225,213,176
225,217,173
225,216,180
224,212,176
225,218,173
222,215,171
222,214,171
228,219,178
225,214,174
220,211,173
223,217,179
228,219,180
223,216,179
220,211,172
228,221,181
227,216,178
226,218,174
221,212,171
226,219,174
224,213,173
227,217,180
227,217,176
220,213,171
226,215,179
223,211,174
225,213,177
223,211,175
221,211,175
225,216,173
226,216,180
226,218,181
224,216,172
223,212,177
224,218,180
224,213,178
224,217,172
222,216,178
224,217,180
225,213,175
222,215,178
220,212,171
224,212,174
222,213,171
226,215,175
227,216,177
228,220,181
226,217,174
223,213,178
221,212,176
222,211,172
228,221,177
228,220,177
227,216,179
224,215,172
223,215,179
221,210,173
226,214,177
228,218,179
224,214,179
220,211,174
227,218,181
220,213,175
220,214,175
228,218,178
224,212,177
222,211,176
225,214,179
224,216,180
226,214,176
222,214,178
220,211,171
221,210,174
222,212,177
225,215,173
223,212,172
227,219,175
223,211,173
228,219,177
227,220,175
223,211,176
221,211,171
221,210,172
226,214,178
222,210,174
225,219,181
228,218,180
220,212,175
220,210,172
222,212,171
228,219,181
220,210,173
225,218,181
226,216,174
221,215,177
226,217,181
221,214,177
223,215,171
222,210,173
223,216,171
225,213,178
227,218,175
224,214,172
225,215,180
227,216,176
229,222,180
219,212,172
225,213,174
229,221,180
223,214,171
227,220,182
223,214,179
219,211,172
222,210,175
224,212,173
229,222,179
225,217,181
219,212,173
228,221,182
228,218,177
221,213,177
229,222,181
229,221,179
227,216,180
219,212,171
220,210,171
221,214,170
226,214,175
227,215,178
221,213,170
221,211,176
224,215,180
220,210,174
220,213,170
222,213,178
227,217,181
224,211,175
227,217,175
221,210,175
228,217,179
225,214,173
229,221,181
226,215,180
220,212,170
219,211,171
227,215,177
220,211,175
228,217,178
225,212,176
227,219,182
229,220,180
219,211,173
228,220,182
222,210,172
226,215,174
223,213,171
229,220,179
224,211,176
221,210,171
226,214,179
222,211,171
221,212,170
228,218,181
228,220,176
224,213,172
228,221,176
225,212,175
223,210,174
223,212,178
224,211,174
219,210,172
223,211,172
223,211,177
220,211,170
224,212,178
227,215,179
226,220,182
221,209,173
224,213,179
225,212,177
223,210,175
226,219,182
220,214,176
228,217,180
226,216,181
220,209,172
229,220,181
220,213,176
219,210,171
228,219,176
229,222,178
229,221,178
222,214,170
225,216,181
220,209,173
222,215,170
226,213,177
219,212,174
221,212,177
222,211,177
221,209,172
229,222,182
225,217,172
227,215,176
228,217,177
219,210,173
226,218,173
226,213,176
228,219,182
221,209,174
219,212,170
223,210,173
223,217,180
227,216,175
227,218,182
229,219,180
222,210,176
225,213,179
222,213,170
221,211,170
229,220,178
226,218,182
219,211,170
229,219,179
229,221,182
225,216,172
223,216,180
220,212,176
226,217,173
222,216,179
223,213,179
220,209,171
225,214,180
219,211,174
223,212,171
222,215,179
224,211,177
228,218,176
220,210,170
225,213,173
224,216,171
225,212,174
226,213,178
222,209,174
224,218,181
222,209,173
223,210,176
220,210,175
224,214,180
222,212,178
224,217,181
227,219,174
219,209,172
224,211,173
226,214,174
219,210,170
224,215,171
220,209,174
229,219,181
227,216,181
219,209,171
228,216,178
225,215,172
228,216,179
224,212,172
222,212,170
225,212,178
223,215,180
226,213,175
226,216,173
221,210,176
222,210,171
227,218,174
227,215,180
229,220,182
229,219,178
221,209,171
221,215,178
228,217,181
222,214,179
228,221,183
221,214,178
227,214,177
228,222,183
227,214,178
226,217,182
222,209,175
224,216,181
222,209,172
219,210,174
221,209,175
226,214,180
219,209,173
228,218,182
221,210,170
220,211,176
224,214,171
229,221,177
225,215,181
229,222,177
221,211,177
225,219,182
223,210,172
229,218,179
230,223,181
220,213,169
218,211,171
228,217,176
229,218,180
228,216,177
220,212,169
227,215,175
227,217,174
227,217,182
227,221,183
225,218,182
228,220,183
228,216,180
227,220,183
226,215,181
220,208,172
223,215,170
224,210,175
230,222,181
230,223,180
229,222,183
218,211,172
219,213,175
220,209,170
219,212,175
219,209,170
229,220,177
230,222,180
225,211,176
218,210,171
221,213,178
223,211,171
225,214,172
226,213,179
226,215,173
227,214,176
228,220,175
223,211,178
223,214,170
225,211,175
222,211,170
220,208,173
220,211,169
224,210,174
227,214,179
221,208,173
221,213,169
219,212,169
221,214,169
230,223,182
224,212,179
229,221,183
218,210,172
219,211,169
223,214,180
218,211,170
223,209,174
220,208,171
221,208,172
229,219,182
224,210,176
229,218,178
228,219,175
227,219,183
230,221,181
230,221,180
230,222,182
225,217,182
222,213,179
223,210,177
229,218,181
219,211,175
224,211,178
225,212,173
221,212,169
218,210,170
219,208,172
222,210,177
219,208,171
220,214,177
224,213,171
223,212,179
225,211,177
223,209,175
229,219,177
220,213,177
226,212,176
224,215,181
220,209,175
230,223,179
226,212,177
230,222,179
227,216,174
