194,167,194
195,168,195
193,166,193
194,166,194
194,168,194
195,167,195
193,167,193
194,167,193
193,167,194
195,169,195
193,165,193
195,168,194
194,168,195
193,166,192
192,166,193
193,166,194
194,166,193
196,169,196
192,165,192
193,168,194
194,168,193
194,167,195
195,167,194
196,168,196
192,166,192
192,167,193
193,167,192
192,165,193
193,165,192
194,169,195
195,169,194
196,169,195
195,169,196
192,165,191
191,165,192
196,170,196
192,164,192
194,165,194
194,169,194
195,166,195
193,168,193
196,168,195
195,168,196
191,166,192
192,166,191
195,170,195
193,164,193
196,167,196
194,165,193
193,165,194
195,166,194
194,166,195
191,164,192
192,164,191
192,167,192
197,170,197
191,164,191
196,170,195
195,170,196
197,169,197
191,165,191
194,169,193
193,169,194
192,167,194
194,167,192
193,168,192
192,168,193
192,166,194
194,166,192
193,168,195
195,168,193
191,166,193
193,166,191
193,164,192
192,164,193
195,167,196
196,167,195
193,167,195
195,167,193
195,170,194
194,170,195
197,170,196
196,170,197
191,164,190
190,164,191
196,169,197
197,169,196
192,167,191
191,167,192
190,165,191
191,165,190
197,171,197
192,168,194
194,168,192
191,165,193
193,165,191
191,163,191
196,171,196
191,167,193
193,167,191
192,163,192
197,168,197
191,166,191
193,169,195
195,169,193
194,169,196
196,169,194
190,165,192
192,165,190
196,168,194
194,168,196
190,163,191
191,163,190
195,165,195
196,171,197
197,171,196
193,169,193
192,163,191
191,163,192
197,168,196
196,168,197
192,165,194
194,165,192
193,166,195
195,166,193
194,164,194
194,170,194
190,166,192
192,166,190
195,171,196
196,171,195
190,164,192
192,164,190
198,170,198
191,166,190
190,166,191
190,164,190
198,171,198
196,166,196
190,163,190
194,165,195
195,165,194
192,168,192
196,170,194
194,170,196
193,164,194
194,164,193
191,164,193
193,164,191
194,167,196
196,167,194
195,171,195
193,163,193
192,169,193
193,169,192
194,169,192
192,169,194
196,166,195
195,166,196
193,168,191
191,168,193
197,170,198
198,170,197
193,170,194
194,170,193
197,169,195
195,169,197
197,172,197
198,171,197
197,171,198
189,164,190
190,164,189
190,163,189
189,163,190
195,170,197
197,170,195
189,164,191
191,164,189
191,162,191
198,169,198
190,165,190
198,172,198
197,167,197
191,168,192
192,168,191
192,163,193
193,163,192
189,165,191
191,165,189
190,162,190
195,170,193
193,170,195
192,167,190
190,167,192
191,167,191
194,171,195
195,171,194
191,162,190
190,162,191
198,169,197
197,169,198
197,172,196
196,172,197
192,163,190
190,163,192
195,168,197
197,168,195
189,163,191
191,163,189
196,167,197
197,167,196
196,172,196
194,167,191
191,167,194
191,166,194
194,166,191
190,165,189
189,165,190
189,162,190
190,162,189
197,172,198
198,172,197
192,162,192
192,167,195
195,167,192
193,165,195
195,165,193
197,171,195
195,171,197
195,168,192
192,168,195
193,166,190
190,166,193
192,164,194
194,164,192
190,165,193
193,165,190
190,167,191
191,167,190
196,171,194
194,171,196
196,166,194
194,166,196
191,162,192
192,162,191
191,166,189
189,166,191
199,171,199
189,163,189
196,172,195
195,172,196
196,170,198
198,170,196
196,168,193
193,168,196
191,168,194
194,168,191
199,172,199
189,162,189
198,168,198
191,163,193
193,163,191
191,165,194
194,165,191
192,166,195
195,166,192
190,167,193
193,167,190
196,171,198
198,171,196
193,169,196
196,169,193
192,165,189
189,165,192
188,163,190
190,163,188
195,164,195
190,166,190
198,173,198
193,170,193
188,164,190
190,164,188
192,169,195
195,169,192
196,165,196
198,171,199
199,171,198
189,164,192
192,164,189
194,171,194
194,163,194
190,161,190
199,170,199
191,169,193
193,169,191
188,163,189
189,163,188
197,168,198
198,168,197
191,162,189
189,162,191
198,169,196
196,169,198
192,170,194
194,170,192
189,164,189
197,167,195
195,167,197
199,172,198
198,172,199
190,164,193
193,164,190
196,167,193
193,167,196
189,162,188
188,162,189
195,164,194
194,164,195
192,169,192
197,173,197
189,166,192
192,166,189
196,165,195
195,165,196
194,163,193
193,163,194
188,162,190
190,162,188
190,168,192
192,168,190
199,173,199
198,173,197
197,173,198
191,161,191
189,166,190
190,166,189
190,161,189
189,161,190
199,170,198
198,170,199
189,161,189
195,172,195
197,169,194
194,169,197
197,172,195
195,172,197
193,171,195
195,171,193
193,170,192
192,170,193
197,166,197
196,172,198
198,172,196
196,170,193
193,170,196
193,162,193
190,162,192
192,162,190
189,164,188
188,164,189
194,171,193
193,171,194
190,165,188
188,165,190
194,170,197
197,170,194
191,164,188
188,164,191
196,173,197
197,173,196
190,161,191
191,161,190
192,169,191
191,169,192
191,168,191
197,166,196
196,166,197
198,173,199
199,173,198
189,163,192
192,163,189
197,168,194
194,168,197
188,161,189
189,161,188
193,162,192
192,162,193
191,169,194
194,169,191
190,168,193
193,168,190
192,165,195
195,165,192
188,163,191
191,163,188
189,167,191
191,167,189
191,164,194
194,164,191
188,165,191
191,165,188
195,172,194
194,172,195
199,169,199
196,168,198
198,168,196
195,164,193
193,164,195
197,171,199
199,171,197
196,166,193
193,166,196
189,165,189
196,172,194
194,172,196
192,170,195
195,170,192
196,165,194
194,165,196
196,173,196
194,163,192
192,163,194
189,167,192
192,167,189
191,168,190
190,168,191
198,167,198
197,172,199
199,172,197
198,169,199
199,169,198
187,162,189
189,162,187
189,163,187
187,163,189
200,172,200
188,162,188
190,163,193
193,163,190
192,161,192
190,161,188
188,161,190
199,170,197
197,170,199
197,171,194
194,171,197
199,174,199
198,174,198
198,170,195
195,170,198
200,173,200
188,161,188
190,167,190
198,167,197
197,167,198
188,165,189
189,165,188
189,161,191
191,161,189
197,166,195
195,166,197
192,161,191
191,161,192
200,171,200
189,160,189
197,167,194
194,167,197
199,172,200
200,172,199
196,173,195
195,173,196
198,173,196
196,173,198
193,162,191
191,162,193
188,163,188
190,166,194
194,166,190
188,162,187
187,162,188
188,162,191
191,162,188
198,169,195
195,169,198
190,160,190
196,171,193
193,171,196
195,171,198
198,171,195
187,163,190
190,163,187
191,167,195
195,167,191
188,166,190
190,166,188
189,161,187
187,161,189
188,166,191
191,166,188
200,173,199
199,173,200
194,167,190
190,167,194
189,164,187
187,164,189
188,161,187
187,161,188
199,174,198
198,174,199
197,174,198
198,174,197
189,165,193
193,165,189
200,171,199
199,171,200
189,160,188
188,160,189
190,164,187
187,164,190
197,173,199
199,173,197
195,168,191
191,168,195
193,166,189
189,166,193
191,170,193
193,170,191
190,167,189
189,167,190
189,160,190
190,160,189
189,162,192
192,162,189
190,162,187
187,162,190
197,173,195
195,173,197
194,165,190
190,165,194
195,166,191
191,166,195
192,171,194
194,171,192
187,163,188
188,163,187
195,163,195
200,174,200
197,174,197
196,164,196
196,168,192
192,168,196
197,169,199
199,169,197
190,169,192
192,169,190
188,160,188
193,171,193
199,168,199
195,163,194
194,163,195
198,167,196
196,167,198
194,162,194
194,172,194
192,170,192
193,164,189
189,164,193
192,167,196
196,167,192
195,164,192
192,164,195
196,164,195
195,164,196
193,169,190
190,169,193
200,170,200
188,164,192
192,164,188
194,170,191
191,170,194
196,169,192
192,169,196
192,165,188
188,165,192
191,160,191
192,161,190
190,161,192
193,172,195
195,172,193
198,168,195
195,168,198
198,172,195
195,172,198
199,174,200
200,174,199
197,165,197
196,165,193
193,165,196
190,168,194
194,168,190
