171,149,62
171,148,62
171,150,62
171,147,62
171,151,62
172,150,62
170,148,62
171,146,62
171,152,62
172,149,62
170,149,62
172,151,62
170,147,62
172,148,62
170,150,62
172,150,63
170,148,61
172,152,62
172,151,63
172,149,63
170,146,62
170,147,61
170,149,61
171,149,61
171,149,63
171,148,61
171,150,63
171,145,62
171,153,62
171,150,61
171,148,63
172,147,62
172,152,63
172,148,63
170,151,62
170,146,61
170,150,61
171,147,61
171,151,63
172,153,62
170,145,62
171,151,61
171,147,63
172,153,63
172,147,63
170,145,61
170,151,61
171,146,61
171,152,63
172,146,62
170,152,62
171,152,61
171,144,62
171,154,62
171,146,63
172,154,62
170,144,62
173,151,63
169,147,61
173,150,63
169,148,61
172,154,63
172,146,63
170,144,61
170,152,61
171,145,61
173,152,63
169,146,61
171,153,63
173,149,63
169,149,61
172,145,62
171,153,61
170,153,62
173,153,63
169,145,61
171,145,63
172,150,61
172,149,61
173,151,62
173,150,62
170,148,63
169,147,62
170,149,63
169,148,62
172,155,62
173,148,63
172,151,61
169,150,61
173,152,62
172,148,61
171,143,62
171,155,62
170,143,62
170,147,63
169,146,62
173,149,62
170,150,63
169,149,62
171,144,61
172,155,63
172,145,63
173,154,63
170,143,61
170,153,61
169,144,61
171,154,63
172,152,61
173,153,62
172,147,61
170,146,63
169,145,62
173,148,62
170,151,63
169,150,62
171,154,61
172,144,62
173,147,63
169,151,61
171,144,63
170,154,62
172,153,61
173,155,63
173,154,62
172,150,64
169,143,61
172,146,61
172,151,64
170,145,63
169,144,62
172,156,62
173,147,62
170,148,60
172,149,64
170,147,60
170,152,63
169,151,62
171,143,61
170,149,60
170,142,62
172,156,63
172,144,63
170,142,61
170,154,61
172,152,64
171,155,63
171,142,62
171,156,62
170,146,60
173,151,64
173,146,63
172,148,64
173,152,64
173,150,64
169,147,60
169,152,61
170,150,60
169,146,60
169,148,60
172,154,61
171,155,61
173,155,62
172,153,64
173,153,64
173,149,64
172,145,61
171,143,63
172,143,62
170,145,60
173,156,63
170,144,63
173,146,62
169,143,62
169,145,60
169,149,60
169,142,61
170,155,62
172,147,64
170,153,63
169,152,62
170,151,60
173,154,64
173,148,64
171,149,60
171,149,64
171,148,60
171,150,64
172,157,62
174,152,63
168,146,61
169,144,60
169,150,60
174,151,63
168,147,61
171,142,61
172,154,64
173,145,63
171,150,60
170,144,60
171,148,64
171,147,60
171,151,64
174,153,63
170,141,62
168,145,61
172,157,63
172,143,63
172,155,61
170,155,61
170,141,61
169,153,61
171,156,63
174,150,63
168,148,61
173,156,62
172,146,64
170,152,60
172,144,61
171,141,62
173,145,62
171,151,60
170,143,63
169,142,62
171,147,64
174,154,63
171,146,60
173,157,63
168,144,61
171,152,64
173,155,64
173,147,64
171,156,61
174,149,63
168,149,61
170,154,63
169,141,61
169,143,60
169,151,60
169,153,62
171,142,63
172,142,62
172,155,64
170,143,60
173,150,61
173,151,61
171,152,60
174,155,63
171,146,64
173,149,61
171,145,60
174,152,64
169,148,63
169,147,63
173,152,61
168,143,61
174,151,64
174,148,63
168,146,60
171,153,64
174,153,64
168,147,60
168,150,61
173,144,63
170,153,60
172,145,64
169,149,63
172,156,61
168,145,60
173,157,62
169,146,63
174,150,64
173,148,61
171,141,61
169,154,61
173,156,64
173,146,64
168,148,60
173,153,61
172,143,61
169,142,60
169,152,60
174,154,64
173,144,62
174,151,62
174,152,62
172,142,63
170,140,61
170,142,63
169,141,62
168,144,60
169,150,63
170,140,62
171,153,60
168,147,62
168,146,62
174,150,62
174,156,63
169,145,63
173,158,63
174,153,62
171,145,64
174,149,64
171,144,60
168,148,62
170,155,63
170,142,60
169,154,62
168,142,61
172,156,64
174,147,63
173,147,61
168,149,60
168,145,62
169,140,61
171,154,64
171,140,62
174,155,64
173,154,61
168,151,61
174,149,62
168,143,60
174,154,62
169,151,63
171,141,63
168,149,62
170,154,60
168,144,62
172,141,62
172,144,64
169,144,63
174,148,64
173,157,64
173,145,64
172,157,61
168,150,60
169,141,60
169,153,60
171,154,60
173,158,62
174,148,62
173,143,63
173,146,61
172,149,60
174,157,63
172,150,60
174,155,62
174,156,64
171,143,60
171,144,64
173,155,61
172,142,61
172,148,60
168,150,62
170,149,64
173,143,62
174,146,63
170,148,64
168,141,61
172,151,60
168,142,60
171,140,61
168,143,62
170,141,63
171,155,64
169,140,62
170,150,64
169,152,63
170,141,60
168,152,61
170,147,64
172,157,64
172,147,60
169,143,63
172,141,63
174,147,64
170,139,61
172,152,60
174,147,62
170,139,62
170,151,64
168,151,60
169,139,61
174,156,62
170,146,64
173,145,61
170,155,60
174,157,64
168,151,62
171,155,60
172,143,64
172,146,60
173,158,64
173,144,64
173,156,61
174,158,63
168,141,60
168,142,62
172,153,60
169,140,60
169,154,60
171,139,62
173,151,65
171,142,60
171,140,63
173,152,65
171,143,64
174,145,63
170,152,64
169,153,63
173,150,65
168,140,61
172,140,62
170,145,64
173,142,63
174,146,62
173,153,65
171,156,64
169,147,59
174,146,64
169,142,63
169,146,59
168,153,61
172,141,61
173,142,62
173,149,65
169,148,59
172,145,60
174,157,62
170,140,60
168,152,60
169,145,59
172,150,65
170,140,63
172,154,60
169,139,62
172,151,65
173,144,61
168,152,62
175,152,63
173,154,65
175,153,63
167,146,61
169,149,59
174,158,64
167,145,61
171,139,61
172,149,65
170,153,64
175,153,64
170,148,59
172,152,65
175,152,64
170,147,59
175,151,63
167,145,60
173,157,61
167,146,60
168,141,62
167,147,61
175,154,63
173,148,65
174,152,65
168,140,60
167,144,61
175,154,64
171,156,60
170,149,59
169,144,59
170,144,64
174,153,65
174,151,65
175,151,64
167,144,60
170,146,59
174,159,63
172,140,63
167,147,60
170,138,61
172,148,65
175,150,63
173,143,64
169,138,61
172,142,64
169,150,59
169,154,63
172,153,65
171,141,60
167,148,61
175,155,63
170,138,62
168,146,59
174,145,62
169,139,60
172,144,60
174,154,65
174,150,65
174,144,63
173,155,65
175,155,64
170,150,59
171,142,64
167,143,61
168,147,59
168,145,59
167,143,60
175,150,64
170,145,59
168,139,61
174,145,64
167,148,60
169,141,63
172,155,60
174,158,62
169,143,59
173,147,65
168,144,59
168,148,59
168,153,60
175,149,63
172,147,65
174,155,65
174,149,65
170,154,64
168,153,62
175,156,63
167,149,61
172,154,65
173,143,61
175,156,64
171,139,63
170,151,59
174,151,61
171,138,62
169,151,59
174,152,61
173,141,63
174,159,64
167,142,60
175,149,64
170,144,59
174,150,61
167,142,61
172,140,61
170,139,60
170,143,64
173,141,62
172,139,62
168,140,62
167,149,60
168,143,59
168,149,59
173,158,61
173,156,65
174,153,61
168,139,60
174,149,61
168,147,63
170,139,63
169,138,62
168,146,63
172,143,60
175,148,63
169,142,59
168,148,63
174,148,65
174,156,65
172,146,65
174,144,62
173,146,65
174,154,61
175,157,64
175,157,63
170,152,59
172,156,60
168,145,63
167,150,61
172,155,65
171,138,61
171,140,60
175,148,64
170,143,59
167,141,60
174,148,61
169,152,59
168,149,63
173,142,64
174,143,63
168,142,59
168,150,59
174,144,64
174,159,62
167,141,61
172,141,64
169,138,60
171,148,59
171,141,64
167,150,60
171,150,65
171,149,59
171,149,65
