163,157,185
164,158,186
162,156,184
162,156,185
164,158,185
162,157,185
164,157,185
163,157,186
163,157,184
163,156,185
163,158,186
165,158,186
161,156,184
163,156,184
163,158,185
165,159,186
161,155,184
164,157,186
162,157,184
165,159,187
161,155,183
162,155,184
164,158,187
164,159,186
162,156,183
161,156,185
162,157,186
165,158,185
164,157,184
165,158,187
161,156,183
164,159,187
166,159,187
160,155,183
162,155,183
160,155,184
166,159,186
166,160,187
160,154,183
162,156,186
161,155,185
164,158,184
163,158,187
163,156,186
165,159,185
162,155,185
163,158,184
164,159,185
163,156,183
161,154,183
165,160,187
164,156,185
165,157,186
161,157,185
165,157,185
166,160,188
160,154,182
165,159,188
161,155,182
163,157,187
162,158,185
164,157,187
163,157,183
166,160,186
160,154,184
162,158,186
166,158,186
160,156,184
164,156,184
161,157,184
163,155,184
159,154,183
162,157,183
161,154,184
165,160,186
167,160,187
166,159,188
160,155,182
163,159,186
161,156,186
165,160,188
167,160,188
160,155,185
159,154,182
161,154,182
166,158,187
164,156,186
160,156,185
163,155,185
164,159,188
160,156,183
161,157,186
167,161,188
165,158,184
166,159,185
162,155,182
159,153,182
163,159,187
167,159,187
159,155,183
163,155,183
162,157,187
164,158,188
159,154,184
166,158,185
165,158,188
159,155,184
162,154,183
162,158,184
162,156,182
163,159,185
165,157,187
167,161,187
166,161,188
160,153,182
165,157,184
161,156,182
159,153,183
166,161,187
162,154,184
160,153,183
164,157,183
164,160,187
167,160,186
162,158,187
167,159,186
161,157,183
164,160,186
158,153,182
166,160,189
167,159,188
160,154,181
162,155,186
168,161,188
167,161,189
159,153,181
164,159,184
161,155,186
164,156,183
161,154,185
165,160,185
159,155,182
163,158,188
167,160,189
163,156,187
165,159,184
158,154,183
159,154,181
160,154,185
166,160,185
162,156,187
166,158,188
158,153,183
163,158,183
165,156,185
164,160,188
168,160,188
158,154,182
162,154,182
166,161,189
168,161,189
166,157,186
158,153,181
160,153,181
163,156,182
161,153,183
160,156,186
168,160,187
168,161,187
164,158,183
159,155,185
165,160,189
163,155,186
165,159,189
161,154,181
161,153,182
166,161,186
163,159,188
166,159,189
164,155,184
160,156,182
160,153,184
161,155,181
165,161,187
162,154,185
168,162,188
165,156,186
160,155,181
160,157,185
166,157,185
165,161,188
168,162,189
159,153,184
167,161,186
164,155,185
167,162,188
164,156,187
161,158,185
164,157,188
158,152,182
161,157,187
158,152,181
160,155,186
159,152,182
167,158,187
160,157,184
163,157,188
158,154,184
163,155,182
161,158,186
167,158,186
159,156,184
165,156,184
163,159,184
162,157,182
159,154,185
167,162,189
164,160,185
159,152,181
161,156,187
166,157,187
162,159,186
163,157,182
168,160,189
163,154,184
166,158,184
167,159,185
162,158,183
161,153,184
164,159,189
157,153,182
163,154,183
159,156,185
159,156,183
158,154,181
157,152,181
169,162,189
166,159,184
165,157,188
167,159,189
160,157,186
167,162,187
167,160,185
162,159,187
168,159,187
158,155,183
164,155,183
157,152,182
165,161,186
169,161,188
158,153,184
167,161,190
161,158,184
159,153,180
162,158,188
162,159,185
162,155,181
165,157,183
159,152,183
168,160,186
168,162,187
169,162,188
158,155,184
160,152,182
165,161,189
169,161,189
165,158,183
157,153,181
161,153,181
158,152,183
162,157,188
168,162,190
157,153,183
158,152,180
168,159,188
163,160,187
168,161,190
159,155,181
158,153,180
167,158,188
165,158,189
166,162,188
164,155,186
164,160,189
161,157,182
161,158,187
164,158,189
160,157,183
163,160,186
168,161,186
167,158,185
163,154,185
162,153,183
161,156,181
160,152,181
165,156,187
166,157,184
166,160,190
166,161,190
167,162,190
169,162,190
167,160,190
157,152,180
159,152,180
162,154,181
162,156,181
166,162,189
160,154,180
160,152,183
160,153,180
158,155,182
169,163,189
161,154,186
159,154,180
168,159,186
168,163,189
159,155,186
164,156,182
162,155,187
157,154,183
165,160,184
164,157,182
166,162,187
169,161,187
162,153,182
157,151,181
166,158,189
163,160,188
169,160,188
158,151,181
160,154,186
157,154,182
163,154,182
158,154,185
157,152,183
160,153,185
166,161,185
162,153,184
165,156,183
164,159,183
160,156,187
169,163,190
161,155,187
159,156,186
162,154,186
158,155,185
157,151,180
168,163,188
159,156,182
166,157,188
163,159,189
163,158,189
164,161,187
156,152,181
159,153,185
163,155,187
162,159,188
166,160,184
165,160,190
169,161,190
169,162,187
168,163,190
164,161,188
169,163,188
163,156,188
158,151,180
162,159,184
156,152,182
158,151,182
166,156,185
167,161,185
161,153,185
160,156,181
168,160,190
169,160,187
168,159,189
170,162,189
165,159,183
160,157,187
169,160,189
157,153,180
166,156,186
167,157,186
163,160,185
157,151,182
165,155,185
157,153,184
162,156,188
167,162,186
157,154,184
164,160,184
161,154,180
156,151,181
163,158,182
170,163,189
161,157,188
161,152,182
159,152,184
161,158,183
170,163,190
166,159,190
165,155,184
156,151,180
159,151,181
164,156,188
165,161,185
163,159,183
158,154,180
165,159,190
159,154,186
167,163,189
167,157,187
163,156,181
164,155,182
166,162,190
170,162,190
156,153,182
156,152,180
160,152,180
158,152,184
160,155,180
164,154,184
160,155,187
157,154,181
163,155,181
161,152,183
165,161,190
168,158,187
168,162,186
164,161,186
170,162,188
159,151,182
164,158,182
168,162,191
158,152,179
167,163,188
161,155,180
160,152,184
158,153,185
167,159,184
159,157,185
167,157,185
167,158,189
163,154,186
161,158,188
164,157,189
161,153,180
168,160,185
169,162,191
164,161,189
170,161,189
160,158,185
165,155,186
156,153,181
162,153,181
169,163,191
166,162,186
156,151,182
164,155,187
167,159,190
158,155,181
157,152,179
157,151,179
165,162,188
162,158,182
160,157,182
161,152,181
156,153,183
159,157,184
160,158,186
168,158,186
158,156,184
166,156,184
159,151,180
164,154,183
161,156,188
163,157,189
164,154,185
166,158,183
167,163,190
163,160,189
170,161,188
168,163,187
167,161,191
162,153,185
166,156,187
170,163,188
168,161,191
159,153,179
162,157,181
167,158,184
168,158,188
161,159,186
168,159,185
164,159,190
170,164,190
167,162,191
165,157,189
158,153,179
169,164,190
162,158,189
164,160,190
159,152,179
168,163,191
170,163,191
169,161,186
163,153,183
165,162,189
156,151,179
158,151,179
158,151,183
169,164,189
158,156,185
157,152,184
165,156,188
167,160,184
169,159,188
165,162,187
159,155,180
158,156,183
159,157,186
156,150,180
169,163,187
170,164,189
157,150,180
166,157,183
161,159,187
169,159,187
157,155,183
165,155,183
169,160,190
169,160,186
163,157,181
158,155,186
168,161,185
157,151,183
163,153,184
155,151,181
166,159,183
160,158,184
161,159,185
157,155,184
155,151,180
170,161,190
163,154,181
165,157,182
157,150,181
157,154,185
167,157,188
161,152,184
166,161,191
159,151,183
159,156,187
167,163,187
156,150,181
170,164,191
162,160,187
171,163,190
160,151,181
160,151,182
170,162,191
162,155,180
161,157,181
160,158,187
162,157,189
169,161,191
162,159,189
155,152,181
159,156,181
156,150,179
159,157,183
162,160,186
163,160,184
162,154,180
160,153,179
156,152,179
163,153,182
165,158,190
169,164,191
167,160,191
171,163,189
171,164,190
169,162,186
156,153,180
155,150,180
155,152,182
170,162,187
165,158,182
168,159,190
166,160,191
157,150,179
164,161,185
162,159,183
168,164,189
156,153,184
157,153,179
161,154,187
166,157,189
157,155,182
165,156,182
