74,131,128
74,131,127
74,131,129
75,132,129
73,130,127
74,132,129
74,131,130
74,131,126
74,130,127
75,132,130
75,132,128
73,130,126
73,130,128
74,132,128
74,130,128
74,132,130
74,130,126
73,131,128
75,131,128
75,132,131
75,132,127
73,130,129
73,130,125
75,133,130
73,129,126
74,132,127
73,131,127
75,131,129
73,131,129
74,130,129
75,131,127
74,132,131
75,133,129
73,129,127
74,130,125
75,133,131
73,129,125
74,131,131
74,131,125
73,131,126
75,131,130
73,131,130
75,133,128
75,131,126
73,129,128
75,133,132
73,129,124
75,132,132
75,132,126
73,130,130
73,130,124
76,133,130
74,132,126
72,129,126
74,132,132
74,130,130
76,133,131
76,133,129
72,129,127
72,129,125
74,130,124
73,131,125
76,132,129
74,133,130
75,133,127
75,131,131
73,131,131
74,130,131
74,131,124
72,130,127
74,129,126
76,133,132
76,133,128
75,133,133
73,129,129
74,133,129
75,131,125
72,129,128
72,129,124
76,132,130
76,132,128
74,133,131
76,134,131
72,128,125
72,130,126
73,129,123
74,129,127
72,130,128
74,129,125
76,134,130
72,128,126
76,134,132
72,128,124
73,132,129
75,130,127
73,132,128
74,133,128
74,132,125
75,131,132
75,132,125
73,129,130
73,130,123
75,134,131
73,132,130
76,132,131
75,130,128
73,128,125
72,130,125
74,133,132
74,131,132
76,132,127
74,129,128
75,130,126
75,134,130
72,130,129
74,129,130
76,134,129
75,134,132
73,128,126
72,128,127
76,134,133
74,129,124
73,128,124
74,130,123
76,133,133
76,133,127
72,128,123
72,129,129
72,129,123
73,132,127
73,131,124
75,133,126
73,132,131
75,130,129
73,130,131
75,134,129
75,130,131
75,132,133
74,133,127
73,128,129
75,134,133
73,128,127
75,130,125
75,131,124
73,129,122
73,128,123
72,130,124
76,132,132
74,133,133
74,129,131
74,131,123
72,130,130
74,129,129
76,134,128
76,132,126
76,134,134
72,128,128
73,132,126
72,128,122
74,129,123
75,134,128
73,132,132
72,131,128
76,131,128
77,134,131
74,132,124
75,130,130
72,131,127
75,130,132
75,132,124
73,130,122
73,128,130
76,131,129
76,132,133
76,133,126
77,134,132
77,134,130
75,134,134
71,128,125
72,131,129
72,128,129
72,129,122
76,131,127
74,130,132
73,128,128
75,130,124
76,135,132
72,127,124
71,128,126
71,128,124
74,128,130
74,133,126
76,135,131
73,128,122
72,127,125
77,133,130
76,135,133
73,131,123
74,130,122
72,127,123
72,131,126
75,133,125
72,130,123
76,131,130
77,133,131
77,134,133
77,134,129
74,132,133
72,131,130
77,133,129
73,129,131
76,131,132
71,129,126
76,134,127
72,129,130
75,131,133
76,131,126
75,129,131
77,135,132
71,128,127
71,128,123
73,132,125
74,128,129
76,135,130
76,132,125
71,129,125
76,133,134
73,127,129
71,127,124
71,129,127
72,127,128
72,127,126
77,135,131
75,131,123
76,135,134
77,135,133
75,134,127
71,127,125
73,129,121
72,128,121
71,127,123
73,131,132
72,127,122
77,133,132
74,129,122
77,133,128
74,134,131
75,129,130
75,133,134
72,131,125
71,129,124
74,134,130
71,129,128
73,127,128
77,135,130
74,128,131
74,131,122
74,134,132
76,131,131
72,131,131
77,134,134
77,134,128
77,135,134
71,127,126
74,128,125
75,130,123
76,135,129
71,127,122
76,131,133
76,133,125
73,133,130
71,128,128
71,128,122
74,128,126
72,127,129
72,129,121
76,131,125
73,128,121
73,133,129
74,134,129
74,133,125
74,132,123
74,128,124
76,135,135
72,127,127
73,133,131
75,135,132
75,132,123
75,129,132
74,134,133
75,129,126
73,127,130
73,130,121
74,129,132
77,133,133
75,135,131
72,127,121
72,130,122
75,129,127
74,131,133
77,133,127
71,129,123
75,135,133
73,133,128
73,127,124
76,134,126
74,128,127
75,129,125
73,132,124
74,127,130
77,135,129
72,128,130
71,129,129
73,131,122
76,130,132
73,127,125
77,135,135
73,133,132
72,131,124
76,132,134
75,133,124
77,132,129
75,134,126
71,127,127
73,127,123
74,128,123
74,127,129
74,130,121
75,135,130
76,132,124
74,134,128
73,128,131
72,126,128
71,127,121
77,132,130
73,130,132
75,130,133
71,130,127
75,129,128
77,132,128
72,130,131
75,135,134
77,133,134
77,134,127
72,128,120
76,135,128
75,128,131
76,130,131
71,130,126
75,132,134
74,134,134
73,126,129
71,130,128
73,127,126
74,129,121
75,129,124
71,127,128
71,128,121
73,133,127
75,128,130
75,131,122
76,134,135
77,136,133
71,126,123
73,129,120
76,131,124
73,126,128
77,132,131
73,127,122
72,126,127
74,128,128
77,136,132
72,132,129
71,126,124
73,133,133
71,130,125
75,135,129
77,136,134
77,132,127
77,132,133
71,126,122
72,132,128
75,130,122
71,129,122
71,130,129
72,132,130
77,133,126
77,135,128
76,130,127
72,127,120
73,128,120
71,128,129
74,128,122
75,135,135
74,133,124
75,129,129
76,130,128
77,134,135
76,133,124
76,130,133
74,134,127
78,135,132
77,136,131
72,126,129
72,129,120
76,130,126
71,126,127
74,127,131
74,131,121
72,132,127
71,126,125
78,135,133
78,135,131
73,127,127
76,136,133
77,136,135
72,131,123
71,127,120
76,136,132
71,126,121
72,126,123
72,132,131
75,129,123
72,130,121
74,130,133
76,136,134
74,133,134
73,133,126
74,132,122
77,132,132
71,130,124
73,132,123
70,127,124
72,126,124
78,134,131
76,134,125
76,130,129
73,127,121
72,127,130
72,126,122
76,135,127
72,129,131
78,134,132
70,127,125
70,127,123
75,134,125
71,130,130
78,134,130
77,132,126
74,128,132
75,128,132
75,132,122
73,126,130
73,130,120
76,131,134
78,135,134
78,135,130
76,129,132
75,135,128
77,132,134
77,134,126
76,136,131
76,130,125
73,132,133
77,136,130
76,129,131
73,129,132
74,127,128
72,132,126
71,126,128
71,128,120
73,131,121
76,136,135
74,126,129
72,125,128
76,133,135
76,132,123
78,136,133
72,126,125
75,133,123
74,126,130
75,131,134
70,128,125
77,136,136
71,126,126
75,134,135
78,136,132
78,134,133
70,127,126
70,127,122
78,136,134
72,128,119
73,127,131
72,132,132
70,128,124
72,125,127
70,126,123
72,126,121
78,134,129
70,128,126
76,131,123
75,129,133
71,129,121
75,128,129
74,130,120
71,126,120
77,131,133
77,135,127
74,128,121
74,134,126
75,127,130
70,126,124
74,129,120
70,126,122
76,130,130
71,127,129
76,136,130
73,126,127
77,133,125
75,127,131
73,125,128
77,133,135
71,130,123
78,135,135
78,135,129
72,127,119
73,125,129
78,136,131
78,136,135
70,128,123
77,131,132
71,125,127
70,128,127
76,136,136
75,129,122
75,131,121
73,133,125
76,130,124
71,129,130
75,130,121
73,129,119
74,132,134
72,126,126
70,126,125
71,127,119
72,132,125
77,136,129
70,126,121
73,127,120
73,128,119
72,131,122
77,132,125
70,127,127
70,127,121
78,134,134
74,133,123
75,135,127
78,134,128
77,135,136
72,126,120
73,131,133
76,129,133
76,133,123
71,131,128
77,131,128
71,125,126
72,125,129
72,129,119
72,131,132
74,135,132
76,135,126
78,133,130
71,131,127
72,128,131
74,135,131
78,136,130
77,131,129
70,128,122
78,133,131
71,131,129
76,136,129
73,132,122
72,130,120
78,136,136
74,129,133
74,126,128
74,135,133
77,131,127
75,133,135
78,133,129
70,128,128
77,134,125
77,131,134
71,126,119
76,134,124
73,134,131
75,134,124
76,129,130
74,126,131
74,131,120
