176,137,167
177,138,168
175,136,166
176,137,166
176,137,168
176,136,167
176,138,167
177,138,167
177,138,169
175,136,165
175,136,167
177,137,168
175,137,166
176,136,166
176,138,168
177,137,167
175,137,167
176,136,168
177,137,169
176,138,166
177,139,168
175,137,165
175,135,166
178,139,169
174,135,165
178,138,169
174,136,165
176,137,165
176,137,169
175,135,165
177,139,169
178,138,168
174,136,166
178,139,168
178,139,170
174,135,164
174,135,166
176,136,165
177,137,166
177,138,166
177,138,170
175,136,164
175,136,168
175,135,167
177,139,167
176,138,169
175,137,168
178,138,170
174,136,164
175,135,164
176,136,169
177,136,168
177,137,170
177,136,167
175,138,166
177,139,170
175,138,167
178,138,167
176,138,165
178,140,169
175,137,164
174,134,165
174,136,167
176,135,167
176,139,167
176,135,166
176,139,168
178,140,170
174,134,164
178,139,167
178,139,171
174,135,167
174,135,163
178,137,169
178,137,168
179,139,170
173,135,164
174,137,165
174,137,166
175,135,168
177,136,169
179,139,169
179,140,170
173,134,164
173,135,165
177,136,166
178,140,168
174,134,166
178,138,171
177,139,166
175,138,165
176,137,164
176,135,168
176,136,164
175,138,168
174,136,163
177,137,165
179,139,171
176,135,165
179,140,169
179,140,171
173,135,163
173,134,165
173,134,163
176,139,166
178,137,170
178,137,167
176,139,169
177,140,168
177,140,169
175,134,166
177,138,165
175,134,165
175,136,163
174,134,163
174,137,164
178,140,171
174,137,167
179,139,168
175,135,163
179,138,170
179,138,169
173,136,164
173,135,166
173,136,165
178,138,166
175,134,167
175,134,164
177,140,167
177,136,170
174,134,167
177,140,170
177,136,165
178,140,167
179,140,168
179,140,172
179,141,170
173,134,166
173,134,162
179,139,172
176,135,169
179,138,171
173,133,164
178,139,166
174,135,162
176,138,164
179,138,168
176,135,164
175,137,163
179,141,171
173,135,162
178,137,171
173,133,163
173,136,163
175,138,164
178,137,166
173,136,166
180,140,171
172,134,163
176,139,165
179,141,169
178,141,169
178,141,170
180,140,170
173,133,165
172,134,164
174,133,165
177,135,167
174,134,162
174,133,164
177,139,165
174,137,163
177,135,168
178,136,168
175,139,167
180,141,171
174,136,162
172,133,163
180,140,172
179,139,167
178,136,169
172,134,162
175,134,168
175,139,166
176,136,163
174,138,166
177,137,164
175,134,163
179,141,172
173,133,162
174,138,165
180,139,171
180,141,172
180,141,170
177,135,166
180,139,170
172,133,164
172,133,162
176,134,166
176,137,163
172,135,163
176,140,168
178,141,168
172,135,164
174,133,166
179,138,172
178,136,167
177,140,166
174,133,163
178,141,171
176,134,167
179,138,167
180,140,169
176,140,167
175,139,168
172,134,165
177,135,169
177,138,164
175,136,162
179,137,169
175,135,162
178,136,170
174,138,167
179,137,170
179,140,167
173,133,166
176,134,165
173,134,161
178,138,165
180,139,172
179,141,168
173,136,162
173,137,165
177,136,164
180,139,169
176,140,169
178,140,166
175,139,165
173,137,164
172,135,162
180,140,173
179,137,168
176,134,168
172,135,165
176,135,163
174,138,164
172,134,161
173,135,161
180,141,173
180,141,169
178,137,165
177,135,165
172,133,165
172,133,161
177,141,169
178,136,166
176,140,166
179,137,171
175,133,165
180,142,171
177,141,168
173,137,166
174,133,167
178,139,165
174,135,161
175,138,163
175,133,166
173,133,161
179,142,170
174,133,162
179,142,171
172,132,163
180,142,172
176,139,164
178,141,167
176,134,164
176,138,163
172,132,162
174,134,161
173,132,164
175,137,162
180,140,168
173,132,163
175,133,164
173,137,163
177,141,170
175,134,162
180,139,173
174,137,162
180,142,170
180,138,170
181,141,172
171,133,162
179,139,166
180,139,168
180,138,171
179,137,167
172,132,164
181,141,171
171,133,163
172,136,164
175,133,167
179,138,166
179,142,169
177,139,164
172,136,163
177,141,167
179,142,172
180,138,169
172,135,161
173,132,165
181,141,173
181,140,172
181,140,171
171,133,161
173,132,162
171,134,162
177,140,165
174,136,161
180,142,173
171,134,163
172,132,161
181,142,172
175,139,164
179,141,167
171,132,162
176,136,162
180,138,172
177,137,163
174,138,163
172,136,165
177,135,164
180,141,168
172,133,160
178,142,170
175,133,163
181,141,170
178,136,165
181,142,173
181,142,171
173,136,161
181,140,173
179,140,166
171,132,161
171,132,163
171,133,164
173,134,160
176,140,165
178,142,169
172,134,160
181,140,170
180,142,169
172,132,165
174,132,164
171,134,161
176,137,162
177,136,163
172,136,162
175,135,161
171,134,164
174,132,165
178,135,168
176,134,163
174,133,161
178,138,164
180,138,168
176,135,162
177,134,167
181,141,174
178,140,165
178,142,171
177,138,163
175,136,161
178,135,169
173,132,166
173,137,162
173,133,160
178,135,167
178,137,164
174,139,166
174,132,163
171,133,160
179,137,166
175,140,167
173,132,161
179,142,168
177,134,168
179,136,169
173,135,160
177,134,166
180,139,167
178,141,166
180,140,167
181,142,174
181,142,170
181,139,171
178,142,168
174,132,166
179,136,170
174,139,165
172,132,160
171,132,160
171,132,164
175,140,166
181,139,172
177,141,166
179,136,168
174,139,167
180,143,171
175,140,168
181,140,174
171,135,163
180,143,172
173,138,165
181,140,169
178,135,170
176,133,166
176,141,168
175,134,161
171,135,162
181,141,169
181,139,170
181,143,172
175,138,162
178,139,164
174,135,160
174,134,160
178,135,166
175,133,162
177,134,169
176,133,167
173,138,164
172,135,160
172,131,163
181,143,173
172,131,162
176,139,163
176,133,165
179,138,165
171,134,160
176,141,167
177,134,165
173,138,166
179,139,165
174,132,162
171,131,162
181,139,173
179,136,171
176,141,169
171,135,164
180,137,170
174,137,161
180,143,170
171,131,161
181,143,171
179,136,167
180,143,173
172,136,161
177,135,163
180,138,167
180,142,168
182,142,173
180,137,171
170,132,161
176,138,162
179,143,171
175,139,163
178,136,164
175,137,161
180,141,167
180,137,169
171,131,163
172,131,164
174,139,164
172,133,159
175,140,165
172,131,161
182,142,172
179,143,170
171,135,161
170,132,162
179,141,166
174,138,162
182,141,173
182,141,172
176,133,168
170,133,161
172,137,164
170,133,162
177,140,164
174,139,168
181,139,169
175,140,169
181,143,174
176,133,164
173,132,160
176,134,162
176,140,164
182,142,174
177,142,169
171,133,159
181,142,169
170,132,160
173,131,163
177,139,163
171,131,160
171,132,159
172,134,159
178,142,167
172,137,163
173,138,163
179,143,172
173,131,164
175,132,165
174,136,160
174,133,160
172,137,165
176,141,166
179,137,165
180,137,172
173,136,160
182,141,174
178,135,165
179,142,167
177,142,168
182,141,171
182,143,173
173,138,167
179,140,165
173,134,159
180,137,168
175,132,166
176,136,161
177,142,170
182,142,171
170,133,160
177,137,162
173,137,161
172,132,159
177,134,164
173,131,162
176,141,170
175,132,164
170,131,161
181,140,168
181,143,170
170,133,163
170,132,163
179,143,169
171,131,164
177,136,162
180,139,166
182,143,172
182,143,174
174,132,161
173,133,159
180,143,169
172,131,165
179,136,166
181,141,168
173,131,165
170,131,160
170,131,162
172,131,160
176,135,161
177,141,165
182,140,172
181,138,171
180,140,166
175,135,160
182,142,175
178,137,163
182,140,173
175,133,161
178,138,163
170,134,162
181,138,172
175,132,167
170,132,159
178,140,164
178,141,165
171,134,159
181,138,170
176,137,161
172,137,162
176,133,163
170,134,161
175,132,163
171,135,160
182,140,171
181,139,168
182,141,175
177,142,167
173,135,159
171,131,159
171,136,163
173,131,161
172,137,166
174,139,163
182,141,170
