180,75,80
180,75,85
180,75,90
185,75,80
175,75,80
185,80,85
185,75,85
175,70,75
175,75,85
180,70,75
180,80,85
185,80,90
175,70,80
180,75,95
180,70,80
185,75,90
180,80,90
175,75,90
185,80,95
175,70,85
180,70,85
180,80,95
185,75,95
180,75,100
175,75,95
185,80,100
175,70,90
190,80,85
180,70,90
170,70,75
190,80,90
180,80,100
170,70,80
185,75,100
185,70,75
190,80,95
185,70,80
190,75,80
175,80,85
185,80,105
180,70,95
170,70,85
175,70,95
180,75,105
175,75,100
190,75,85
170,75,80
185,70,85
185,85,90
175,80,90
180,80,105
190,80,100
170,75,85
190,75,90
185,75,105
185,85,95
175,65,70
190,85,90
170,70,90
185,70,90
175,65,75
175,80,95
190,85,95
180,70,100
170,75,90
185,80,110
170,65,70
185,85,100
190,75,95
175,70,100
175,75,105
190,80,105
175,65,80
180,75,110
170,65,75
190,85,100
185,70,95
180,80,110
180,65,70
180,85,90
175,80,100
185,75,110
170,70,95
170,65,80
190,75,100
185,85,105
180,65,75
175,65,85
170,75,95
180,85,95
190,85,105
180,70,105
190,80,110
180,65,80
195,80,85
185,80,115
165,70,75
175,70,105
185,70,100
170,65,85
195,80,90
180,85,100
175,75,110
175,65,90
165,70,80
190,75,105
175,80,105
185,85,110
180,75,115
180,65,85
195,85,90
190,70,75
170,70,100
195,80,95
170,75,100
190,85,110
180,80,115
185,75,115
195,85,95
190,70,80
165,65,70
165,70,85
170,65,90
190,80,115
165,65,75
180,85,105
190,70,85
195,80,100
180,70,110
185,70,105
195,85,100
180,65,90
175,65,95
190,75,110
185,80,120
175,70,110
170,80,85
195,75,80
165,65,80
190,70,90
185,85,115
190,85,115
175,80,110
195,75,85
165,70,90
195,85,105
185,65,70
195,80,105
170,80,90
170,75,105
175,75,115
170,70,105
185,65,75
170,65,95
190,90,95
180,65,95
195,75,90
180,85,110
180,75,120
185,75,120
165,75,80
190,70,95
165,65,85
180,80,120
190,90,100
185,65,80
185,70,110
190,80,120
175,65,100
170,80,95
195,85,110
195,75,95
165,75,85
190,75,115
180,70,115
175,85,90
195,80,110
165,70,95
185,90,95
185,65,85
190,90,105
190,85,120
185,85,120
175,85,95
190,70,100
180,65,100
185,80,125
185,90,100
195,90,95
175,70,115
165,75,90
165,65,90
195,75,100
175,80,115
170,65,100
170,60,65
195,90,100
180,85,115
170,80,100
170,75,110
185,65,90
195,85,115
170,60,70
190,90,110
170,70,110
175,85,100
175,60,65
185,90,105
185,70,115
175,65,105
175,75,120
195,80,115
195,90,105
190,80,125
175,60,70
185,75,125
170,60,75
180,75,125
190,75,120
190,70,105
195,75,105
165,70,100
165,75,95
180,80,125
175,60,75
200,85,90
185,65,95
180,65,105
180,70,120
160,65,70
190,85,125
165,60,65
165,65,95
185,90,110
195,90,110
200,85,95
190,90,115
175,85,105
170,60,80
170,80,105
185,85,125
200,80,85
195,85,120
165,60,70
160,65,75
170,65,105
200,80,90
175,60,80
200,85,100
160,70,75
180,85,120
195,80,120
185,80,130
195,75,110
175,70,120
175,80,120
165,60,75
190,70,110
200,80,95
195,70,75
170,75,115
185,65,100
175,65,110
160,65,80
160,70,80
185,70,120
165,75,100
170,60,85
195,90,115
195,70,80
170,70,115
200,85,105
180,60,65
180,90,95
175,60,85
190,75,125
185,90,115
190,80,130
165,70,105
180,60,70
200,80,100
190,65,70
195,70,85
190,90,120
180,65,110
175,85,110
165,60,80
185,75,130
165,65,100
175,75,125
180,90,100
190,65,75
160,70,85
200,90,95
195,85,125
180,60,75
180,75,130
170,80,110
190,85,130
160,65,85
195,75,115
195,70,90
200,85,110
190,65,80
200,90,100
180,70,125
180,80,130
170,60,90
200,80,105
195,80,125
185,65,105
190,70,115
175,60,90
195,90,120
170,65,110
185,85,130
180,60,80
180,90,105
200,90,105
165,60,85
190,65,85
180,85,125
195,70,95
165,75,105
160,70,90
185,90,120
200,75,80
175,65,115
160,60,65
185,70,125
200,85,115
185,80,135
175,80,125
190,90,125
175,70,125
200,75,85
200,80,110
180,60,85
160,65,90
175,85,115
200,90,110
190,65,90
180,65,115
160,60,70
190,75,130
170,75,120
165,80,85
195,75,120
180,90,110
165,65,105
165,70,110
200,75,90
190,80,135
170,70,120
170,60,95
175,60,95
195,70,100
195,85,130
185,65,110
195,90,125
165,60,90
165,80,90
160,60,75
170,80,115
190,70,120
195,95,100
185,75,135
200,75,95
195,80,130
190,85,135
190,95,100
170,85,90
180,60,90
190,65,95
200,90,115
160,70,95
200,85,120
175,75,130
200,80,115
195,95,105
190,95,105
180,70,130
170,65,115
180,75,135
170,85,95
195,70,105
185,90,125
160,65,95
165,80,95
180,80,135
165,75,110
200,75,100
160,60,80
185,85,135
160,75,80
185,60,65
180,90,115
195,95,110
175,60,100
190,90,130
185,60,70
180,85,130
170,60,100
195,75,125
190,95,110
175,65,120
190,65,100
185,70,130
175,85,120
180,60,95
165,60,95
200,90,120
160,75,85
180,65,120
185,60,75
185,65,115
170,85,100
195,90,130
190,75,135
195,85,135
200,80,120
200,75,105
165,65,110
200,85,125
185,80,140
175,70,130
195,95,115
175,80,130
190,70,125
195,70,110
160,60,85
160,70,100
165,70,115
165,80,100
190,80,140
185,60,80
170,75,125
200,95,100
195,80,135
190,95,115
160,75,90
205,85,90
170,70,125
155,65,70
170,80,120
200,95,105
205,85,95
190,65,105
185,95,100
190,85,140
160,65,100
180,60,100
180,90,120
175,60,105
170,85,105
185,75,140
155,65,75
200,90,125
185,60,85
200,75,110
185,90,130
175,90,95
205,85,100
170,60,105
195,95,120
200,95,110
185,95,105
170,65,120
195,75,130
165,60,100
200,80,125
205,90,95
165,75,115
180,70,135
190,90,135
195,70,115
175,75,135
160,60,90
175,90,100
170,55,60
185,65,120
190,95,120
200,85,130
205,90,100
160,75,95
205,85,105
155,65,80
180,75,140
185,85,140
205,80,85
195,90,135
165,80,105
180,65,125
170,55,65
185,60,90
175,85,125
175,65,125
195,65,70
185,70,135
165,55,60
205,80,90
185,95,110
180,80,140
200,95,115
180,85,135
190,65,110
195,85,140
205,90,105
195,65,75
155,60,65
190,70,130
200,75,115
160,70,105
165,55,65
190,75,140
170,55,70
200,70,75
205,80,95
180,60,105
165,65,115
175,90,105
205,85,110
195,65,80
200,70,80
170,85,110
155,60,70
200,90,130
195,95,125
195,80,140
165,55,70
175,60,110
205,90,110
155,65,85
175,55,60
155,70,75
200,70,85
165,70,120
205,80,100
180,90,125
185,60,95
190,80,145
185,80,145
170,55,75
160,65,105
175,70,135
195,65,85
200,95,120
175,55,65
185,95,115
195,70,120
175,80,135
200,80,130
190,95,125
155,60,75
170,60,110
160,60,95
160,75,100
170,80,125
170,75,130
165,60,105
155,70,80
195,75,135
200,70,90
205,85,115
165,55,75
175,55,70
185,90,135
200,85,135
170,70,130
190,85,145
200,75,120
205,90,115
205,80,105
175,90,110
190,65,115
195,65,90
185,65,125
165,80,110
170,55,80
185,75,145
190,90,140
170,65,125
160,55,60
195,90,140
200,70,95
180,60,110
175,55,75
165,75,120
185,60,100
155,70,85
155,60,80
155,65,90
195,95,130
180,65,130
160,55,65
200,95,125
180,70,140
200,90,135
165,55,80
190,70,135
