216,190,202
217,191,203
215,189,201
216,189,201
216,191,203
216,189,202
216,191,202
217,190,202
216,190,201
216,190,203
215,190,202
217,190,203
215,190,201
215,188,200
217,192,204
215,188,201
217,192,203
217,191,202
217,191,204
215,189,200
215,189,202
218,192,204
214,188,200
218,191,203
214,189,201
218,191,204
216,188,201
216,192,203
214,189,200
217,189,202
215,191,202
216,189,200
214,187,199
218,193,205
218,192,203
218,192,205
214,188,199
214,188,201
214,187,200
218,193,204
217,193,204
216,189,203
215,187,200
217,190,201
216,188,200
216,191,204
217,189,201
217,190,204
215,188,199
216,191,201
216,188,202
216,192,204
218,190,203
215,190,203
214,190,201
217,189,203
215,188,202
215,191,203
217,192,205
215,190,200
219,193,205
213,187,199
216,192,202
215,187,199
217,192,202
215,191,201
217,193,205
215,187,201
219,192,204
218,191,202
218,190,202
213,188,200
219,192,205
213,188,199
218,191,205
216,190,200
216,190,204
217,193,203
218,194,205
218,190,204
214,189,202
214,190,202
214,186,199
214,187,198
214,189,199
217,191,201
217,191,205
215,189,199
215,189,203
219,193,204
219,193,206
213,187,198
213,187,200
214,190,200
214,187,201
219,194,206
213,186,198
218,193,206
219,194,205
213,186,199
219,191,204
217,188,201
216,187,200
213,189,200
218,193,203
216,193,204
214,186,198
215,192,203
217,188,202
216,187,201
218,194,206
214,186,200
216,193,203
215,192,202
216,188,199
217,189,200
218,194,204
219,191,203
218,189,202
218,192,202
218,192,206
214,188,198
214,188,202
219,192,203
217,194,205
215,186,199
218,189,203
219,191,205
214,191,202
219,192,206
215,186,200
216,188,203
213,189,201
217,194,204
213,188,201
217,189,204
215,187,198
214,191,201
220,194,206
212,186,198
216,189,199
213,188,198
213,189,199
217,188,200
219,195,206
216,187,199
218,190,201
220,193,205
213,186,197
213,185,198
212,187,199
220,193,206
217,190,200
216,192,205
212,187,198
215,187,202
216,189,204
213,186,200
215,191,204
219,194,207
215,188,198
217,190,205
217,188,203
216,187,202
218,190,205
219,194,204
218,189,201
215,188,203
219,190,203
217,193,206
215,186,198
218,195,206
216,191,205
213,185,197
220,194,205
220,194,207
212,186,197
212,186,199
216,193,205
216,192,201
220,192,205
215,192,204
214,185,198
219,195,207
219,190,204
212,188,199
213,190,201
215,191,200
220,195,207
215,190,204
214,186,197
213,185,199
218,195,205
212,185,197
214,185,199
220,195,206
218,191,201
219,193,203
219,193,207
213,187,197
213,187,201
212,185,198
214,190,203
216,191,200
218,189,204
219,195,205
217,192,206
213,190,200
215,186,201
215,190,199
217,193,202
218,191,206
217,194,206
220,192,204
214,186,201
219,191,202
214,187,197
217,192,201
214,191,203
216,193,202
215,192,201
220,193,204
220,192,206
217,187,201
214,190,199
212,188,200
214,187,202
220,193,207
215,193,203
214,189,203
216,186,200
216,194,204
218,194,207
219,190,202
212,187,200
219,191,206
212,188,198
214,185,197
217,187,200
212,187,197
217,194,203
218,188,202
214,189,198
218,193,207
214,191,200
216,186,199
219,190,205
216,190,199
216,190,205
214,192,202
220,196,207
218,194,203
213,189,202
217,187,202
212,185,196
214,185,200
217,195,205
219,192,202
217,188,199
218,193,202
216,187,198
218,188,201
219,196,207
220,191,204
215,193,204
218,195,207
212,184,197
215,185,199
216,194,205
216,186,201
212,185,199
217,191,200
217,191,206
215,189,198
215,189,204
220,195,208
216,188,198
220,191,205
221,195,207
213,184,197
213,185,196
219,192,207
213,190,202
211,185,197
217,189,199
219,196,206
212,189,200
221,194,206
220,195,205
211,186,198
221,194,207
213,184,198
218,188,203
211,186,197
215,185,198
213,189,198
212,189,199
218,189,200
213,186,196
214,192,203
212,184,196
215,186,197
213,185,200
220,196,208
220,194,204
220,194,208
219,189,203
215,187,197
212,186,196
212,186,200
213,188,202
217,195,206
215,193,202
217,188,204
216,187,203
216,194,203
218,195,204
216,188,204
215,185,200
212,184,198
221,193,206
220,192,203
213,186,201
217,189,205
211,187,198
213,190,199
220,196,206
218,190,200
213,191,201
218,192,201
218,192,207
214,188,197
214,188,203
221,195,206
221,195,208
219,195,208
211,185,196
211,185,198
213,188,197
219,189,202
217,187,199
220,191,203
218,196,206
219,194,208
221,196,208
214,192,201
220,192,207
218,189,205
215,187,203
216,186,198
221,196,207
211,184,196
213,184,196
215,186,202
217,195,204
211,184,197
221,193,205
214,184,198
219,189,204
218,190,206
219,195,204
220,191,206
219,194,203
218,188,200
221,193,207
221,194,205
211,187,199
213,191,202
219,190,201
213,184,199
214,186,196
219,196,208
212,188,201
214,184,197
221,194,208
216,189,198
217,187,203
214,185,196
218,196,207
220,193,203
211,186,199
211,187,197
216,186,202
215,185,197
212,189,201
217,190,199
216,193,206
211,186,196
215,192,205
214,184,199
219,191,201
220,193,208
216,192,206
216,189,205
215,188,197
218,188,204
220,190,204
215,191,205
220,197,208
212,188,197
214,186,202
213,191,200
221,192,205
217,190,206
219,190,206
219,193,202
219,193,208
219,196,205
213,187,196
213,187,202
212,184,195
221,192,206
218,196,205
220,197,207
214,185,201
215,188,204
219,189,201
212,183,196
217,194,207
212,187,201
211,188,199
212,190,200
217,193,207
221,197,208
211,184,195
217,186,200
220,190,203
212,189,198
212,185,195
215,185,201
214,191,204
212,183,197
219,191,207
218,191,200
221,196,209
211,184,198
211,188,198
217,186,201
212,184,199
219,197,207
215,194,204
215,193,205
211,183,196
212,187,196
216,194,206
216,185,199
212,185,200
218,187,201
214,190,204
216,195,205
221,196,206
216,192,200
220,190,205
215,191,199
216,185,200
218,191,207
220,196,209
214,187,196
218,187,202
216,193,201
215,192,200
216,191,206
221,193,204
221,195,205
221,195,209
211,185,195
211,185,199
219,189,205
213,183,197
214,184,196
215,194,203
220,195,209
214,193,203
212,190,201
222,195,207
213,185,195
221,197,209
222,196,208
215,190,205
210,185,197
220,191,202
210,184,196
221,192,204
214,192,204
216,195,204
222,195,208
211,183,195
217,193,201
210,185,196
217,188,198
217,186,199
216,187,197
217,195,207
214,187,203
217,192,207
213,184,195
219,197,208
221,193,208
211,183,197
220,195,204
216,191,199
217,196,206
221,197,207
212,183,195
218,194,208
213,183,196
218,195,208
220,196,205
217,194,202
217,187,198
216,185,198
215,184,198
214,190,198
214,193,202
214,191,199
222,194,207
218,187,200
221,192,207
215,190,198
219,188,202
213,190,203
210,186,197
216,186,197
215,184,199
220,192,202
213,185,201
220,197,209
214,184,200
212,190,199
217,192,200
213,183,198
218,189,199
219,188,203
212,183,198
217,196,205
220,191,207
219,192,201
217,186,202
215,186,196
222,196,207
222,196,209
210,184,195
210,184,197
214,189,204
211,187,200
220,190,202
215,193,201
218,188,199
216,194,202
213,189,203
219,197,206
213,184,200
211,188,200
222,194,206
221,194,204
216,185,201
213,192,202
220,194,203
220,194,209
218,187,203
212,186,195
212,186,201
221,191,205
217,188,205
222,197,209
218,194,202
219,192,208
216,187,204
213,191,203
218,193,208
222,197,208
222,194,208
210,183,195
220,192,208
214,189,197
216,188,197
210,186,198
210,183,196
215,184,197
215,185,196
221,194,209
220,197,206
218,196,208
217,189,198
213,186,195
214,192,200
211,187,196
219,188,201
222,195,206
215,194,205
218,195,203
217,187,204
217,195,203
213,192,201
221,191,204
216,195,206
220,190,206
211,189,199
222,195,209
218,197,207
