216,150,49
216,149,49
216,151,49
216,148,49
216,152,49
216,147,49
216,153,49
216,146,49
216,154,49
217,151,49
215,149,49
217,150,49
215,150,49
217,152,49
215,148,49
217,149,49
215,151,49
216,150,48
216,150,50
216,149,48
216,151,50
217,153,49
215,147,49
217,148,49
215,152,49
216,151,48
216,149,50
216,148,48
216,152,50
216,155,49
216,145,49
216,152,48
216,148,50
217,154,49
217,151,50
216,147,48
215,146,49
216,153,50
215,149,48
217,150,50
217,152,50
217,147,49
215,148,48
215,150,48
215,153,49
217,149,50
217,153,50
215,147,48
215,151,48
216,153,48
216,147,50
216,146,48
216,154,50
217,155,49
216,144,49
216,156,49
215,145,49
217,148,50
217,154,50
215,146,48
215,152,48
217,146,49
215,154,49
216,154,48
216,146,50
216,145,48
216,155,50
217,147,50
217,155,50
215,145,48
215,153,48
217,156,49
215,144,49
217,150,48
217,145,49
217,151,48
215,150,50
215,155,49
215,149,50
217,149,48
216,143,49
216,157,49
215,151,50
216,155,48
217,152,48
216,145,50
215,148,50
217,148,48
216,144,48
215,152,50
217,146,50
217,156,50
216,156,50
215,154,48
215,144,48
217,153,48
215,147,50
217,157,49
217,147,48
215,143,49
215,153,50
217,144,49
215,156,49
217,154,48
216,156,48
215,146,50
216,144,50
216,142,49
216,158,49
217,145,50
217,157,50
215,155,48
215,143,48
216,143,48
217,146,48
216,157,50
218,151,49
215,154,50
214,149,49
218,152,49
214,148,49
218,150,49
214,150,49
218,152,50
218,151,50
214,148,48
214,149,48
218,153,49
214,147,49
217,155,48
218,153,50
214,147,48
217,158,49
218,150,50
218,149,49
214,150,48
214,151,49
215,145,50
215,142,49
217,143,49
218,154,49
218,154,50
217,145,48
214,146,48
214,146,49
218,149,50
215,157,49
214,151,48
216,157,48
215,155,50
218,148,49
214,152,49
216,143,50
217,144,50
217,158,50
215,142,48
215,156,48
216,142,48
218,155,50
214,145,48
216,158,50
218,155,49
217,156,48
218,148,50
214,145,49
216,141,49
216,159,49
214,152,48
215,144,50
217,151,51
217,152,51
218,147,49
215,149,47
215,148,47
214,153,49
217,150,51
217,153,51
217,144,48
215,150,47
216,149,47
216,151,51
217,159,49
215,147,47
216,150,47
216,150,51
218,156,50
216,148,47
216,152,51
215,156,50
214,144,48
215,141,49
217,149,51
218,156,49
218,147,50
216,151,47
217,154,51
216,149,51
215,151,47
217,142,49
214,153,48
214,144,49
215,146,47
216,147,47
216,153,51
216,158,48
215,158,49
217,143,50
217,159,50
215,141,48
215,157,48
217,157,48
218,146,49
216,142,50
216,152,47
216,148,51
214,154,49
217,148,51
216,141,48
215,152,47
215,143,50
217,155,51
216,146,47
216,159,50
215,145,47
216,154,51
218,157,50
214,143,48
217,143,48
218,157,49
218,146,50
216,140,49
216,160,49
214,154,48
216,153,47
214,143,49
216,147,51
215,157,50
217,147,51
215,153,47
216,145,47
217,160,49
218,145,49
217,156,51
216,155,51
215,144,47
214,155,49
215,140,49
218,151,48
217,158,48
218,150,48
217,141,49
218,152,48
214,149,50
218,158,50
216,154,47
216,159,48
214,150,50
217,142,50
217,160,50
215,140,48
215,158,48
214,148,50
218,149,48
216,146,51
214,142,48
215,159,49
215,142,50
216,141,50
218,153,48
218,158,49
218,145,50
214,151,50
217,146,51
218,152,51
214,155,48
215,154,47
216,144,47
216,140,48
214,147,50
218,151,51
218,153,51
217,142,48
214,142,49
216,156,51
218,148,48
214,148,47
217,157,51
215,143,47
216,160,50
214,149,47
214,147,47
218,154,48
218,154,51
218,150,51
214,152,50
218,144,49
215,158,50
214,146,47
214,150,47
214,146,50
216,155,47
214,156,49
216,145,51
218,147,48
216,139,49
216,161,49
217,150,47
218,155,51
218,149,51
217,149,47
218,159,50
217,151,47
217,159,48
214,153,50
214,145,47
214,151,47
215,150,51
218,155,48
217,161,49
214,141,48
216,143,47
215,151,51
217,145,51
215,155,47
217,148,47
215,149,51
218,144,50
218,159,49
216,157,51
217,152,47
215,139,49
214,145,50
215,152,51
217,158,51
215,142,47
214,156,48
215,141,50
217,140,49
215,148,51
217,141,50
217,161,50
218,148,51
218,156,51
216,160,48
215,139,48
215,159,48
214,141,49
218,146,48
217,147,47
214,144,47
214,152,47
217,141,48
215,160,49
216,140,50
217,153,47
216,156,47
215,153,51
218,143,49
214,154,50
218,156,48
216,139,48
216,144,51
215,147,51
215,159,50
217,146,47
214,157,49
216,161,50
214,144,50
216,142,47
218,147,51
218,157,51
218,160,50
215,156,47
217,144,51
217,154,47
215,154,51
218,145,48
214,153,47
214,143,47
216,158,51
214,140,48
215,141,47
217,159,51
217,160,48
219,152,50
218,143,50
213,148,48
215,146,51
218,160,49
219,153,50
213,147,48
219,151,50
213,149,48
214,155,50
214,157,48
218,157,48
217,145,47
216,162,49
216,138,49
219,154,50
213,146,48
217,162,49
216,157,47
214,140,49
219,150,50
213,150,48
215,140,50
217,155,47
215,155,51
214,143,50
215,138,49
216,143,51
218,146,51
218,158,51
219,152,49
219,155,50
218,142,49
217,140,50
217,162,50
213,145,48
213,148,49
219,151,49
217,140,48
215,138,48
215,160,48
217,139,49
216,161,48
213,149,49
219,153,49
214,154,47
214,142,47
213,147,49
215,145,51
219,149,50
218,144,48
213,151,48
219,150,49
216,141,47
213,150,49
215,161,49
216,139,50
214,158,49
219,154,49
215,157,47
217,144,47
217,143,51
213,146,49
216,138,48
215,160,50
216,159,51
219,156,50
218,161,50
213,144,48
218,158,48
214,156,50
219,149,49
215,140,47
217,160,51
213,151,49
214,139,48
216,162,50
217,156,47
215,156,51
219,148,50
219,155,49
218,142,50
213,152,48
218,161,49
213,145,49
217,161,48
218,145,51
218,159,51
216,158,47
214,142,50
214,158,48
219,148,49
215,144,51
214,155,47
214,141,47
219,157,50
213,152,49
214,139,49
213,143,48
216,142,51
218,143,48
219,156,49
217,143,47
213,144,49
215,139,50
219,147,50
218,141,49
217,163,49
216,140,47
216,163,49
216,137,49
213,153,48
217,139,48
215,158,47
217,157,47
219,147,49
218,159,48
215,157,51
214,157,50
217,142,51
215,137,49
217,163,50
217,139,50
215,161,48
215,137,48
216,160,51
214,159,49
213,153,49
216,162,48
217,138,49
219,158,50
219,157,49
218,162,50
215,139,47
219,153,51
213,142,48
219,152,51
217,161,51
218,144,51
218,160,51
215,143,51
215,161,50
216,138,50
213,143,49
219,154,51
215,162,49
214,141,50
213,147,47
214,138,48
213,148,47
219,151,51
214,140,47
214,156,47
216,137,48
219,146,50
218,141,50
217,152,52
213,146,47
216,159,47
218,162,49
217,151,52
213,149,47
217,142,47
213,154,48
217,153,52
219,155,51
219,146,49
218,142,48
219,150,51
214,159,48
216,163,50
215,148,46
217,150,52
215,149,46
217,162,48
213,145,47
215,147,46
213,154,49
216,141,51
213,150,47
217,154,52
214,138,49
219,158,49
215,150,46
217,158,47
219,159,50
215,158,51
219,156,51
215,146,46
217,149,52
218,160,48
216,139,47
219,149,51
213,141,48
214,158,50
218,140,49
213,142,49
218,150,47
213,144,47
218,151,47
217,155,52
215,151,46
215,159,47
215,138,50
213,151,47
218,149,47
218,152,47
217,141,51
219,145,50
215,145,46
215,142,51
216,161,51
217,138,48
218,143,51
218,161,51
219,145,49
