180,150,40
180,155,40
180,145,40
180,160,40
180,140,40
185,155,40
185,160,40
185,150,40
185,165,40
185,145,40
180,135,40
185,140,40
175,150,40
175,145,40
175,155,40
175,140,40
180,130,40
180,150,35
180,155,35
185,155,45
185,160,45
180,145,35
185,150,45
180,160,35
185,165,45
180,155,45
185,135,40
180,150,45
175,135,40
180,140,35
180,160,45
185,145,45
180,145,45
175,145,35
175,150,35
180,125,40
180,135,35
175,140,35
175,155,35
175,130,40
180,140,45
185,140,45
185,130,40
175,135,35
185,155,35
185,160,35
185,150,35
180,130,35
190,160,40
180,135,45
190,165,40
185,145,35
190,155,40
175,130,35
175,125,40
185,135,45
190,150,40
180,120,40
190,160,45
190,165,45
185,140,35
190,155,45
185,125,40
190,170,45
180,125,35
190,145,40
190,150,45
180,130,45
175,125,35
185,135,35
185,130,45
175,120,40
190,145,45
190,140,40
175,150,45
175,145,45
175,155,45
180,115,40
175,140,45
185,120,40
180,120,35
185,130,35
175,120,35
170,145,40
180,125,45
190,140,45
170,140,40
170,145,35
170,140,35
170,150,40
190,135,40
170,150,35
175,135,45
170,135,35
170,135,40
185,125,45
175,115,40
170,130,35
185,125,35
170,130,40
190,135,45
180,115,35
175,115,35
175,130,45
190,130,40
185,115,40
180,120,45
180,110,40
170,125,35
190,160,35
190,155,35
190,165,35
170,125,40
185,160,50
185,155,50
190,150,35
185,120,45
185,165,50
185,150,50
190,130,45
185,120,35
175,125,45
190,145,35
175,110,40
190,125,40
170,120,35
185,145,50
175,110,35
180,110,35
180,150,30
180,155,30
180,145,30
175,145,30
190,140,35
170,120,40
175,150,30
190,160,50
190,165,50
175,140,30
180,115,45
185,110,40
180,140,30
190,155,50
190,170,50
195,165,45
175,155,30
195,170,45
195,160,45
180,105,40
175,135,30
185,140,50
190,125,45
190,150,50
195,155,45
180,155,50
180,135,30
185,115,35
160,180,40
175,120,45
185,115,45
195,165,40
180,150,50
190,135,35
195,160,40
180,160,50
170,115,35
195,170,40
190,120,40
175,130,30
195,155,40
180,145,50
195,150,45
165,185,40
190,145,50
175,105,40
170,115,40
180,130,30
185,135,50
195,150,40
175,105,35
180,105,35
180,140,50
190,130,35
175,125,30
195,145,45
195,145,40
180,110,45
185,155,30
190,140,50
185,150,30
185,105,40
190,120,45
185,160,30
180,125,30
170,110,35
170,145,45
175,115,45
185,110,35
185,145,30
170,150,45
170,140,45
180,135,50
170,140,30
170,145,30
160,180,35
180,100,40
190,115,40
185,130,50
195,140,45
185,110,45
170,135,30
175,120,30
170,150,30
185,140,30
195,140,40
155,175,40
190,125,35
170,135,45
155,180,40
165,185,45
170,110,40
165,140,35
165,135,35
170,130,30
165,145,35
190,135,50
160,185,40
180,120,30
185,135,30
175,100,40
175,100,35
165,130,35
170,130,45
180,100,35
160,180,45
180,130,50
155,175,35
195,135,45
195,135,40
170,125,30
195,165,50
195,170,50
175,115,30
170,105,35
190,115,45
195,160,50
165,125,35
185,125,50
185,105,35
195,175,50
190,120,35
175,110,45
185,130,30
165,140,40
180,105,45
195,155,50
165,145,40
185,100,40
165,135,40
190,110,40
190,130,50
170,125,45
180,115,30
170,120,30
155,180,35
165,130,40
170,105,40
185,105,45
195,150,50
195,130,40
165,120,35
180,125,50
195,130,45
170,190,45
180,95,40
160,185,45
185,125,30
150,175,40
195,165,35
175,110,30
175,150,50
195,160,35
150,180,40
175,155,50
195,170,35
175,145,50
165,125,40
195,155,35
155,185,40
175,95,35
190,115,35
195,145,50
170,115,30
180,95,35
185,120,50
170,120,45
175,95,40
175,140,50
195,150,35
170,100,35
150,175,35
155,180,45
190,110,45
180,110,30
160,185,35
165,115,35
190,125,50
185,100,35
195,125,40
165,190,40
185,120,30
175,105,45
195,145,35
195,125,45
190,105,40
165,120,40
175,135,50
180,120,50
180,100,45
195,140,50
185,95,40
190,160,30
190,155,30
175,105,30
170,100,40
190,165,30
150,180,35
190,150,30
155,175,45
170,110,30
165,190,45
195,140,35
185,100,45
170,115,45
190,110,35
165,110,35
190,145,30
150,170,35
175,130,50
155,185,45
165,140,30
185,115,30
165,135,30
180,105,30
180,90,40
150,170,40
185,115,50
165,115,40
195,120,40
145,175,40
165,145,30
190,120,50
195,135,50
200,170,45
165,130,30
190,140,30
200,165,45
195,135,35
200,175,45
145,180,40
170,95,35
175,90,35
195,120,45
150,185,40
200,160,45
180,90,35
190,105,45
155,185,35
145,175,35
185,95,35
165,125,30
180,115,50
160,190,40
175,90,40
150,180,45
200,155,45
170,105,30
190,135,30
175,100,30
190,100,40
175,100,45
175,125,50
195,130,35
165,105,35
190,165,55
190,160,55
185,110,30
170,110,45
165,120,30
200,150,45
200,170,40
190,105,35
195,130,50
200,165,40
190,170,55
165,185,50
165,110,40
180,95,45
190,155,55
170,95,40
200,175,40
185,90,40
160,190,45
200,160,40
195,115,40
185,160,55
180,100,30
190,130,30
185,155,55
145,180,35
150,175,45
185,165,55
155,175,30
145,170,35
190,115,50
200,155,40
165,190,35
190,150,55
185,150,55
185,110,50
195,115,45
185,95,45
200,145,45
170,190,50
165,115,30
145,170,40
195,125,35
150,185,45
200,150,40
175,120,50
170,100,30
200,170,50
185,145,55
170,90,35
200,175,50
190,125,30
200,165,50
140,175,40
190,145,55
150,185,35
190,100,45
180,110,50
175,95,30
175,85,35
185,90,35
185,105,30
180,85,35
195,125,50
145,185,40
200,160,50
140,180,40
155,190,40
165,100,35
200,140,45
200,145,40
140,175,35
165,105,40
190,95,40
165,140,45
170,105,45
165,145,45
190,100,35
175,145,25
195,110,40
155,180,30
185,140,55
200,155,50
145,180,45
165,110,30
175,95,45
165,135,45
175,150,25
160,180,50
175,140,25
180,95,30
195,165,55
195,170,55
190,140,55
180,150,25
195,120,35
160,185,50
180,145,25
160,135,35
175,135,25
180,155,25
190,120,30
170,195,45
195,160,55
160,140,35
195,175,55
150,175,30
160,130,35
165,130,45
180,140,25
200,140,40
170,195,40
160,190,35
195,110,45
155,190,45
190,110,50
170,90,40
200,150,50
200,135,45
175,115,50
175,130,25
195,155,55
160,125,35
140,180,35
165,190,50
145,175,45
185,105,50
180,135,25
170,95,30
140,170,35
185,135,55
150,170,30
195,120,50
185,100,30
165,125,45
190,135,55
165,105,30
195,150,55
175,125,25
180,155,55
200,145,50
180,130,25
175,90,30
140,170,40
200,135,40
160,120,35
180,160,55
170,145,50
180,150,55
180,105,50
165,95,35
170,150,50
170,85,35
190,115,30
145,185,45
195,115,35
165,100,40
145,185,35
170,140,50
190,95,45
160,185,30
195,105,40
170,140,25
150,170,45
200,130,45
170,145,25
180,145,55
190,95,35
150,190,40
170,135,25
150,180,30
170,100,45
135,175,40
175,195,50
170,150,25
180,125,25
195,145,55
190,90,40
180,90,30
175,120,25
170,135,50
140,185,40
145,165,35
185,130,55
165,120,45
155,180,50
170,130,25
135,175,35
160,115,35
200,140,50
165,195,45
195,160,30
135,180,40
195,165,30
165,195,40
180,140,55
195,155,30
145,175,30
200,130,40
195,170,30
195,105,45
155,185,50
155,190,35
175,110,50
190,130,55
175,90,45
185,155,25
160,135,40
185,150,25
160,140,40
140,180,45
190,105,50
185,160,25
200,165,35
170,125,25
200,170,35
