147,139,176
148,140,177
146,138,175
146,139,176
148,139,176
146,138,176
148,140,176
147,139,177
147,139,175
147,140,177
149,140,177
145,138,175
147,138,175
147,138,176
147,140,176
148,139,177
146,139,175
145,138,176
149,141,177
146,139,177
149,140,176
145,137,175
149,141,178
145,137,174
148,139,175
148,140,178
146,138,174
146,137,175
148,141,177
145,139,176
149,139,176
149,140,178
145,138,174
148,141,178
150,141,178
144,137,174
146,137,174
144,137,175
148,138,176
150,141,177
149,139,177
146,140,177
150,140,177
144,138,175
148,138,175
146,140,176
147,140,178
145,139,175
147,138,174
146,138,177
147,138,177
148,140,175
147,137,175
150,142,178
144,138,176
147,140,175
144,136,174
145,139,177
147,141,177
145,137,176
150,140,178
149,141,176
146,137,176
148,141,176
150,140,176
149,142,178
145,136,174
144,138,174
149,139,175
149,141,179
147,139,178
145,137,173
148,139,178
147,139,174
147,141,178
151,141,178
143,137,174
147,137,174
150,142,179
146,139,174
144,136,173
150,141,179
145,138,177
144,137,173
143,136,174
151,142,178
143,137,175
148,138,177
149,140,175
146,140,178
144,137,176
151,141,177
149,142,179
151,142,179
148,141,179
143,136,173
145,136,173
147,137,176
146,137,173
150,142,177
150,141,176
146,140,175
146,139,178
148,138,174
144,136,175
149,142,177
145,136,175
149,138,176
144,139,176
150,139,176
150,139,177
147,141,176
149,139,178
146,136,174
148,139,174
148,142,178
145,140,176
145,140,177
151,140,177
143,138,175
149,138,175
145,139,174
148,140,179
144,139,175
149,140,179
151,141,179
146,138,173
145,138,173
143,137,173
148,137,175
143,136,175
151,142,177
146,136,175
151,140,178
151,143,179
142,136,174
144,138,177
148,142,177
143,135,173
146,141,177
152,142,178
148,142,179
152,142,179
142,136,173
146,136,173
147,140,179
150,143,179
147,141,179
143,137,176
149,138,177
143,138,174
144,135,173
150,140,179
147,138,173
150,142,180
144,136,172
147,137,173
145,139,178
148,137,176
146,141,178
152,141,178
142,137,174
148,137,174
151,143,178
152,143,179
150,143,178
151,140,176
150,140,175
142,135,173
144,138,173
150,139,175
143,135,174
151,142,180
143,136,172
150,139,178
144,135,174
151,141,176
146,137,177
151,143,180
145,140,175
143,135,172
145,137,177
148,141,175
147,138,178
149,142,180
147,136,174
149,139,174
145,136,172
146,141,176
146,138,178
149,141,175
142,136,175
152,141,177
147,140,174
150,143,180
152,143,180
145,135,173
149,143,179
142,135,172
144,135,172
149,141,180
147,142,178
148,140,174
152,141,179
142,135,174
145,136,176
152,143,178
150,141,180
144,139,174
149,142,176
149,138,174
147,136,175
147,137,177
145,137,172
144,136,176
144,137,172
145,135,174
150,142,176
149,143,178
148,138,178
146,140,179
152,142,177
150,138,176
152,142,180
142,137,173
151,139,177
144,137,177
147,141,175
142,136,172
148,139,179
151,140,179
145,138,178
147,142,177
147,139,179
141,135,173
146,136,176
151,139,176
148,141,180
146,140,174
153,143,179
146,139,173
151,141,180
147,142,179
153,142,179
141,136,173
147,136,173
148,142,176
150,141,175
148,138,173
147,139,173
143,136,176
146,137,172
149,137,175
148,142,180
152,140,177
150,138,175
149,139,179
149,140,174
153,142,178
143,137,172
150,143,177
152,140,178
149,143,180
153,143,180
150,138,177
143,138,173
141,135,172
145,135,172
152,144,180
146,136,172
144,135,175
151,143,177
151,142,176
152,144,179
143,135,175
148,137,177
146,139,179
142,134,172
149,137,176
151,144,179
141,135,174
151,144,180
148,137,173
149,138,178
145,139,173
143,134,172
151,139,178
142,134,173
146,135,174
143,134,173
146,135,173
153,143,178
153,144,180
145,135,175
151,143,181
143,135,171
143,137,177
147,136,176
151,140,175
148,143,179
149,143,177
141,134,172
148,139,173
153,141,178
149,137,174
149,140,180
144,138,178
147,141,180
148,143,178
153,142,180
152,141,176
152,143,181
148,140,180
142,135,171
142,135,175
153,144,179
146,141,175
148,136,174
145,138,172
141,134,173
148,136,175
152,141,180
150,139,179
152,143,177
150,144,179
150,139,174
142,136,176
150,143,181
141,136,172
152,140,176
146,138,172
145,140,174
144,134,173
150,142,181
144,135,171
151,139,175
151,142,181
153,141,179
152,144,181
150,144,180
144,136,171
150,140,180
144,134,172
142,134,171
143,136,171
147,142,176
147,137,172
152,140,179
151,144,178
145,139,179
147,140,180
151,141,175
153,142,177
151,144,181
153,144,181
152,144,178
142,137,172
141,134,171
143,134,171
154,143,179
153,141,177
153,143,181
144,138,172
146,135,175
149,142,181
150,140,174
143,134,174
148,143,180
154,143,180
140,135,172
146,135,172
141,135,171
150,138,174
140,134,172
142,134,174
154,144,180
152,142,181
149,137,177
144,139,173
152,142,176
145,136,171
146,137,178
150,138,178
149,138,173
147,136,172
147,138,172
142,136,171
151,138,176
141,135,175
145,136,177
150,144,178
154,142,179
152,139,177
148,136,173
148,143,177
140,134,173
145,137,178
149,143,181
144,134,174
149,142,175
148,141,174
148,136,176
151,140,180
144,136,177
147,137,178
147,135,174
154,144,179
145,135,171
145,134,173
147,138,179
149,139,173
146,136,177
141,134,174
153,144,178
151,138,177
150,144,181
154,144,181
153,145,180
152,145,180
150,141,181
147,135,173
140,134,171
144,134,171
150,137,175
150,142,175
149,141,174
149,144,179
146,138,179
154,142,178
152,139,176
149,141,181
151,139,179
145,134,172
150,137,176
146,140,180
153,140,178
153,143,177
154,143,178
153,145,181
148,138,179
149,144,180
144,135,176
150,143,176
148,142,175
144,137,171
147,141,174
147,140,173
153,141,180
148,142,181
152,139,178
154,142,180
141,133,172
144,137,178
149,137,173
153,140,177
151,138,175
145,137,171
142,133,172
152,145,181
143,135,176
141,133,171
143,136,177
151,141,181
153,142,181
154,143,181
151,143,176
143,138,172
148,140,173
145,135,176
142,133,171
148,137,178
154,145,180
145,134,174
154,145,181
147,135,175
148,141,181
147,136,177
149,143,176
146,136,171
145,138,179
146,140,173
140,135,171
151,145,180
152,145,179
148,139,180
149,136,175
140,133,172
152,144,182
140,133,171
142,134,170
143,137,171
148,137,172
153,145,179
149,144,178
143,133,172
141,136,171
152,140,175
147,139,180
153,144,182
149,138,179
149,136,174
141,134,170
140,134,174
148,138,172
155,144,180
151,142,175
150,141,174
151,143,182
142,135,176
154,141,178
150,137,174
153,141,176
149,139,180
152,143,182
143,135,170
153,140,179
146,137,171
142,135,170
142,133,173
151,145,181
151,144,177
154,141,179
146,139,172
151,144,182
152,140,180
141,133,173
143,134,170
152,141,175
151,139,174
143,133,171
146,135,176
150,137,177
155,143,180
151,145,179
143,134,175
147,135,172
152,141,181
154,144,178
151,138,178
152,144,177
147,142,175
149,144,181
155,144,181
146,141,174
151,140,174
143,137,178
153,145,182
146,134,173
155,143,179
147,139,172
139,134,171
145,134,171
152,143,176
146,135,171
149,140,173
142,134,175
150,143,182
141,133,170
142,136,177
153,142,176
143,133,173
146,139,180
150,144,177
153,143,182
154,145,179
153,140,176
144,134,175
145,139,172
154,142,177
154,144,182
155,145,181
152,139,175
144,135,170
149,136,176
155,144,179
152,145,182
154,145,182
147,141,181
139,133,171
140,134,170
140,133,173
139,133,172
148,136,172
141,135,170
144,138,179
149,137,178
140,133,170
142,133,170
155,145,180
150,139,180
148,143,176
145,140,173
146,134,172
148,135,174
148,136,177
144,133,172
152,139,179
146,134,174
154,142,181
150,145,180
