160,95,125
160,95,120
165,95,125
165,95,130
165,95,120
160,95,130
165,100,130
160,95,115
165,100,125
160,90,120
160,90,125
165,95,135
160,90,115
155,90,120
165,100,135
155,90,115
165,95,115
165,100,120
170,100,130
160,95,135
155,90,125
170,100,135
170,100,125
160,90,130
155,90,110
160,90,110
160,95,110
165,100,140
155,95,120
165,95,140
170,100,140
160,100,125
165,95,110
155,95,125
170,100,120
165,100,115
160,100,130
155,90,130
155,95,115
170,95,125
170,95,130
160,100,120
165,90,120
165,90,125
160,90,135
155,90,105
160,90,105
170,105,135
160,95,140
170,95,120
170,105,130
170,95,135
155,95,130
165,90,115
165,90,130
160,100,135
155,85,115
170,100,145
170,105,140
160,95,105
170,100,115
155,85,120
155,85,110
155,95,110
165,100,145
170,105,125
150,90,115
165,95,145
160,100,115
170,95,115
170,95,140
150,90,120
165,90,110
165,95,105
165,90,135
150,85,115
165,105,130
155,90,135
150,85,110
150,90,110
165,100,110
155,85,125
165,105,135
175,105,135
155,85,105
160,90,140
175,100,130
175,100,135
170,105,145
165,105,125
175,105,140
150,85,120
175,105,130
155,90,100
160,90,100
155,95,135
150,90,125
150,85,105
160,100,140
170,105,120
175,100,125
175,100,140
160,85,115
160,85,120
170,100,150
170,95,110
160,95,145
165,105,140
170,95,145
175,105,145
165,90,105
170,100,110
150,90,105
165,90,140
160,85,110
175,105,125
160,85,125
155,95,105
155,85,130
160,100,110
155,85,100
150,85,125
165,105,120
175,100,120
175,100,145
160,95,100
165,100,150
165,95,150
150,85,100
170,105,150
160,85,105
165,95,100
160,85,130
150,90,130
155,90,140
175,105,150
165,100,105
160,90,145
175,105,120
170,105,115
165,105,145
155,100,125
170,90,125
170,95,105
155,95,140
170,95,150
160,90,95
155,90,95
165,90,100
165,90,145
170,90,120
175,100,115
155,100,120
175,100,150
160,100,145
170,90,130
150,90,100
175,110,140
155,85,135
150,95,120
175,110,135
170,100,155
145,85,110
150,85,130
175,95,130
155,85,95
150,95,115
155,100,130
145,85,115
175,95,125
165,105,115
160,85,100
170,100,105
175,95,135
160,85,135
170,90,115
170,110,135
175,110,145
170,90,135
145,85,105
150,85,95
150,95,125
170,110,140
175,110,130
155,95,100
175,95,120
155,100,115
170,110,130
160,100,105
160,105,130
175,95,140
175,105,155
180,105,135
180,105,140
150,80,110
160,105,125
145,85,120
170,105,155
175,105,115
150,95,110
150,80,115
170,90,110
150,80,105
150,90,135
165,85,120
170,90,140
180,105,130
180,105,145
160,105,135
170,110,145
175,110,150
165,85,115
175,100,110
175,100,155
165,85,125
155,100,135
145,85,100
175,95,115
165,105,150
170,95,100
170,105,110
170,95,155
175,110,125
175,95,145
165,90,95
165,90,150
150,95,130
150,80,120
170,110,125
180,110,140
160,85,95
160,85,140
165,85,110
145,90,115
150,80,100
160,105,120
155,85,140
145,80,110
165,85,130
145,80,105
180,110,145
155,80,110
155,80,115
150,85,135
180,110,135
145,90,110
180,105,125
180,105,150
150,90,95
155,85,90
170,90,105
180,100,135
155,100,110
145,80,115
145,85,125
155,80,105
145,90,120
155,80,120
165,105,110
180,100,130
170,90,145
180,100,140
145,80,100
160,105,140
150,85,90
180,110,150
165,85,105
150,95,105
175,95,110
170,110,150
180,110,130
175,105,160
165,85,135
175,110,155
150,80,125
175,95,150
145,90,105
180,100,125
150,80,95
180,100,145
175,105,110
145,85,95
155,80,100
155,80,125
180,105,120
180,105,155
175,110,120
175,100,105
175,100,160
145,80,120
165,110,135
155,100,140
170,110,120
160,105,115
165,110,130
145,90,125
145,80,95
180,110,155
150,95,135
160,85,90
160,85,145
180,100,120
170,90,100
165,85,100
180,110,125
165,110,140
180,100,150
165,85,140
170,90,150
175,95,105
155,80,95
155,80,130
150,80,130
145,85,130
165,110,125
175,95,155
160,105,145
150,80,90
145,90,100
155,100,105
170,110,155
180,105,115
180,105,160
145,80,125
175,110,160
160,80,115
180,100,115
175,115,140
160,80,110
160,80,120
150,95,100
140,80,105
175,115,145
165,110,145
180,100,155
180,115,145
180,110,160
140,80,110
180,115,140
145,80,90
175,90,125
145,85,90
175,90,130
165,85,95
175,115,135
140,85,110
175,110,115
180,110,120
160,80,105
140,80,100
175,90,120
160,80,125
140,85,105
165,85,145
145,90,130
170,90,95
180,115,150
170,110,115
175,90,135
180,115,135
160,105,110
155,80,90
155,80,135
140,85,115
175,115,150
185,110,140
185,110,145
170,90,155
140,80,115
175,95,100
165,110,120
155,100,145
175,90,115
180,95,130
160,80,100
180,95,135
170,85,120
175,90,140
185,110,135
185,110,150
185,105,140
150,80,135
170,85,125
175,95,160
175,115,130
150,95,140
160,80,130
180,100,110
185,105,135
140,85,100
140,80,95
180,95,125
185,105,145
170,85,115
150,80,85
180,115,155
180,95,140
150,100,120
170,85,130
180,105,110
180,100,160
180,105,165
150,100,125
145,80,130
145,90,95
180,115,130
175,90,110
185,105,130
180,95,120
185,105,150
185,110,130
185,110,155
165,110,150
170,85,110
140,85,120
165,85,90
180,110,165
160,105,150
155,105,125
175,90,145
180,95,145
170,115,140
175,115,155
170,85,135
150,100,115
155,105,130
145,80,85
140,80,120
145,95,115
160,80,95
180,110,115
165,85,150
170,115,135
145,75,105
145,95,120
160,80,135
145,75,110
185,115,145
145,75,100
155,80,85
185,105,125
150,100,130
155,80,140
170,115,145
185,115,150
180,95,115
185,105,155
155,105,120
185,115,140
170,85,105
175,115,125
180,115,160
140,85,95
175,90,105
140,80,90
145,95,110
180,95,150
185,110,125
150,75,105
150,75,110
185,110,160
170,85,140
145,90,135
180,100,105
145,75,115
170,115,130
155,105,135
165,110,115
145,75,95
175,90,150
180,115,125
185,115,155
180,100,165
145,95,125
150,75,100
150,75,115
185,115,135
140,75,105
140,75,100
150,100,110
160,80,90
185,105,120
170,115,150
180,95,110
185,100,135
170,85,100
185,100,140
140,85,125
185,105,160
160,110,130
160,80,140
140,75,110
175,115,160
160,110,135
185,100,130
140,75,95
150,75,95
145,75,120
150,75,120
140,80,125
165,80,115
180,95,155
165,80,120
185,100,145
170,85,145
155,105,115
145,75,90
175,90,100
185,115,160
165,80,110
150,100,135
140,90,110
145,95,105
185,110,120
185,115,130
165,110,155
185,110,165
165,80,125
140,90,115
160,110,125
185,100,125
170,115,125
175,90,155
180,115,165
185,100,150
140,75,115
165,80,105
175,115,120
155,105,140
160,110,140
140,80,85
140,90,105
140,85,90
185,105,115
165,80,130
140,75,90
145,95,130
180,95,105
150,75,90
150,75,125
170,85,95
180,115,120
135,80,105
155,75,110
185,105,165
185,100,120
160,80,85
155,75,105
135,80,100
155,75,115
140,90,120
180,120,145
145,75,125
180,95,160
170,115,155
170,85,150
185,100,155
160,80,145
165,80,100
180,120,150
145,75,85
185,115,165
135,80,110
155,75,100
175,90,95
180,120,140
185,115,125
165,80,135
150,100,105
155,75,120
160,110,120
140,75,120
185,110,115
185,110,170
135,80,95
140,85,130
185,120,150
175,90,160
180,120,155
185,100,115
185,120,145
155,105,110
190,110,145
140,90,100
135,75,100
150,75,85
140,75,85
150,75,130
155,75,95
190,110,140
190,110,150
145,95,100
160,110,145
165,80,95
135,75,105
155,75,125
185,105,110
180,95,100
185,100,160
185,120,155
