145,142,81
145,143,81
145,141,81
146,143,82
144,141,80
145,144,81
145,140,81
146,143,81
144,141,81
146,144,82
146,142,82
144,142,80
144,140,80
146,142,81
144,142,81
146,144,81
144,140,81
145,142,80
145,142,82
146,145,82
146,141,82
144,143,80
144,139,80
145,141,80
145,143,82
145,143,80
146,141,81
145,141,82
144,143,81
146,145,81
144,139,81
145,145,81
145,139,81
147,144,82
143,140,80
147,143,82
143,141,80
147,145,82
143,139,80
145,140,80
145,144,82
145,144,80
145,140,82
146,146,82
146,140,82
144,144,80
144,138,80
147,142,82
146,140,81
143,142,80
147,146,82
146,146,81
144,144,81
143,138,80
144,138,81
147,144,83
143,140,79
147,145,83
147,143,83
145,139,80
143,141,79
143,139,79
144,145,81
145,138,81
145,145,80
145,145,82
145,139,82
146,143,83
144,141,79
146,144,83
147,144,81
147,141,82
146,142,83
144,140,79
143,140,81
144,142,79
147,147,82
143,143,80
147,143,81
147,146,83
147,142,83
143,142,79
143,138,79
147,145,81
143,137,80
143,141,81
146,143,80
143,139,81
144,141,82
146,139,81
145,146,82
146,139,82
143,144,80
144,137,80
146,142,80
146,144,80
145,146,81
144,142,82
146,145,83
143,144,81
144,139,79
144,140,82
146,141,83
147,142,81
144,143,79
148,145,83
142,139,79
144,137,81
147,146,81
143,142,81
148,144,83
142,140,79
145,138,80
148,146,83
142,138,79
146,141,80
143,138,81
144,145,80
144,145,82
146,145,80
147,147,83
147,141,83
144,143,82
148,145,82
143,143,79
143,137,79
142,139,80
145,138,82
144,139,82
148,144,82
147,140,82
148,146,82
142,140,80
148,143,83
143,145,81
145,137,81
142,138,80
146,147,82
142,141,79
148,147,83
142,143,80
144,138,79
142,137,79
147,141,81
146,146,83
144,144,79
143,136,80
146,140,83
147,147,81
148,143,82
146,140,80
143,143,81
148,147,82
142,141,80
145,142,79
145,142,83
146,146,80
146,138,81
143,137,81
142,137,80
144,144,82
144,146,82
146,138,82
142,144,80
144,136,80
145,141,79
145,143,83
144,146,81
145,143,79
145,141,83
148,142,83
144,138,82
142,144,81
148,148,83
142,142,79
146,147,83
147,140,83
142,143,79
143,136,79
142,136,79
144,136,81
145,137,80
148,142,82
145,140,79
143,145,80
145,144,83
147,140,81
145,144,79
144,137,79
148,145,84
143,145,82
148,148,82
145,140,83
142,142,80
145,146,83
143,144,79
147,139,82
148,146,84
148,144,84
142,139,78
147,144,84
145,137,82
146,147,81
146,139,80
146,139,83
145,147,82
142,136,80
147,145,84
142,140,78
142,138,78
142,143,81
147,143,84
141,143,80
143,140,78
145,146,80
143,135,80
143,139,78
143,141,78
143,144,82
143,136,81
145,139,79
142,145,81
148,147,84
148,143,84
148,141,83
149,146,83
141,138,79
147,148,83
145,145,79
145,145,83
147,146,84
142,141,78
142,137,78
141,142,79
144,137,82
149,145,83
141,139,79
147,142,84
149,147,83
148,141,82
141,137,79
142,135,79
145,139,83
143,138,78
143,142,78
147,148,82
148,145,81
145,147,83
147,139,83
143,146,82
141,144,80
147,144,80
141,143,79
143,135,79
143,146,81
148,144,81
141,142,80
149,144,83
149,146,84
147,139,81
147,143,80
148,146,81
141,140,79
141,138,78
149,148,83
144,136,79
147,145,80
142,139,81
149,145,84
141,144,81
148,148,84
148,142,84
149,147,84
141,136,79
143,140,82
141,139,78
142,135,80
146,138,80
142,144,79
142,140,81
141,137,78
144,146,83
145,147,81
143,141,82
142,142,78
142,136,78
147,147,84
142,138,81
145,138,79
142,145,80
148,143,81
147,142,80
143,139,82
147,141,84
146,138,83
143,137,78
144,146,80
148,147,81
146,143,84
142,145,82
143,143,78
141,143,81
144,145,79
147,146,80
149,144,84
149,148,84
144,145,83
146,144,84
141,140,78
149,143,83
144,147,82
144,141,78
142,141,81
146,142,84
148,140,83
141,136,78
142,144,82
143,142,82
144,140,78
149,149,83
141,141,79
143,135,81
140,143,80
144,142,78
146,148,83
145,138,83
142,137,81
148,140,82
149,146,82
143,138,82
140,142,79
148,142,81
141,135,79
149,145,82
147,141,80
144,136,82
146,145,84
142,134,79
146,143,79
149,147,82
141,138,80
146,148,82
144,139,78
146,141,84
147,148,84
148,141,84
146,142,79
148,148,81
141,139,80
149,143,84
147,147,80
146,144,79
144,143,78
144,141,83
141,145,81
141,137,80
149,149,84
141,142,78
142,135,78
146,147,84
140,142,80
149,144,82
141,141,78
144,142,83
143,136,78
142,142,81
147,140,84
141,135,78
144,140,83
144,147,83
143,143,82
142,143,78
149,148,82
145,137,79
140,143,79
146,141,79
149,142,83
141,140,80
142,134,80
146,145,79
142,136,81
143,137,82
148,149,83
143,145,79
141,144,79
146,146,84
144,147,81
142,146,81
144,138,78
142,146,82
144,143,83
141,136,80
140,144,80
148,141,81
140,141,79
143,146,83
147,140,80
144,144,78
146,140,84
143,145,83
144,139,83
149,143,82
143,146,80
140,144,81
141,134,79
147,148,81
146,140,79
141,145,80
140,143,81
146,147,80
149,142,84
149,149,82
145,137,83
148,149,84
146,146,79
145,148,83
141,141,80
141,144,82
140,141,78
148,145,85
141,145,82
150,147,84
149,146,85
140,137,78
146,148,84
148,140,84
143,147,82
141,142,81
141,134,78
148,146,85
150,146,84
139,142,79
142,143,82
144,144,83
140,138,78
148,144,85
149,147,85
149,145,85
150,148,84
140,142,78
142,134,78
140,136,78
145,148,82
143,135,78
141,135,80
145,147,84
144,137,78
139,143,80
149,141,83
141,143,78
141,138,77
147,139,84
144,138,83
145,146,84
142,135,81
142,139,77
149,142,82
143,136,82
150,145,84
141,139,77
141,137,77
143,144,78
148,147,85
142,138,77
150,147,83
148,140,81
140,139,78
139,142,80
142,140,77
149,148,85
149,144,85
147,149,83
150,149,84
148,143,85
146,139,79
147,139,80
146,139,84
140,137,79
150,146,83
140,135,78
150,148,83
148,149,82
140,138,79
139,141,79
140,136,79
142,145,79
145,142,78
145,142,84
145,146,79
143,147,83
141,140,77
141,136,77
146,148,81
142,137,77
139,143,79
145,147,80
145,141,78
145,143,84
149,141,84
150,145,83
142,141,77
140,141,80
140,145,81
145,143,78
141,133,79
145,141,84
147,149,84
143,147,81
150,144,84
150,149,83
140,144,79
143,144,83
142,145,83
140,139,79
148,148,85
147,144,85
139,141,78
150,150,84
149,149,85
149,143,85
140,140,78
150,147,85
145,140,78
148,142,85
142,146,80
141,134,80
140,135,79
142,146,83
147,145,85
141,133,78
145,144,84
140,142,81
147,143,85
150,146,85
141,146,81
140,134,78
144,136,78
150,148,85
145,144,78
141,143,82
141,146,82
140,137,77
139,144,80
144,137,83
149,141,82
145,140,84
145,148,84
150,144,83
142,136,77
141,141,77
141,135,77
140,138,77
148,145,80
140,136,77
139,143,81
142,142,77
143,140,77
142,144,78
146,138,79
144,146,84
148,144,80
139,142,78
144,148,83
149,146,81
147,146,85
139,144,81
143,139,77
140,145,80
150,150,83
144,147,84
148,146,80
150,145,85
149,145,81
142,134,81
140,143,78
143,141,77
150,149,85
140,144,82
140,140,79
147,142,85
143,135,82
147,149,82
145,139,78
149,147,81
144,148,82
138,142,79
146,138,84
150,143,84
148,143,80
146,149,83
140,139,77
144,146,79
142,147,82
140,135,77
145,145,78
145,145,84
140,134,79
140,145,82
149,144,81
143,138,77
