179,111,164
179,111,165
179,111,163
180,112,165
178,110,163
179,111,166
179,111,162
180,112,166
180,112,164
178,110,164
178,110,162
180,111,165
178,111,163
180,111,164
178,111,164
179,110,164
179,112,164
179,110,163
179,112,165
180,111,166
178,111,162
179,110,165
179,112,163
180,112,167
180,112,163
178,110,165
178,110,161
180,111,163
178,111,165
179,110,162
179,112,166
179,111,167
179,111,161
180,111,167
178,111,161
179,110,166
179,112,162
181,112,166
177,110,162
181,112,165
177,110,163
181,112,167
180,111,162
177,110,161
180,112,168
180,112,162
178,110,166
178,110,160
180,113,165
178,111,166
178,109,163
179,110,161
180,113,166
179,112,167
178,109,162
181,113,166
177,109,162
181,112,164
177,110,164
180,113,164
178,109,164
181,113,167
181,113,165
177,109,163
177,109,161
180,111,168
178,111,160
179,110,167
181,112,168
180,113,167
177,110,160
178,109,161
179,112,161
179,111,160
180,110,165
180,110,164
178,112,163
178,112,164
181,113,168
181,113,164
177,109,164
177,109,160
178,109,165
180,113,163
180,110,166
181,112,163
181,111,166
180,110,163
181,111,165
180,111,161
177,110,165
178,112,162
177,111,162
177,111,163
178,112,165
179,110,160
180,112,161
178,110,159
181,111,167
178,109,160
180,113,168
181,111,164
181,112,169
177,111,161
179,109,164
179,113,164
177,111,164
179,109,163
179,113,165
177,110,159
180,110,167
181,113,169
181,113,163
180,110,162
177,109,165
177,109,159
178,109,166
178,112,161
179,109,165
178,111,159
179,113,163
180,113,162
179,109,162
182,113,167
176,109,161
178,112,166
179,113,166
179,112,160
181,111,168
182,113,166
176,109,162
181,111,163
181,112,162
182,113,168
176,109,160
177,111,160
179,111,159
177,111,165
181,114,166
182,113,165
179,109,166
176,109,163
178,109,159
181,114,167
180,111,160
177,108,162
182,112,167
179,109,161
182,112,166
179,113,162
180,110,168
176,110,161
177,108,161
176,110,162
179,110,159
181,114,165
179,113,167
182,113,169
180,110,161
177,108,163
176,109,159
180,112,160
178,110,158
182,112,168
177,110,158
178,112,160
182,112,165
181,113,162
176,110,160
181,111,169
181,114,168
177,109,158
182,114,167
176,110,163
177,108,160
181,111,162
176,108,161
182,114,168
182,114,166
182,113,164
180,113,161
177,111,159
176,108,162
176,108,160
181,114,164
176,109,164
177,108,164
180,114,165
179,109,167
180,114,166
182,112,169
178,108,163
178,108,162
178,111,158
181,112,161
179,109,160
182,112,164
182,113,170
179,112,159
176,110,159
179,113,161
182,114,169
182,114,165
176,109,158
180,114,164
181,114,169
176,110,164
176,108,163
176,108,159
177,108,159
180,114,167
178,108,164
178,108,161
178,109,158
180,110,160
181,110,165
179,111,158
181,110,166
181,114,163
177,108,165
180,111,159
182,113,163
177,112,163
178,112,159
181,110,164
177,112,162
179,110,158
181,111,161
182,112,170
180,109,164
178,108,165
180,114,163
181,113,161
180,109,165
181,110,167
177,109,157
178,108,160
182,114,170
182,114,164
180,114,168
177,110,157
182,112,163
178,113,164
177,112,164
176,108,164
176,108,158
178,113,163
180,112,159
178,110,157
177,111,158
180,109,163
176,110,158
177,112,161
180,109,166
179,109,159
180,113,160
182,111,166
177,108,158
178,113,165
181,110,163
182,111,167
176,109,157
178,113,162
179,113,160
176,111,162
182,111,165
176,111,161
181,110,168
183,113,168
183,114,168
183,113,167
175,109,160
175,108,160
175,109,161
180,109,162
177,112,165
183,114,167
182,111,168
181,112,160
175,108,161
178,108,166
176,111,163
183,114,169
175,108,159
183,113,169
180,114,162
178,108,159
181,114,162
180,109,167
183,113,166
175,109,159
178,111,157
178,113,166
177,112,160
176,111,160
175,109,162
178,109,157
179,112,158
180,110,159
182,113,162
183,114,166
182,111,164
182,114,163
175,108,162
181,110,162
176,108,157
182,115,167
182,112,162
178,113,161
182,115,168
179,108,163
179,114,165
182,111,169
183,114,170
179,108,164
181,111,160
179,114,164
175,108,158
182,115,166
176,111,164
176,107,161
183,113,170
178,112,158
176,110,157
181,110,169
180,109,161
176,107,160
183,113,165
179,108,162
175,109,158
179,114,166
177,108,157
179,111,157
176,107,162
177,112,166
181,115,166
175,109,163
181,113,160
180,111,158
181,115,167
179,108,165
177,109,156
182,115,169
176,111,159
179,114,163
183,114,165
179,110,157
177,111,157
179,109,158
180,109,168
175,108,163
177,110,156
182,111,163
176,107,159
178,113,167
177,107,162
177,107,161
182,115,165
181,115,165
176,109,156
181,115,168
177,112,159
179,108,161
178,108,158
183,112,167
180,113,159
179,113,159
183,112,168
180,112,158
178,110,156
183,114,171
176,107,163
183,115,168
180,114,161
177,107,163
182,111,170
179,114,167
175,110,161
177,107,160
181,110,161
175,108,157
179,108,166
183,113,171
178,113,160
175,110,160
183,115,169
183,115,167
183,112,166
175,107,160
176,111,165
182,115,170
181,114,161
183,113,164
183,112,169
175,107,161
175,107,159
179,114,162
182,114,162
175,109,157
175,110,162
176,108,156
180,109,160
176,107,158
181,112,159
181,115,164
182,113,161
181,115,169
175,110,159
182,112,161
183,114,164
176,111,158
177,107,164
183,115,170
183,115,166
180,110,158
182,115,164
183,112,165
177,107,159
179,108,160
178,109,156
175,107,162
175,107,158
182,111,162
176,107,164
178,111,156
183,112,170
176,110,156
181,111,159
175,110,163
179,112,157
179,114,168
179,108,167
177,108,156
178,112,157
175,110,158
177,112,158
175,108,156
179,109,157
180,115,166
179,114,161
183,115,171
183,115,165
178,108,157
181,115,163
176,107,157
183,113,163
180,115,165
181,110,160
177,107,165
183,112,164
181,113,159
177,109,155
178,113,159
177,111,156
175,107,163
175,107,157
177,107,158
178,107,162
178,107,163
176,109,155
180,114,160
175,109,156
180,115,167
180,111,157
181,109,165
180,109,159
179,110,156
179,111,156
179,108,159
183,112,171
182,110,166
178,107,161
184,114,169
177,110,155
174,108,159
180,115,164
181,109,166
184,114,168
174,108,160
182,115,163
183,114,163
181,109,164
179,113,158
182,110,167
175,110,164
178,107,164
182,110,165
176,111,157
182,114,161
181,114,160
184,114,170
176,108,155
177,113,163
180,113,158
174,108,158
184,114,167
182,111,161
174,108,161
181,109,167
177,113,162
176,112,162
180,115,168
180,112,157
182,110,168
178,110,155
182,112,160
177,113,164
175,110,157
181,109,163
178,107,160
182,113,160
176,112,161
184,115,169
182,110,164
176,112,163
183,115,164
174,107,159
184,115,168
180,115,163
174,107,160
178,107,165
183,112,163
181,112,158
184,115,170
175,107,156
184,114,171
176,107,156
181,115,162
180,108,164
180,110,157
174,107,158
177,113,161
184,113,168
184,114,166
177,107,157
184,113,169
174,108,157
175,108,155
179,114,160
180,108,165
174,109,160
181,109,168
180,108,163
174,108,162
176,112,160
184,115,167
176,110,155
177,113,165
174,109,159
183,113,162
177,108,155
178,109,155
178,114,164
183,111,167
182,110,169
184,113,167
174,107,161
181,111,158
177,112,157
176,112,164
183,111,168
181,109,162
178,114,163
184,113,170
183,116,168
181,110,159
174,109,161
183,111,166
184,115,171
182,116,167
178,107,159
178,114,165
182,110,163
179,108,158
182,116,168
178,108,156
180,108,166
183,116,169
180,115,169
174,107,157
175,109,155
174,109,158
178,113,158
180,108,162
183,116,167
182,115,162
178,111,155
175,111,161
180,109,158
179,109,156
183,111,169
183,114,162
182,116,166
179,112,156
178,107,166
184,113,166
178,112,156
182,116,169
184,114,172
175,111,160
