207,39,134
207,39,133
207,39,135
207,39,132
207,39,136
207,39,131
207,39,137
207,39,130
207,39,138
208,39,135
206,39,133
208,39,134
206,39,134
208,39,136
206,39,132
208,39,133
206,39,135
208,39,137
206,39,131
208,39,132
206,39,136
207,38,134
207,40,134
207,38,133
207,40,135
207,39,129
207,39,139
207,38,135
207,40,133
207,38,132
207,40,136
208,39,138
206,39,130
208,39,131
206,39,137
207,38,136
207,40,132
207,38,131
207,40,137
208,40,135
206,38,133
208,40,134
208,40,136
206,38,132
206,38,134
208,40,133
208,40,137
207,38,137
206,38,131
206,38,135
207,40,131
208,39,139
207,39,128
207,39,140
207,38,130
206,39,129
207,40,138
208,39,130
206,39,138
208,40,132
208,40,138
206,38,130
206,38,136
207,38,138
207,40,130
207,38,129
207,40,139
208,39,140
206,39,128
208,39,129
208,40,131
208,40,139
206,38,129
206,38,137
206,39,139
208,38,134
207,39,127
207,39,141
206,40,134
208,38,135
208,38,133
206,40,133
206,40,135
208,38,136
207,38,139
206,40,132
208,38,132
207,40,129
206,40,136
207,38,128
207,40,140
208,40,130
208,40,140
206,38,128
206,38,138
208,38,137
208,39,141
206,40,131
208,38,131
206,39,127
208,39,128
206,40,137
206,39,140
208,38,138
207,39,126
207,39,142
207,38,140
206,40,130
208,38,130
207,40,128
209,39,135
205,39,133
207,38,127
209,39,136
205,39,132
206,40,138
209,39,134
208,40,129
208,40,141
205,39,134
207,40,141
206,38,127
206,38,139
209,39,137
205,39,131
209,39,133
205,39,135
208,39,142
209,40,136
209,40,135
208,38,139
205,38,132
205,38,133
206,39,126
208,39,127
209,40,137
206,40,129
209,39,138
209,40,134
205,38,131
205,39,130
205,38,134
206,39,141
208,38,129
209,39,132
205,39,136
206,40,139
209,40,138
205,38,130
209,40,133
207,38,141
205,38,135
207,40,127
208,40,128
208,40,142
207,38,126
206,38,126
206,38,140
209,39,139
207,39,125
207,39,143
205,39,129
207,40,142
208,38,140
209,39,131
209,40,139
205,39,137
205,38,129
209,40,132
206,40,128
205,38,136
208,38,128
208,39,143
206,40,140
206,39,125
209,39,140
208,39,126
205,39,128
206,39,142
209,40,140
209,39,130
205,38,128
209,40,131
208,41,135
205,39,138
205,38,137
208,41,136
207,38,142
206,37,133
206,37,132
208,41,134
207,37,133
207,41,135
208,38,141
208,40,127
208,40,143
208,41,137
206,38,125
206,38,141
207,37,134
207,41,134
207,40,126
207,37,132
207,41,136
207,38,125
206,37,134
206,37,131
206,40,127
207,40,143
207,37,135
207,41,133
208,38,127
208,41,133
207,37,131
208,41,138
209,39,141
207,41,137
207,39,124
207,39,144
206,37,135
206,37,130
209,40,141
205,39,127
206,40,141
205,38,127
209,40,130
209,39,129
207,37,136
205,38,138
207,41,132
208,39,144
207,37,130
205,39,139
208,41,132
207,41,138
208,41,139
206,37,136
206,39,124
209,38,135
206,37,129
208,39,125
209,38,134
209,38,136
205,40,133
205,40,134
206,39,143
208,38,142
209,38,133
207,37,137
205,40,132
207,41,131
205,40,135
207,37,129
207,38,143
209,38,137
209,39,142
208,40,126
208,40,144
207,41,139
206,38,124
206,38,142
209,40,142
208,41,131
206,40,126
208,38,126
209,38,132
206,37,137
207,40,125
205,38,126
208,41,140
205,40,131
207,38,124
209,40,129
205,39,126
206,37,128
209,39,128
205,38,139
205,40,136
207,40,144
209,38,138
206,40,142
207,37,138
205,39,140
207,41,130
205,40,130
209,38,131
207,37,128
207,39,123
207,39,145
207,41,140
205,40,137
208,41,130
206,37,138
209,41,136
208,41,141
208,39,145
209,38,139
209,41,135
209,41,137
206,37,127
208,38,143
209,40,143
205,37,132
209,39,143
206,39,123
208,39,124
205,37,131
205,37,133
205,40,129
209,41,134
209,41,138
205,38,125
209,38,130
209,40,128
208,37,134
207,37,139
208,37,133
205,39,125
206,39,144
208,37,135
205,38,140
206,40,125
207,41,129
205,37,130
205,37,134
208,38,125
209,39,127
206,41,134
206,41,135
208,37,132
208,40,125
208,40,145
205,40,138
207,38,144
206,38,123
206,38,143
207,37,127
206,41,133
209,41,133
209,41,139
208,37,136
206,41,136
207,41,141
205,39,141
209,38,140
207,40,124
207,38,123
208,41,129
206,40,143
208,37,131
206,37,139
205,37,129
205,37,135
206,41,132
208,41,142
207,40,145
206,37,126
205,40,128
206,41,137
209,38,129
208,37,137
209,41,132
209,41,140
207,37,140
208,37,130
206,41,131
209,40,144
205,40,139
205,37,128
205,37,136
209,39,144
207,41,128
205,38,124
208,38,144
207,39,122
207,39,146
209,40,127
206,41,138
207,37,126
209,38,141
210,40,136
204,38,132
208,39,146
210,40,137
208,37,138
204,38,131
205,38,141
210,40,135
205,39,124
204,38,133
207,41,142
209,39,126
210,39,136
210,40,138
210,39,135
204,39,132
208,41,128
208,39,123
209,41,131
209,41,141
206,39,122
206,37,140
204,38,130
204,39,133
208,38,124
206,40,124
208,37,129
210,40,134
206,41,130
205,40,127
210,39,137
209,38,128
204,38,134
204,39,131
208,41,143
206,37,125
210,39,134
205,37,127
205,37,137
205,39,142
204,39,134
206,39,145
208,40,124
208,40,146
206,38,122
206,38,144
207,38,145
210,40,139
210,39,138
206,41,139
204,38,129
204,39,130
210,40,133
206,40,144
205,40,140
210,39,133
208,37,139
204,38,135
207,37,141
207,38,122
204,39,135
207,40,123
209,38,142
207,41,127
210,39,139
207,40,146
207,37,125
208,37,128
206,41,129
209,40,145
210,40,140
204,39,129
209,41,130
209,41,142
204,38,128
209,39,145
210,39,132
210,40,132
209,40,126
205,38,123
205,37,126
205,37,138
207,41,143
204,39,136
204,38,136
205,40,126
209,38,127
206,41,140
208,38,145
205,38,142
206,37,141
208,41,127
205,39,123
210,39,140
209,39,125
208,37,140
206,37,124
208,41,144
204,39,128
210,40,141
207,39,147
207,39,121
208,39,147
210,39,131
204,38,127
205,40,141
208,38,123
206,40,123
210,40,131
205,39,143
204,39,137
208,37,127
206,41,128
207,37,142
204,38,137
208,39,122
209,41,129
209,41,143
206,39,121
209,38,143
208,40,123
208,40,147
210,39,141
205,37,125
205,37,139
206,38,145
206,38,121
207,41,126
206,39,146
207,37,124
206,40,145
207,38,146
206,41,141
204,39,127
210,40,142
209,40,146
210,39,130
208,37,141
209,38,126
207,38,121
205,40,125
207,40,122
207,41,144
204,38,126
209,39,146
210,40,130
209,40,125
204,39,138
205,38,122
206,37,142
208,41,126
207,40,147
204,38,138
206,37,123
205,38,143
208,37,126
208,41,145
206,41,127
210,39,142
208,38,146
205,40,142
209,39,124
205,39,122
209,41,128
209,41,144
210,41,137
210,41,136
204,39,126
207,37,143
210,41,138
209,38,144
205,37,124
205,37,140
210,41,135
210,40,143
204,37,131
204,37,132
210,39,129
206,41,142
208,38,122
205,39,144
204,37,130
204,37,133
204,38,125
206,40,122
210,41,139
209,37,134
209,37,135
210,41,134
207,41,125
210,40,129
208,37,142
208,39,148
204,39,139
207,37,123
209,37,133
207,39,120
207,39,148
209,37,136
204,37,129
210,38,135
204,38,139
209,38,125
204,37,134
210,38,136
205,40,124
208,39,121
210,38,134
209,37,132
206,39,120
205,41,134
210,39,143
205,41,133
210,41,140
210,38,137
207,41,145
208,40,122
208,40,148
206,40,146
206,38,146
