227,107,139
227,107,138
227,107,140
227,107,137
227,107,141
227,107,136
227,107,142
227,106,138
227,108,140
228,107,139
226,107,139
227,106,139
227,108,139
228,107,140
228,108,140
226,107,138
226,106,138
227,106,137
227,108,141
228,108,139
228,108,141
228,107,138
226,106,137
226,106,139
226,107,140
227,106,140
227,108,138
228,107,141
226,107,137
228,108,138
228,108,142
226,106,136
226,106,140
227,106,136
228,107,137
227,108,142
226,107,141
227,107,135
227,107,143
227,106,141
228,107,142
227,108,137
226,107,136
228,108,137
228,108,143
226,106,135
226,106,141
227,106,135
228,107,136
227,108,143
226,107,142
227,106,142
228,107,143
227,108,136
226,107,135
227,107,134
227,107,144
228,108,136
228,108,144
226,106,134
226,106,142
227,106,134
228,107,135
227,108,144
226,107,143
228,106,139
228,106,138
226,108,139
226,108,140
228,109,141
228,106,140
226,105,137
228,109,140
228,106,137
229,108,140
225,106,138
227,106,143
226,108,138
226,105,138
228,107,144
226,108,141
229,108,141
225,106,137
227,108,135
228,109,142
226,107,134
226,105,136
229,108,139
225,106,139
228,109,139
226,105,139
229,108,142
225,106,136
228,106,141
228,108,135
228,108,145
228,106,136
226,106,133
226,106,143
227,107,133
227,107,145
226,108,137
228,109,143
226,108,142
226,105,135
229,108,138
225,106,140
227,106,133
228,107,134
227,108,145
226,107,144
228,109,138
226,105,140
229,108,143
225,106,135
227,105,138
227,109,140
227,105,137
227,109,141
229,107,140
229,107,139
228,106,142
225,107,138
225,107,139
228,106,135
228,109,144
226,105,134
227,105,139
226,108,136
227,106,144
229,108,137
227,109,139
227,105,136
228,107,145
227,109,142
229,107,141
225,106,141
226,108,143
229,109,141
229,107,138
225,107,137
225,105,137
225,107,140
227,108,134
226,107,133
229,109,140
229,109,142
225,105,136
225,105,138
226,105,141
228,109,137
229,108,144
225,106,134
227,105,140
227,105,135
227,109,138
229,107,142
228,108,134
228,108,146
226,106,132
226,106,144
227,109,143
229,107,137
229,109,139
229,109,143
225,107,136
225,105,135
225,105,139
225,107,141
227,106,132
228,107,133
228,106,143
227,107,132
227,107,146
228,106,134
226,105,133
228,109,145
229,108,136
227,108,146
226,107,145
225,106,142
226,108,135
226,108,144
227,105,141
229,109,138
229,109,144
229,107,143
227,105,134
225,105,134
225,105,140
227,109,137
229,107,136
227,109,144
225,107,135
226,105,142
225,107,142
229,108,145
228,109,136
227,106,145
225,106,133
228,107,146
227,108,133
226,107,132
228,106,144
229,109,137
229,109,145
226,105,132
228,106,133
229,108,135
225,105,133
225,105,141
228,109,146
227,105,142
228,108,133
228,108,147
226,106,131
226,106,145
229,107,144
227,105,133
225,106,143
229,107,135
226,108,134
227,109,136
227,109,145
226,108,145
225,107,134
227,106,131
228,107,132
225,107,143
227,108,147
226,107,146
227,107,131
227,107,147
226,105,143
229,108,146
228,109,135
225,106,132
229,109,136
229,109,146
225,105,132
225,105,142
227,106,146
228,105,138
228,107,147
227,105,143
229,106,139
228,105,137
229,107,145
229,106,138
227,105,132
226,109,140
228,106,145
228,105,139
229,107,134
226,105,131
229,108,134
229,106,140
225,108,139
226,109,141
228,106,132
227,108,132
226,107,131
227,109,135
228,109,147
225,108,140
226,109,139
225,106,144
225,107,133
227,109,146
228,110,141
228,105,136
228,110,142
225,108,138
229,106,137
225,107,144
226,104,137
226,104,136
226,108,133
226,109,142
228,105,140
230,108,141
230,108,140
224,106,137
229,110,142
229,106,141
224,106,138
225,108,141
228,110,140
226,108,146
228,110,143
229,110,141
228,108,132
228,108,148
226,106,130
226,106,146
226,104,138
226,109,138
226,104,135
230,109,141
225,104,136
229,110,143
224,105,137
230,108,142
225,108,137
230,109,142
230,108,139
224,106,136
225,104,137
224,105,136
224,106,139
226,105,144
228,105,135
229,108,147
229,106,136
230,109,140
229,110,140
225,104,135
224,105,138
227,106,130
228,109,134
228,107,131
225,106,131
228,110,139
230,109,143
225,104,138
226,109,143
224,105,135
228,110,144
228,105,141
226,104,139
225,108,142
229,109,135
229,109,147
229,106,142
229,110,144
226,104,134
230,108,143
225,105,131
225,105,143
227,108,148
230,108,138
226,107,147
224,106,135
224,106,140
230,109,139
225,104,134
224,105,139
227,105,144
226,109,137
227,107,130
227,107,148
229,107,146
225,108,136
229,110,139
227,105,131
229,107,133
230,109,144
225,104,139
228,105,134
224,105,134
229,106,135
227,109,134
228,106,146
226,105,130
229,108,133
228,110,138
225,107,132
227,109,147
228,106,131
226,104,140
229,110,145
228,110,145
226,104,133
228,109,148
230,108,144
227,106,147
225,107,145
226,109,144
228,107,148
230,108,137
230,109,138
225,106,145
228,105,142
225,104,133
225,108,143
224,106,134
229,106,143
224,105,140
224,106,141
226,108,132
227,108,131
226,107,130
229,110,138
226,109,136
226,108,147
230,109,145
225,104,140
225,108,135
224,105,133
226,105,145
227,104,137
227,110,141
229,108,148
228,105,133
229,106,134
227,104,136
227,110,142
230,107,140
228,108,131
228,108,149
226,106,129
226,106,147
227,104,138
229,109,134
229,109,148
230,107,139
227,110,140
228,109,133
226,104,141
229,110,146
225,105,130
225,105,144
228,110,137
224,107,138
230,107,141
230,108,145
225,106,130
226,104,132
228,110,146
230,109,137
224,107,139
225,104,132
230,108,136
227,104,135
224,105,141
224,107,137
227,110,143
224,106,133
227,105,145
226,109,145
230,107,138
227,106,129
229,107,147
228,105,143
228,107,130
225,108,144
224,106,142
229,106,144
227,105,130
227,104,139
229,107,132
227,110,139
224,107,140
230,107,142
230,110,142
229,110,137
230,109,146
225,104,141
227,108,149
230,110,141
230,110,143
224,107,136
226,107,148
224,104,136
227,109,133
227,104,134
224,105,132
226,109,135
225,107,131
224,104,135
224,104,137
227,110,144
230,107,137
226,105,129
228,106,147
227,109,148
225,108,134
229,108,132
225,107,146
227,107,129
227,107,149
228,106,130
227,104,140
230,110,140
230,110,144
224,107,141
228,109,149
228,105,132
230,107,143
229,106,133
227,110,138
225,106,146
224,104,134
224,104,138
226,104,142
229,110,147
230,108,146
230,109,136
226,104,131
225,104,131
228,110,136
230,108,135
224,107,135
227,106,148
228,107,149
228,110,147
224,105,142
226,108,131
227,104,133
224,106,132
230,107,136
224,106,143
226,108,148
226,109,146
230,110,139
230,110,145
228,105,144
227,110,145
229,106,145
225,108,145
227,108,130
226,107,129
226,105,146
224,104,133
224,104,139
229,108,149
229,109,133
229,109,149
229,110,136
227,104,141
225,105,129
225,105,145
230,109,147
225,104,142
224,107,142
230,107,144
224,105,131
228,109,132
227,110,137
225,106,129
227,105,146
229,107,148
226,109,134
227,105,129
228,108,130
228,108,150
226,106,128
226,106,148
224,107,134
225,108,133
229,107,131
230,110,138
230,110,146
227,104,132
228,105,131
229,106,132
230,107,135
226,104,143
229,110,148
227,106,128
224,104,132
224,104,140
230,109,135
225,104,130
228,107,129
230,108,147
226,104,130
227,109,132
230,108,134
227,110,146
228,110,135
225,107,130
224,105,143
227,109,149
228,110,148
226,105,128
228,106,148
227,104,142
225,107,147
229,108,131
224,107,143
224,106,131
230,107,145
227,108,150
226,107,149
228,106,129
229,105,138
224,106,144
228,105,145
229,105,139
229,106,146
229,105,137
228,109,150
226,109,147
227,110,136
225,108,146
225,106,147
230,109,148
225,104,143
229,110,135
