194,107,130
194,107,129
194,107,131
194,107,128
194,107,132
195,108,131
193,106,129
195,107,130
193,107,130
195,108,130
195,108,132
193,106,128
193,106,130
195,107,131
193,107,129
194,106,129
194,108,131
194,106,130
194,108,130
195,107,129
193,107,131
194,106,128
194,108,132
194,107,127
194,107,133
195,107,132
193,107,128
195,108,129
195,108,133
193,106,127
193,106,131
194,106,131
194,108,129
195,107,128
193,107,132
194,106,127
194,108,133
195,107,133
193,107,127
194,106,132
195,108,128
195,108,134
193,106,126
193,106,132
194,108,128
194,107,126
194,107,134
195,107,127
196,108,131
192,106,129
193,107,133
196,108,132
192,106,128
194,106,126
194,108,134
196,108,130
192,106,130
195,109,132
193,105,128
195,109,131
196,108,133
192,106,127
195,107,134
193,105,129
193,107,126
195,109,133
194,106,133
193,105,127
194,108,127
195,108,127
195,108,135
195,106,130
193,106,125
193,106,133
195,106,129
196,108,129
193,108,130
192,106,131
193,108,131
195,109,130
196,109,132
193,105,130
192,105,128
196,109,131
196,109,133
195,106,131
195,106,128
192,105,127
192,105,129
193,108,129
195,107,126
196,108,134
193,108,132
195,109,134
192,106,126
193,105,126
194,107,125
194,107,135
194,106,125
193,107,134
196,107,131
196,107,130
194,108,135
192,107,129
192,107,130
196,109,130
196,109,134
192,105,126
192,105,130
193,105,131
195,109,129
196,108,128
195,106,132
196,107,132
195,106,127
196,107,129
192,106,132
192,107,128
193,108,128
192,107,131
195,107,135
193,108,133
194,106,134
194,105,129
194,109,131
194,105,128
194,109,132
193,107,125
193,105,125
195,109,135
194,108,126
196,108,135
195,108,126
195,108,136
193,106,124
193,106,134
194,105,130
192,106,125
194,105,127
194,109,130
196,107,133
194,109,133
196,109,129
196,109,135
196,107,128
192,105,125
192,105,131
192,107,127
192,107,132
195,106,133
193,105,132
195,106,126
195,107,125
195,109,128
194,106,124
193,108,127
196,108,127
193,107,135
194,105,131
193,108,134
194,105,126
194,109,129
192,106,133
194,108,136
194,109,134
194,107,124
194,107,136
196,107,134
196,107,127
193,105,124
195,109,136
192,107,126
196,109,128
196,109,136
195,107,136
197,109,132
191,105,128
192,105,124
192,105,132
196,108,136
192,107,133
197,109,133
191,105,127
194,106,135
192,106,124
193,107,124
197,109,131
191,105,129
194,105,132
195,106,134
194,105,125
194,108,125
197,108,132
197,108,131
195,106,125
191,106,128
191,106,129
193,105,133
197,109,134
194,109,128
195,108,125
195,108,137
193,106,123
193,106,135
191,105,126
194,109,135
195,109,127
196,110,133
193,108,126
197,108,133
196,110,132
197,108,130
191,106,127
193,108,135
191,106,130
192,104,127
197,109,130
191,105,130
192,104,128
196,110,134
196,108,126
196,107,135
195,107,124
192,104,126
196,107,126
192,106,134
196,110,131
194,106,123
197,109,135
191,105,125
192,104,129
197,108,134
193,107,136
193,105,123
192,107,125
197,108,129
192,107,134
191,106,126
195,110,132
194,108,137
195,110,133
196,109,127
196,109,137
196,110,135
195,109,137
191,106,131
192,105,123
192,105,133
194,105,133
196,106,130
193,104,128
193,104,127
192,104,125
194,105,124
196,106,129
197,109,129
196,108,137
194,107,123
194,107,137
195,110,131
196,106,131
192,108,130
191,105,131
195,110,134
194,109,127
196,110,130
195,106,135
193,104,129
192,108,131
193,104,126
197,110,133
194,109,136
192,106,123
195,106,124
192,104,130
195,107,137
195,105,129
192,108,129
196,106,128
191,104,127
197,110,132
197,110,134
195,105,128
194,106,136
193,105,134
193,109,131
197,109,136
195,105,130
191,104,126
191,104,128
197,108,135
193,109,132
197,108,128
196,106,132
193,107,123
191,105,124
195,109,126
192,108,132
193,108,125
196,110,136
193,109,130
191,106,125
195,110,130
194,108,124
192,104,124
193,108,136
195,105,127
195,110,135
193,104,130
191,106,132
196,107,136
193,104,125
197,110,131
197,110,135
196,107,125
195,108,124
195,108,138
193,106,122
193,106,136
192,108,128
196,108,125
191,104,125
191,104,129
193,109,133
195,105,131
196,106,127
197,109,128
196,110,129
197,107,131
192,104,131
192,106,135
193,109,129
192,107,124
191,105,132
197,107,130
194,105,134
196,106,133
192,107,135
192,108,133
193,105,122
195,107,123
195,105,126
194,105,123
191,107,129
197,107,132
196,109,126
196,109,138
192,105,122
192,105,134
194,106,122
191,107,130
195,109,138
197,110,130
197,110,136
193,104,131
191,107,128
195,110,129
197,108,136
197,107,129
193,104,124
193,109,134
195,110,136
191,104,124
191,104,130
194,109,126
197,108,127
193,107,137
195,105,132
197,109,137
192,108,127
196,110,137
194,109,137
192,104,123
196,108,138
194,108,138
195,106,136
197,107,133
191,105,123
196,106,126
191,107,131
191,106,124
195,106,123
191,106,133
193,109,128
192,106,122
191,107,127
193,105,135
194,107,122
194,107,138
197,107,128
195,105,125
196,106,134
195,107,138
192,108,134
194,104,128
194,110,132
196,110,128
192,104,132
196,107,137
197,109,127
195,109,125
193,108,124
194,106,137
194,104,127
194,110,133
196,107,124
197,110,129
197,110,137
193,108,137
194,104,129
191,107,132
197,107,134
194,110,131
191,105,133
193,104,132
191,104,123
191,104,131
193,109,135
195,105,133
198,109,133
190,105,127
198,109,132
193,104,123
193,107,122
190,105,128
195,110,128
194,104,126
196,108,124
192,108,126
194,108,123
194,110,134
195,110,137
194,105,135
191,107,126
197,108,137
198,109,134
198,109,131
196,106,125
192,107,123
195,108,123
195,108,139
190,105,126
193,106,121
193,106,137
194,105,122
194,104,130
190,105,129
197,108,126
197,107,127
194,110,130
192,107,136
192,104,122
196,110,138
197,109,138
193,109,127
192,106,136
193,105,121
196,109,125
196,109,139
198,110,133
192,105,121
192,105,135
190,104,127
198,110,134
191,105,122
191,106,123
195,105,124
190,104,126
194,104,125
194,109,125
191,106,134
198,110,132
195,107,122
198,109,135
195,109,139
190,104,128
198,109,130
196,106,135
197,107,135
194,110,135
191,107,133
194,109,138
190,105,125
194,106,121
190,105,130
192,108,135
198,110,135
194,104,131
195,106,137
190,104,125
196,108,139
197,110,128
197,110,138
192,104,133
195,106,122
196,110,127
195,105,134
194,110,129
191,104,122
191,104,132
193,107,138
197,111,134
198,110,131
193,109,136
196,111,133
196,111,134
193,104,133
197,111,133
197,109,126
190,104,129
194,108,139
191,107,125
198,108,132
193,104,122
198,108,131
197,111,135
193,105,136
190,106,128
192,106,121
197,107,126
195,110,127
198,108,133
192,108,125
196,111,132
194,104,124
190,106,129
196,107,138
196,111,135
198,110,136
191,105,134
198,109,136
191,103,126
192,103,127
192,103,126
195,110,138
198,109,129
191,103,127
197,111,132
190,104,124
196,106,124
196,107,123
190,106,127
190,105,124
198,108,130
193,108,123
191,103,125
190,105,131
195,109,124
194,110,136
197,108,138
192,103,128
193,109,126
195,107,139
194,107,121
194,107,139
192,103,125
193,108,138
197,108,125
190,106,130
197,111,136
194,104,132
198,108,134
192,104,121
191,103,128
194,106,138
198,110,130
195,105,123
197,107,136
194,105,136
196,110,139
196,111,131
190,104,130
191,107,134
197,109,139
196,111,136
194,105,121
190,106,126
196,108,123
191,103,124
197,111,131
196,106,136
194,110,128
192,107,122
198,108,129
193,107,121
192,103,129
191,106,122
192,103,124
191,105,121
196,105,129
198,110,137
192,107,137
194,108,122
192,108,136
191,106,135
196,105,130
196,105,128
190,104,123
191,103,129
193,105,120
