160,166,58
159,166,58
161,166,58
158,166,58
162,166,58
161,167,58
159,165,58
163,166,58
157,166,58
160,167,58
160,165,58
162,167,58
158,165,58
159,167,58
161,165,58
163,167,58
157,165,58
161,167,59
159,165,57
160,167,59
162,167,59
158,165,57
160,165,57
160,166,57
160,166,59
156,166,58
164,166,58
159,166,57
161,166,59
161,166,57
159,166,59
158,167,58
159,167,59
163,167,59
157,165,57
161,165,57
162,165,58
164,167,58
156,165,58
158,166,57
162,166,59
162,166,57
158,166,59
158,167,59
164,167,59
162,165,57
156,165,57
157,167,58
157,166,57
163,166,59
163,165,58
163,166,57
165,167,58
157,166,59
155,166,58
165,166,58
155,165,58
162,168,59
158,164,57
161,168,59
159,164,57
163,168,59
157,164,57
157,167,59
165,167,59
155,165,57
163,165,57
156,166,57
160,168,59
164,166,59
160,164,57
164,168,59
164,166,57
156,164,57
156,166,59
156,167,58
162,168,58
164,165,58
166,167,58
158,164,58
161,168,58
161,167,57
159,164,58
163,168,58
154,165,58
159,165,59
160,167,57
157,164,58
162,167,57
160,165,59
159,168,59
158,165,59
154,166,58
166,166,58
161,164,57
165,168,59
160,168,58
155,164,57
160,164,58
159,167,57
164,168,58
156,167,59
166,167,59
154,165,57
164,165,57
156,164,58
163,167,57
161,165,59
157,165,59
155,166,57
165,166,59
165,166,57
159,168,58
155,166,59
158,167,57
161,164,58
165,168,58
158,168,59
155,167,58
162,164,57
164,167,57
162,165,59
166,168,59
155,164,58
154,164,57
167,167,58
165,165,58
156,165,59
153,165,58
161,167,60
158,168,58
162,167,60
157,167,57
159,165,56
160,167,60
155,167,59
167,167,59
153,165,57
165,165,57
153,166,58
166,165,58
162,164,58
158,165,56
166,168,58
160,165,56
154,166,57
165,167,57
163,165,59
154,164,58
162,168,60
157,168,59
166,166,57
166,166,59
163,167,60
159,167,60
161,168,60
163,168,60
155,165,59
163,164,57
157,165,56
158,164,56
167,168,59
154,166,59
161,165,56
157,164,56
159,164,56
153,164,57
160,168,60
164,168,60
154,167,58
157,168,58
156,164,56
160,164,56
164,167,60
156,167,57
158,167,60
156,165,56
167,166,58
165,164,58
162,165,56
163,169,59
157,163,57
163,164,58
167,168,58
162,169,59
158,163,57
166,167,57
152,165,58
164,169,59
164,165,59
156,163,57
159,168,60
165,168,60
153,164,58
160,166,56
160,166,60
161,164,56
155,164,56
161,169,59
154,165,59
159,166,56
161,166,60
154,167,59
167,166,59
159,163,57
156,168,59
152,165,57
165,164,57
161,166,56
159,166,60
165,169,59
153,166,57
155,163,57
168,168,59
164,164,57
165,167,60
155,165,56
152,166,58
166,164,58
166,165,57
157,167,60
166,165,59
158,166,56
152,164,57
163,165,56
162,166,60
162,166,56
158,166,60
153,166,59
160,169,59
156,168,58
160,163,57
158,168,60
166,168,60
155,167,57
166,169,59
154,163,57
154,164,56
162,164,56
162,168,57
157,166,56
168,168,58
161,168,57
164,164,58
163,166,60
167,167,57
163,168,57
153,167,58
163,166,56
165,165,59
158,164,59
157,166,60
163,169,60
159,164,59
160,168,57
167,165,58
152,164,58
162,169,60
157,164,59
166,167,60
157,163,56
154,165,56
164,169,60
165,163,58
159,169,59
164,168,57
153,165,59
158,163,56
156,167,60
164,165,56
156,163,56
161,163,57
163,169,58
160,164,59
167,169,59
151,165,58
155,168,59
162,169,58
161,169,60
157,163,58
156,166,56
164,169,58
165,169,60
153,163,57
156,164,59
157,168,60
167,168,60
168,167,59
158,163,58
159,163,56
159,168,57
164,163,57
164,166,60
155,163,56
153,167,59
167,165,59
156,163,58
151,165,57
165,163,57
152,166,57
164,166,56
163,164,56
153,164,56
161,169,58
151,164,57
165,168,57
156,166,60
165,169,58
155,168,58
166,164,57
159,163,58
161,164,59
166,164,59
154,167,57
160,169,60
155,163,58
166,169,60
166,163,58
158,169,59
160,163,56
152,166,59
155,164,59
168,167,58
160,169,58
154,163,56
167,166,57
158,168,57
164,163,58
162,163,57
153,165,56
168,169,59
167,167,60
166,169,58
165,164,59
160,163,58
155,166,56
165,165,56
155,167,60
166,168,57
152,163,57
165,166,60
151,164,58
154,163,58
165,166,56
162,164,59
159,169,60
156,168,60
168,168,60
152,165,59
167,169,60
155,166,60
159,169,58
152,164,56
164,164,56
161,163,56
167,164,58
154,168,59
153,163,56
154,164,59
161,167,56
165,162,58
160,167,56
167,169,58
162,167,56
157,168,57
168,166,59
161,163,58
164,162,57
157,169,59
159,165,60
160,165,60
159,167,56
158,165,60
154,168,58
150,164,57
167,164,59
153,163,58
153,167,57
165,162,57
163,167,56
167,168,57
169,169,59
163,163,57
154,166,56
161,165,60
158,169,60
163,164,59
166,163,57
152,165,56
158,169,58
168,166,58
168,169,60
157,165,60
167,166,60
166,163,59
151,163,57
166,166,56
166,166,60
158,167,56
167,165,57
162,163,56
165,164,56
164,162,58
154,167,60
152,163,56
164,167,56
153,164,59
165,163,59
168,169,58
154,166,60
166,162,58
155,168,60
168,167,60
162,165,60
162,163,58
156,168,57
151,164,56
164,163,56
150,164,58
156,165,60
151,165,59
157,167,56
152,163,58
156,169,59
162,168,61
168,168,57
163,168,61
164,170,59
161,168,61
156,162,57
165,167,56
157,169,60
163,170,59
157,169,58
157,162,57
153,166,56
164,164,59
169,168,59
165,170,59
163,165,60
155,162,57
163,162,57
169,169,60
167,163,58
168,165,59
163,163,56
164,168,61
158,164,55
164,170,60
164,161,57
162,170,59
160,168,61
165,161,58
156,162,56
163,170,60
157,164,55
158,162,57
159,164,55
166,165,56
165,170,60
151,163,56
157,162,56
155,165,60
166,170,59
166,165,60
169,169,58
155,162,56
151,165,56
150,163,57
154,162,57
152,164,59
163,163,58
156,167,56
167,165,60
162,170,60
165,163,56
156,164,55
161,167,61
160,164,55
167,163,59
158,162,56
166,170,60
155,168,57
165,161,57
162,167,61
168,165,58
161,170,59
153,166,60
165,168,61
160,167,61
153,167,60
154,162,56
167,164,57
163,169,61
159,168,61
159,162,57
166,162,57
159,165,55
166,167,56
154,168,60
168,166,60
167,170,59
162,169,61
164,169,61
164,161,58
158,165,55
151,163,58
163,167,61
166,162,59
160,165,55
150,164,56
164,162,56
164,165,60
153,162,57
165,162,59
161,170,60
159,167,61
155,164,55
168,167,57
161,164,55
159,162,56
167,170,60
161,169,61
165,169,61
155,169,59
157,165,55
157,163,55
156,169,58
156,169,60
161,165,55
153,162,56
156,163,55
158,163,55
160,170,59
154,165,60
163,169,57
164,163,59
169,168,60
162,169,57
166,168,61
164,167,61
152,166,56
166,161,58
164,169,57
158,168,61
160,162,57
163,162,56
169,167,59
155,167,56
168,170,59
158,167,61
155,163,55
159,163,55
161,169,57
163,161,57
156,165,55
169,168,58
160,169,61
166,169,61
150,163,56
160,170,60
154,164,55
162,165,55
152,162,57
166,164,56
165,169,57
157,163,59
162,164,55
160,162,56
163,162,58
168,170,60
158,163,59
151,164,59
166,164,60
167,167,56
156,163,59
168,164,59
149,163,57
152,162,56
154,168,57
160,169,57
154,163,55
160,163,55
165,165,60
159,170,59
159,163,59
165,167,61
164,160,57
167,162,58
167,164,60
165,162,56
152,166,60
155,165,55
166,169,57
167,168,61
155,163,59
157,167,61
150,163,58
159,169,61
167,169,61
