198,207,19
199,207,19
197,207,19
200,207,19
196,207,19
201,207,19
195,207,19
202,207,19
194,207,19
199,208,19
197,206,19
198,208,19
198,206,19
200,208,19
196,206,19
197,208,19
199,206,19
201,208,19
195,206,19
203,207,19
193,207,19
196,208,19
200,206,19
202,208,19
194,206,19
198,207,18
198,207,20
197,207,18
199,207,20
199,207,18
197,207,20
196,207,18
200,207,20
200,207,18
196,207,20
195,208,19
201,206,19
204,207,19
192,207,19
203,208,19
193,206,19
195,207,18
201,207,20
201,207,18
195,207,20
199,208,20
194,208,19
197,206,18
202,206,19
200,208,20
198,208,20
204,208,19
194,207,18
198,206,18
196,206,18
202,207,20
192,206,19
202,207,18
194,207,20
201,208,20
197,208,20
199,206,18
195,206,18
205,207,19
191,207,19
202,208,20
196,208,20
200,206,18
194,206,18
193,207,18
203,207,20
199,208,18
193,208,19
203,207,18
197,206,20
198,208,18
193,207,20
203,206,19
200,208,18
205,208,19
198,206,20
196,206,20
191,206,19
197,208,18
201,208,18
199,206,20
195,206,20
203,208,20
195,208,20
201,206,18
193,206,18
196,208,18
200,206,20
206,207,19
190,207,19
202,208,18
192,207,18
194,206,20
204,207,20
204,207,18
192,207,20
192,208,19
204,206,19
204,208,20
194,208,20
206,208,19
202,206,18
192,206,18
195,208,18
190,206,19
201,206,20
203,208,18
193,206,20
191,207,18
194,208,18
205,207,20
205,207,18
200,209,19
196,205,19
205,208,20
193,208,20
202,206,20
191,207,20
204,208,18
199,209,19
197,205,19
203,206,18
191,206,18
201,209,19
195,205,19
207,207,19
189,207,19
192,206,20
191,208,19
198,209,19
198,205,19
202,209,19
205,206,19
194,205,19
207,208,19
189,206,19
197,209,19
199,205,19
203,209,19
193,208,18
193,205,19
203,206,20
205,208,18
190,207,18
206,208,20
192,208,20
191,206,20
204,206,18
190,206,18
206,207,20
206,207,18
196,209,19
200,205,19
190,207,20
204,209,19
192,205,19
200,209,20
196,205,18
199,209,20
201,209,20
190,208,19
197,205,18
195,205,18
207,206,19
188,207,19
208,208,19
206,206,19
192,208,18
198,209,20
202,209,20
198,205,18
188,206,19
194,205,18
195,209,19
201,205,19
206,208,18
204,206,20
205,209,19
191,205,19
197,209,20
190,206,20
203,209,20
199,205,18
207,208,20
191,208,20
193,205,18
205,206,18
189,206,18
189,207,18
207,207,18
207,207,20
189,207,20
196,209,20
194,209,19
204,209,20
200,205,18
202,205,19
192,205,18
206,209,19
191,208,18
190,205,19
189,208,19
198,207,17
198,207,21
207,208,18
200,209,18
205,206,20
197,207,17
199,207,21
208,207,19
199,209,18
206,205,19
199,207,17
197,207,21
201,209,18
196,205,20
207,205,19
187,207,19
197,205,20
187,206,19
195,209,20
195,205,20
189,206,20
196,207,17
198,209,18
200,207,21
205,209,20
200,207,17
201,205,18
196,207,21
202,209,18
191,205,18
198,205,20
208,208,20
190,208,20
206,206,18
188,206,18
194,205,20
193,209,19
199,208,21
197,209,18
195,207,17
201,207,21
200,208,21
188,207,18
198,208,21
203,205,19
201,207,17
207,209,19
195,207,21
203,209,18
197,206,17
199,205,20
207,206,18
196,206,17
207,206,20
198,206,17
201,208,21
189,205,19
193,205,20
197,208,21
188,207,20
190,208,18
195,206,17
194,209,20
199,206,17
196,209,18
194,207,17
206,209,20
202,205,18
202,207,21
202,207,17
190,205,18
202,208,21
208,208,18
204,209,18
194,207,21
200,205,20
196,208,21
206,206,20
194,206,17
200,206,17
192,205,20
188,208,19
188,206,20
192,209,19
208,206,19
206,204,19
195,209,18
193,207,17
203,208,21
204,205,19
186,206,19
195,208,21
203,207,21
208,209,19
208,207,20
189,208,20
207,204,19
186,207,19
193,206,17
203,207,17
206,205,18
187,206,18
205,209,18
201,206,17
201,205,20
193,207,21
193,209,20
188,205,19
207,209,20
203,205,18
191,205,20
199,208,17
187,207,18
189,205,18
198,208,17
200,208,17
207,205,18
189,208,18
197,206,21
207,205,20
204,208,21
198,206,21
197,208,17
196,206,21
194,209,18
194,208,21
201,208,17
192,207,17
192,206,17
187,207,20
202,206,17
199,206,21
204,207,21
208,207,18
204,207,17
195,206,21
206,205,20
206,209,18
202,205,20
196,208,17
192,207,21
191,209,19
202,208,17
200,206,21
187,206,20
190,205,20
209,209,19
192,209,20
205,205,19
194,206,21
187,208,19
208,209,20
204,205,18
205,208,21
195,208,17
208,205,19
193,208,21
191,206,17
187,205,19
188,205,18
206,203,19
193,209,18
208,206,20
188,208,20
203,208,17
203,206,17
206,204,18
186,206,18
191,207,17
201,206,21
185,206,19
205,207,21
205,207,17
193,206,21
207,209,18
207,203,19
185,207,19
203,205,20
191,207,21
188,208,18
186,207,18
194,208,17
207,204,18
189,205,20
204,208,17
207,204,20
200,209,21
202,206,21
208,206,18
190,209,19
201,209,21
199,209,21
206,208,21
186,207,20
190,206,17
206,204,20
192,208,21
191,209,20
204,206,17
192,206,21
196,205,17
201,210,19
202,209,21
198,209,21
195,204,19
209,209,20
192,209,18
200,210,19
209,208,19
197,205,17
195,205,17
196,204,19
205,205,18
205,204,19
202,210,19
194,204,19
190,207,17
186,206,20
187,205,18
193,208,17
199,210,19
197,204,19
198,205,17
194,205,17
206,207,21
203,210,19
206,207,17
193,204,19
208,209,18
203,209,21
197,209,21
186,205,19
204,205,20
205,208,17
190,207,21
186,208,19
203,206,21
198,210,19
198,204,19
199,205,17
193,205,17
208,205,20
187,208,20
204,210,19
208,204,19
206,203,18
185,206,18
192,204,19
188,205,20
206,202,19
191,206,21
204,209,21
196,209,21
207,208,21
201,210,20
189,206,17
184,206,19
200,210,20
191,208,21
195,204,18
202,210,20
197,210,19
205,206,17
196,204,18
187,208,18
194,204,18
199,204,19
192,208,17
200,205,17
192,205,17
199,210,20
205,210,19
191,209,18
203,210,20
189,209,19
185,207,18
190,209,20
197,204,18
207,202,19
184,207,19
191,204,19
189,207,17
193,204,18
209,208,20
206,208,17
208,205,18
207,203,18
205,204,18
207,203,20
204,206,21
205,209,21
195,209,21
198,210,20
207,207,17
207,207,21
209,207,19
209,209,18
206,203,20
186,205,18
204,210,20
205,203,19
198,204,18
196,210,19
205,205,20
185,207,20
192,204,18
200,204,19
201,205,17
191,205,17
189,207,21
190,206,21
206,210,19
185,206,20
185,205,19
190,204,19
197,210,20
187,205,20
208,208,21
205,210,20
199,204,18
188,206,17
191,208,17
191,204,18
190,208,21
206,206,17
206,209,21
194,209,21
195,210,19
185,208,19
207,208,17
208,204,20
186,208,20
190,209,18
206,202,18
184,206,18
201,204,19
202,205,17
190,205,17
205,206,21
196,210,20
188,207,17
207,210,19
208,203,19
189,209,20
206,201,19
206,210,20
200,204,18
200,209,17
189,204,19
186,208,18
199,209,17
188,209,19
209,207,20
201,209,17
207,206,17
190,204,18
209,208,18
207,206,21
189,206,21
183,206,19
205,203,18
198,209,17
205,204,20
202,209,17
185,205,18
184,207,18
209,206,19
208,204,18
196,205,21
188,207,21
201,210,18
197,205,21
207,209,21
193,209,21
200,210,18
194,210,19
205,202,19
195,205,21
190,208,17
202,210,18
197,209,17
207,202,18
207,201,19
183,207,19
195,210,20
206,202,20
195,204,20
198,205,21
199,210,18
207,202,20
196,204,20
187,206,17
208,207,21
