217,164,182
217,164,181
217,164,183
218,165,183
216,163,181
217,163,181
217,165,183
217,163,182
217,165,182
218,165,182
218,165,184
216,163,180
216,163,182
218,164,182
216,164,182
218,164,183
216,164,181
217,163,180
217,164,180
217,164,184
217,165,184
218,164,181
216,164,183
217,163,183
218,166,184
217,165,181
216,162,180
218,166,183
216,162,181
218,164,184
216,164,180
218,165,181
218,165,185
216,163,179
216,163,183
216,162,179
218,166,185
219,166,184
215,162,180
219,165,183
215,163,181
219,165,184
215,163,180
217,163,179
216,162,182
218,166,182
219,166,183
219,166,185
215,162,179
215,162,181
217,165,185
218,164,180
218,163,182
216,165,182
216,164,184
219,165,182
218,163,181
215,163,182
217,162,181
217,166,183
216,165,183
217,163,184
217,164,185
217,164,179
217,162,180
217,166,184
219,165,185
217,165,180
218,164,185
215,163,179
218,163,183
216,165,181
216,164,179
216,162,178
217,162,182
217,166,182
218,166,186
218,165,180
218,165,186
216,163,178
216,163,184
219,166,182
219,166,186
218,163,180
215,162,178
215,162,182
219,167,185
219,164,183
215,161,179
217,162,179
216,165,184
215,164,181
219,167,184
219,164,182
215,161,180
217,166,185
215,164,182
216,162,183
219,165,181
218,166,181
218,167,184
215,163,183
216,161,180
219,164,184
219,167,186
218,167,185
215,161,178
217,163,178
216,161,179
215,164,180
218,163,184
218,164,179
219,165,186
217,162,183
219,164,181
215,161,181
217,165,186
219,167,183
216,165,180
216,161,181
215,163,178
218,167,183
220,166,184
215,164,183
214,162,180
216,164,185
217,166,181
220,166,185
214,162,179
218,163,179
217,163,185
216,161,178
220,167,185
214,161,179
217,162,178
218,167,186
216,162,177
218,164,186
219,166,181
219,166,187
215,162,177
215,162,183
220,166,183
216,165,185
217,164,178
217,164,186
214,162,181
219,164,185
217,165,179
220,167,184
220,167,186
214,161,178
214,161,180
215,161,177
217,166,186
218,166,187
219,167,187
216,164,178
220,166,186
214,162,178
215,164,179
220,165,184
216,161,182
219,165,180
214,163,180
218,165,179
218,165,187
216,163,177
216,163,185
219,164,180
218,162,181
220,165,183
216,162,184
215,161,182
216,166,183
214,163,181
218,167,182
219,167,182
218,163,185
215,163,184
218,162,182
218,162,180
218,166,180
217,162,184
215,164,184
220,165,185
216,166,182
220,167,183
220,167,187
216,161,177
216,166,184
214,161,177
214,161,181
217,161,180
217,167,184
219,168,185
220,166,182
214,163,179
219,163,182
219,165,187
219,168,186
214,162,182
215,160,179
220,165,182
215,165,182
218,167,187
216,165,179
217,161,181
215,160,178
217,161,179
217,163,177
219,163,183
220,168,186
217,167,183
219,163,181
217,167,185
217,166,180
214,163,182
218,163,178
215,163,177
220,168,185
214,160,178
218,164,178
220,166,187
214,160,179
215,165,181
217,162,177
219,168,184
215,165,183
218,162,183
219,164,186
218,162,179
215,160,180
214,162,177
217,165,187
215,161,176
220,168,187
219,168,187
220,165,186
214,160,177
216,164,186
215,160,177
216,166,181
219,167,188
216,166,185
216,161,183
219,166,180
219,166,188
215,162,176
215,162,184
217,161,182
216,165,186
217,161,178
219,163,184
216,162,176
217,163,186
215,164,178
220,168,184
219,163,180
217,166,187
214,160,180
214,163,178
219,164,179
218,164,187
217,167,182
217,167,186
218,168,185
215,161,183
220,165,181
220,167,182
220,167,188
218,167,181
214,161,176
214,161,182
216,160,179
218,166,188
215,165,180
215,165,184
217,165,178
220,164,183
215,160,181
219,167,181
220,166,181
219,165,179
221,167,185
217,164,177
217,164,187
213,161,179
218,168,184
216,161,176
219,168,183
218,168,186
216,160,180
214,163,183
216,160,178
221,167,186
213,161,178
214,164,181
216,164,177
218,163,186
220,164,184
220,164,182
218,162,184
214,162,183
216,162,185
215,164,185
218,162,178
214,160,176
217,162,185
220,168,188
215,163,185
214,164,180
215,160,176
214,164,182
221,167,184
218,165,178
218,165,188
216,163,176
216,163,186
213,161,180
221,168,186
218,167,188
213,160,178
219,168,188
220,166,188
221,166,185
217,161,183
213,162,179
218,166,179
214,160,181
221,166,184
219,163,185
217,161,177
221,167,187
220,165,187
220,168,183
219,163,179
219,165,188
213,162,180
213,161,177
221,168,185
221,168,187
216,160,181
216,166,180
213,160,177
213,160,179
216,160,177
214,162,176
220,164,185
216,166,186
218,168,183
219,164,187
220,164,181
216,165,178
218,163,177
218,168,187
221,166,186
217,166,179
217,162,176
213,162,178
215,161,175
217,167,181
215,163,176
214,163,177
217,167,187
217,163,176
221,166,183
220,169,186
214,164,179
216,161,184
220,165,180
214,164,183
215,165,179
215,160,182
220,169,187
221,167,183
218,164,177
215,165,185
213,162,181
219,167,189
213,161,181
214,159,178
221,168,184
221,168,188
214,159,177
213,160,176
213,160,180
220,167,181
220,167,189
214,161,175
214,161,183
219,168,182
219,164,178
214,160,175
215,164,177
220,169,185
218,161,180
221,167,188
219,166,179
219,166,189
215,162,175
215,162,185
217,165,188
220,168,189
219,169,186
216,165,187
218,162,185
218,161,181
215,161,184
221,166,187
214,159,179
214,163,184
218,162,177
213,161,176
217,166,188
216,167,184
220,166,180
216,160,182
219,162,181
215,160,175
216,162,175
216,164,187
218,167,180
216,160,176
219,162,182
216,167,183
220,169,188
220,164,186
216,161,175
215,159,178
220,164,180
219,169,185
217,163,187
213,162,177
219,169,187
221,169,187
214,159,176
218,161,179
215,166,183
221,165,184
221,169,186
219,167,180
217,161,184
214,160,182
218,164,188
215,166,182
213,159,177
215,159,179
221,166,182
219,163,186
214,162,184
215,159,177
217,161,176
219,162,180
219,168,189
218,161,182
218,168,182
219,163,178
213,163,180
213,159,178
220,168,182
218,168,188
221,165,185
219,165,178
221,165,183
216,167,185
218,163,187
218,166,189
217,160,179
217,168,185
219,162,183
220,165,188
217,160,180
221,169,188
217,168,184
215,164,186
217,162,186
213,162,182
220,166,189
213,163,179
213,163,181
216,167,182
213,159,176
214,164,178
215,166,184
220,169,184
217,165,177
214,159,180
214,164,184
221,167,182
216,162,186
216,166,179
221,169,185
221,168,183
221,168,189
218,167,189
217,160,178
217,164,176
217,164,188
213,160,175
213,160,181
216,164,176
216,166,187
213,159,179
219,169,184
215,166,181
215,159,180
218,161,178
220,163,182
215,163,186
219,169,188
213,161,182
215,159,176
217,168,186
220,163,183
217,160,181
214,162,175
221,165,186
221,165,182
219,162,179
215,160,183
217,167,180
214,159,175
221,166,188
219,164,188
220,169,189
217,167,188
217,168,183
218,161,183
219,165,189
218,165,177
218,165,189
220,165,179
216,163,175
216,163,187
214,163,176
214,165,182
221,167,189
215,165,178
220,163,181
214,165,181
218,163,176
218,166,178
215,165,186
219,162,184
213,163,178
215,161,174
217,162,175
216,160,183
213,163,182
220,163,184
216,167,186
221,169,189
216,161,185
214,160,174
213,161,175
216,165,177
216,160,175
213,159,175
220,164,187
222,168,186
212,160,178
213,162,176
217,166,178
217,160,177
220,164,179
222,168,187
219,168,181
212,160,177
221,166,181
215,166,185
214,165,183
220,168,190
218,162,186
218,169,186
215,163,175
215,160,174
220,167,180
220,167,190
214,161,174
214,161,184
222,167,186
218,162,176
216,167,181
221,169,184
212,161,178
218,169,185
217,160,182
213,159,180
219,167,190
222,167,185
222,168,185
216,159,178
214,165,180
214,159,181
212,161,179
215,159,181
212,160,179
217,163,175
217,168,187
