137,60,196
138,60,196
136,60,196
135,60,196
139,60,196
140,60,196
134,60,196
138,60,197
136,60,195
137,60,197
137,60,195
139,60,197
135,60,195
136,60,197
138,60,195
133,60,196
141,60,196
137,59,196
137,61,196
136,59,196
138,61,196
140,60,197
134,60,195
135,60,197
138,61,197
139,60,195
136,59,195
138,59,196
136,61,196
139,61,197
137,61,197
137,59,195
135,59,195
135,59,196
139,61,196
136,61,197
140,61,197
134,59,195
138,59,195
139,59,196
135,61,196
141,60,197
134,59,196
133,60,195
140,61,196
134,60,197
140,60,195
142,60,196
132,60,196
141,61,197
135,61,197
139,59,195
133,59,195
140,59,196
134,61,196
133,59,196
141,61,196
142,60,197
132,60,195
133,60,197
141,60,195
134,61,197
142,61,197
132,59,195
140,59,195
143,60,196
131,60,196
141,59,196
133,61,196
132,59,196
142,61,196
137,59,197
137,61,195
138,59,197
136,59,197
136,61,195
143,60,197
138,61,195
131,60,195
132,60,197
139,59,197
142,60,195
143,61,197
133,61,197
141,59,195
131,59,195
139,61,198
135,61,195
135,59,194
138,61,198
135,59,197
136,59,194
139,61,195
140,61,198
134,59,194
137,61,198
137,59,194
142,59,196
132,61,196
138,60,198
140,59,197
136,60,194
131,59,196
139,60,198
135,60,194
137,60,198
134,61,195
143,61,196
137,60,194
144,60,196
130,60,196
134,59,197
141,61,198
133,59,194
136,61,198
140,61,195
138,59,194
140,60,198
134,60,194
136,60,198
138,60,194
144,60,197
130,60,195
141,59,197
131,60,197
132,61,197
144,61,197
142,59,195
130,59,195
142,61,198
141,60,198
133,61,195
132,59,194
143,60,195
135,61,198
133,60,194
133,59,197
139,59,194
135,60,198
139,60,194
141,61,195
143,59,196
131,61,196
138,62,197
139,62,197
130,59,196
136,58,195
135,58,195
144,61,196
137,62,197
142,60,198
140,62,197
137,58,195
142,59,197
143,61,198
134,58,195
132,60,194
131,59,194
134,60,198
129,60,196
145,60,196
134,61,198
132,61,195
140,59,194
132,59,197
140,60,194
136,62,197
141,62,197
145,60,197
138,58,195
133,58,195
142,61,195
145,61,197
131,61,197
143,59,195
129,59,195
129,60,195
130,60,197
136,58,196
138,62,196
144,60,195
137,58,196
137,62,196
143,60,198
135,58,196
139,62,196
135,62,197
144,59,196
131,60,194
139,58,195
142,62,197
144,61,198
138,58,196
133,60,198
136,62,196
143,59,197
132,58,195
130,61,196
130,59,194
139,62,198
129,59,196
134,58,196
140,62,196
133,61,198
140,62,198
138,62,198
141,60,194
135,58,194
141,59,194
145,61,196
131,61,195
136,58,194
134,58,194
131,59,197
139,58,196
137,62,198
141,62,198
135,62,196
143,61,195
133,58,196
133,58,194
137,58,194
134,62,197
141,62,196
140,58,195
143,62,197
144,60,198
146,60,196
128,60,196
131,58,195
146,60,197
146,61,197
130,61,197
142,62,198
136,62,198
128,59,195
144,59,195
130,60,194
132,60,198
140,58,196
138,58,194
132,58,194
128,60,195
129,60,197
145,61,198
134,62,196
138,59,198
144,59,197
137,59,198
129,59,194
132,58,196
132,61,198
142,60,194
145,60,195
139,59,198
142,62,196
136,61,194
142,59,194
145,59,196
137,61,194
136,59,198
130,61,195
135,61,194
130,59,197
133,62,197
129,61,196
141,58,195
128,59,196
135,62,198
143,62,198
138,61,194
140,59,198
144,62,197
130,58,195
131,58,194
139,58,194
146,61,196
135,59,198
139,61,199
135,59,193
141,58,196
134,61,194
144,61,195
140,61,199
134,59,193
145,60,198
138,61,199
136,59,193
133,62,196
139,61,194
131,58,196
141,59,198
141,61,199
133,59,193
129,60,194
143,62,196
137,61,199
131,60,198
137,59,193
146,61,198
134,59,198
133,61,194
144,62,198
134,62,198
147,61,197
129,61,197
147,60,197
145,59,197
145,59,195
127,59,195
128,59,194
131,61,198
143,60,194
147,60,196
127,60,196
140,58,194
130,58,194
142,61,199
132,59,193
140,61,194
142,58,195
132,62,197
137,58,197
143,59,194
136,61,199
136,58,197
128,60,197
127,60,195
138,59,193
142,58,196
142,59,198
129,58,195
138,58,197
145,62,197
137,62,195
129,59,197
129,61,195
138,62,195
135,58,197
146,60,195
132,62,196
146,59,196
136,62,195
130,58,196
133,59,198
132,61,194
139,62,195
139,60,199
139,58,197
143,61,199
138,60,199
135,60,193
146,60,198
127,59,196
128,61,196
131,59,193
136,60,193
140,60,199
144,62,196
145,61,195
134,58,197
135,61,199
135,62,195
134,60,193
137,60,199
133,62,198
145,62,198
139,59,193
141,61,194
147,61,196
137,60,193
140,62,195
129,58,194
141,58,194
128,60,194
141,60,199
130,60,198
140,58,197
143,59,198
140,62,199
139,62,199
133,60,193
134,58,193
136,60,199
135,58,193
147,61,198
141,62,199
138,62,199
133,58,197
134,62,195
138,60,193
143,58,195
143,58,196
133,58,193
144,61,199
131,62,197
136,58,193
144,60,194
127,59,194
130,61,198
146,59,197
132,59,198
131,61,194
130,59,193
142,60,199
128,58,195
146,62,197
142,62,199
141,62,195
134,61,199
131,62,196
144,59,194
137,62,199
148,61,197
128,61,197
132,60,193
146,59,195
126,59,195
129,58,196
132,58,193
148,60,197
141,58,197
140,59,193
135,60,199
137,58,193
128,59,197
142,61,194
148,60,196
126,60,196
128,61,195
139,60,193
145,62,196
127,60,197
126,60,195
132,58,197
146,62,198
132,62,198
133,62,195
144,59,198
143,62,199
147,60,198
142,58,194
128,58,194
143,60,199
136,62,199
147,59,196
131,58,193
147,60,195
145,61,199
138,58,193
146,61,195
142,62,195
131,60,193
126,59,196
134,60,199
129,59,193
127,61,196
131,59,198
129,60,198
142,58,197
130,61,194
127,60,194
133,61,199
144,58,196
140,60,193
144,58,195
148,61,196
141,59,193
144,62,199
148,61,198
130,62,197
135,62,199
131,58,197
132,62,195
127,58,195
130,58,193
130,62,196
144,60,199
145,60,194
128,58,196
129,61,198
143,61,194
147,62,197
126,59,194
147,59,197
139,58,193
139,63,197
138,63,197
140,63,197
145,59,198
145,59,194
130,60,193
143,62,195
135,57,195
133,60,199
146,62,196
147,62,198
131,62,198
139,63,198
136,57,195
146,61,199
140,63,198
137,63,197
134,57,195
127,58,194
143,58,194
127,59,197
141,63,197
143,58,197
149,61,197
127,61,197
147,59,195
125,59,195
138,63,198
141,63,198
127,61,195
149,60,197
137,57,195
128,59,193
145,62,199
141,60,193
132,61,199
133,57,195
130,59,198
148,60,198
135,57,194
134,57,194
134,62,199
129,61,194
129,58,193
136,63,197
126,60,197
137,63,198
136,57,194
149,60,196
125,60,196
133,57,194
145,60,199
130,58,197
142,63,198
140,58,193
125,60,195
142,59,193
142,63,197
131,62,195
138,57,195
145,58,196
147,61,195
148,59,196
132,57,195
128,60,198
148,60,195
137,57,194
126,60,194
145,58,195
132,57,194
129,60,193
144,61,194
125,59,196
132,60,199
136,63,198
129,62,197
126,61,196
135,63,197
144,62,195
127,58,196
129,62,196
126,58,195
143,63,198
149,61,198
146,59,198
139,57,195
143,63,197
148,62,197
147,61,199
144,58,197
146,62,199
149,61,196
146,60,194
138,57,194
128,61,198
131,57,195
125,59,194
138,59,199
142,60,193
148,59,197
133,62,199
131,57,194
139,59,199
148,62,198
130,62,198
128,58,193
147,62,196
137,59,199
144,58,194
126,58,194
127,59,193
136,57,196
138,63,196
135,57,196
