183,72,101
183,72,100
183,72,102
183,72,99
183,72,103
184,72,101
182,72,101
183,72,98
183,72,104
184,72,102
182,72,100
184,72,100
182,72,102
184,73,102
182,71,100
184,72,103
182,72,99
184,73,101
184,73,103
182,71,99
182,71,101
183,71,100
183,73,102
183,71,101
183,73,101
184,72,99
182,72,103
183,71,99
183,73,103
184,73,100
184,73,104
182,71,98
182,71,102
183,72,97
183,72,105
183,71,102
184,72,104
183,73,100
182,72,98
183,71,98
183,73,104
184,72,98
182,72,104
183,71,103
184,73,99
184,73,105
182,71,97
182,71,103
183,73,99
184,72,105
182,72,97
183,71,97
183,73,105
183,72,96
183,72,106
184,72,97
183,71,104
182,72,105
183,73,98
184,73,98
184,73,106
182,71,96
182,71,104
185,73,102
181,71,100
185,73,103
181,71,99
185,73,101
181,71,101
185,73,104
184,72,106
181,71,98
183,71,96
183,73,106
182,72,96
184,71,101
184,71,100
185,73,100
182,73,101
182,73,102
181,71,102
184,71,102
184,71,99
182,73,100
182,73,103
185,73,105
183,71,105
185,72,102
181,71,97
185,72,101
181,72,100
181,72,101
183,72,95
183,72,107
184,72,96
183,73,97
184,73,97
184,73,107
182,71,95
182,71,105
182,72,106
185,72,103
185,72,100
181,72,99
181,72,102
184,71,103
185,73,99
184,71,98
181,71,103
182,73,99
182,73,104
183,71,95
184,74,103
184,74,102
184,72,107
185,72,104
183,73,107
185,72,99
182,70,99
185,73,106
182,70,100
181,72,98
181,71,96
184,74,104
181,72,103
182,72,95
182,70,98
184,74,101
184,71,104
184,71,97
182,70,101
182,73,98
183,71,106
182,73,105
185,73,98
184,74,105
185,74,103
181,71,104
182,70,97
183,73,96
185,72,105
181,70,99
185,72,98
184,72,95
185,74,102
185,74,104
184,73,96
184,73,108
182,71,94
182,71,106
181,72,97
181,70,98
181,70,100
184,74,100
181,72,104
182,70,102
182,72,107
183,72,94
183,72,108
185,73,107
185,74,101
185,74,105
181,71,95
181,70,97
181,70,101
184,74,106
184,71,105
183,71,94
182,70,96
184,71,96
183,73,108
183,70,100
183,74,102
183,70,99
183,74,103
184,72,108
182,73,97
182,73,106
185,72,106
184,74,99
185,72,97
185,73,97
183,70,101
182,70,103
182,72,94
183,70,98
183,74,101
185,74,100
185,74,106
183,74,104
181,71,105
181,70,96
181,70,102
181,72,96
181,72,105
183,71,107
183,70,102
183,70,97
184,74,107
182,70,95
183,74,100
183,73,95
183,74,105
185,73,108
184,72,94
184,73,95
184,73,109
182,71,93
182,71,107
184,71,106
181,71,94
184,71,95
186,73,103
186,73,102
180,71,99
180,71,100
185,74,99
185,74,107
182,72,108
181,70,95
181,70,103
182,70,104
184,74,98
186,73,104
182,73,96
183,72,93
183,72,109
186,73,101
180,71,98
180,71,101
185,72,107
182,73,107
183,70,103
185,72,96
183,70,96
183,71,93
183,74,99
183,74,106
185,73,96
181,72,95
183,73,109
181,72,106
184,72,109
186,73,105
181,71,106
186,73,100
180,71,97
180,71,102
182,70,94
185,71,101
184,74,108
185,71,100
182,72,93
185,71,102
186,74,103
186,74,104
181,73,101
180,70,99
180,70,98
181,73,102
185,74,98
185,74,108
186,74,102
185,71,99
183,71,108
181,73,100
180,70,100
181,70,94
181,70,104
183,70,104
185,73,109
183,70,95
184,71,107
186,74,105
184,71,94
185,71,103
186,73,106
180,70,97
182,70,105
183,74,98
186,73,99
181,73,103
181,71,93
184,74,97
183,74,107
183,73,94
180,71,96
180,71,103
186,74,101
184,73,94
184,73,110
181,73,99
182,71,92
182,71,108
185,72,108
180,70,101
184,72,93
185,71,98
182,73,95
185,72,95
182,73,108
186,74,106
180,70,96
182,72,109
185,71,104
181,73,104
181,72,94
186,72,102
185,73,95
181,72,107
186,72,101
182,70,93
183,71,92
186,74,100
180,72,100
184,74,109
186,72,103
183,72,92
183,72,110
180,72,101
186,73,107
180,70,102
181,73,98
186,73,98
181,71,107
184,70,100
183,70,105
180,72,99
185,71,97
186,72,100
185,74,97
185,74,109
183,70,94
184,70,99
180,71,95
183,73,110
180,71,104
181,70,93
181,70,105
184,70,101
182,74,102
186,74,107
180,72,102
184,72,110
186,72,104
183,74,97
182,74,103
183,74,108
180,70,95
184,70,98
182,74,101
185,71,105
181,73,105
180,72,98
182,70,106
184,71,108
184,70,102
186,72,99
182,72,92
185,73,110
184,71,93
184,74,96
182,74,104
186,74,99
183,71,109
180,72,103
182,74,100
181,71,92
186,72,105
180,70,103
184,70,97
185,72,109
181,73,97
185,72,94
185,71,96
186,73,108
182,73,94
185,75,104
183,73,93
186,73,97
185,75,103
180,72,97
182,73,109
184,70,103
182,74,105
186,74,108
185,75,105
184,73,93
184,73,111
182,71,91
182,71,109
186,72,98
180,71,94
184,72,92
182,70,92
180,70,94
180,71,105
183,70,106
181,72,93
181,69,98
185,75,102
183,70,93
181,69,99
184,74,110
181,72,108
182,74,99
185,71,106
181,73,106
185,73,94
181,69,97
185,74,96
185,74,110
184,70,96
180,72,104
185,75,106
184,75,103
186,72,106
184,75,104
181,70,92
181,70,106
182,72,110
183,74,96
181,69,100
183,74,109
186,74,98
181,71,108
183,71,91
182,69,99
182,69,98
184,75,102
184,75,105
185,75,101
181,69,96
182,74,106
184,70,104
180,70,104
180,72,96
181,73,96
182,69,100
183,72,91
183,72,111
182,69,97
182,70,107
185,71,95
183,73,111
186,72,97
181,69,101
185,75,107
184,71,109
184,74,95
184,72,111
184,75,101
186,73,109
182,74,98
184,71,92
186,74,109
184,75,106
186,73,96
185,73,111
184,70,95
182,69,101
186,75,104
182,69,96
181,69,95
180,70,93
180,72,105
185,72,110
186,75,103
186,75,105
185,75,100
186,72,107
185,71,107
180,71,93
185,72,93
182,72,91
181,71,91
181,73,107
180,71,106
183,71,110
180,69,98
183,70,107
181,69,102
182,73,93
183,70,92
184,70,105
182,74,107
180,69,97
180,69,99
186,75,102
186,75,106
182,73,110
184,75,100
182,70,91
186,74,97
184,75,107
180,72,95
185,75,108
182,69,102
182,69,95
183,73,92
184,74,111
181,72,92
185,74,95
185,74,111
180,70,105
180,69,96
180,69,100
183,74,95
186,72,96
181,72,109
181,70,91
181,70,107
181,73,95
181,69,94
184,73,92
184,73,112
183,74,110
187,74,104
187,74,103
182,71,90
182,71,110
179,70,98
179,70,99
185,73,93
184,72,91
182,74,97
185,71,94
186,75,101
186,75,107
187,73,103
187,74,105
184,70,94
185,75,99
187,74,102
179,71,99
187,73,102
179,70,97
179,70,100
179,71,100
186,74,110
187,73,104
181,71,109
179,71,98
181,69,103
180,69,95
180,69,101
186,73,110
180,72,106
186,72,108
182,72,111
187,73,101
182,70,108
186,73,95
184,75,99
183,71,90
180,70,92
184,75,108
179,71,101
182,69,103
187,74,106
182,69,94
187,74,101
187,73,105
179,70,96
185,71,108
179,70,101
184,74,94
184,70,106
182,74,108
179,71,97
184,71,110
185,75,109
181,73,108
183,69,99
183,75,103
184,71,91
183,69,98
180,71,92
186,75,100
186,75,108
183,75,104
183,73,112
180,71,107
183,69,100
187,73,100
183,75,102
181,69,93
183,72,90
183,72,112
185,73,112
180,72,94
186,74,96
179,71,102
185,72,111
184,72,112
183,69,97
183,70,108
186,71,101
183,75,105
180,69,94
