135,130,50
135,125,50
135,135,50
130,125,50
130,120,50
130,135,50
130,130,50
130,125,45
130,120,45
130,130,45
140,135,50
125,130,50
140,130,50
140,140,50
125,120,45
125,135,50
125,130,45
125,115,45
125,125,45
135,130,45
135,140,50
135,125,45
140,135,55
140,130,55
135,135,45
120,130,50
140,140,55
120,125,45
135,130,55
120,130,45
135,125,55
135,135,55
130,135,45
130,140,50
135,140,55
125,120,50
130,135,55
125,115,50
125,125,50
115,125,45
125,135,45
145,140,55
130,140,55
145,135,55
145,145,55
120,125,50
120,115,45
125,135,55
120,110,45
145,140,50
140,145,55
120,120,45
145,135,50
145,145,50
140,135,45
140,130,45
140,140,45
130,125,55
115,125,50
115,120,45
140,145,50
130,120,55
135,145,55
130,130,55
125,120,40
125,115,40
135,140,45
125,125,40
135,145,50
125,130,55
120,125,40
110,120,45
130,140,45
120,115,40
130,125,40
130,120,40
120,110,40
130,130,40
120,120,40
125,130,40
145,140,60
120,130,55
115,125,40
115,120,40
145,135,60
140,135,60
145,145,60
140,130,60
150,145,55
150,140,55
140,140,60
150,150,55
140,145,60
120,130,40
135,140,60
145,150,55
110,120,40
120,115,50
120,120,50
135,145,60
135,130,40
135,125,40
140,150,55
135,135,40
115,110,40
130,140,60
150,145,60
150,140,60
115,120,50
115,110,45
115,105,40
115,115,40
150,150,60
145,140,45
145,135,45
115,115,45
150,145,50
130,135,40
150,140,50
145,145,45
150,150,50
135,130,60
145,150,60
110,115,40
135,125,60
135,135,60
140,145,45
110,115,45
145,150,50
125,120,55
125,135,40
125,125,55
140,150,60
130,135,60
135,145,45
140,150,50
105,115,40
120,125,55
125,135,60
140,135,40
140,130,40
155,150,55
155,145,55
140,140,40
155,155,55
155,150,60
155,145,60
155,155,60
135,140,40
150,155,55
110,105,40
150,155,60
110,110,40
130,140,40
145,155,55
120,115,35
120,110,35
145,140,65
120,120,35
145,155,60
150,145,65
145,135,65
150,140,65
105,110,40
145,145,65
150,150,65
130,125,60
125,120,35
125,115,35
125,125,35
130,130,60
115,120,35
140,145,65
115,110,35
145,150,65
150,140,45
150,145,45
115,105,35
115,115,35
120,125,35
150,150,45
125,130,60
115,110,50
110,120,35
145,150,45
115,115,50
155,145,50
155,150,50
110,115,35
140,150,65
135,145,65
155,155,50
115,125,35
110,105,45
140,150,45
110,110,45
150,155,50
140,135,65
130,125,35
110,115,50
130,120,35
155,150,65
155,145,65
140,140,65
130,130,35
105,115,35
155,155,65
145,155,50
105,110,45
125,130,35
135,140,65
150,155,65
110,105,35
120,115,55
110,100,35
145,135,40
145,140,40
110,110,35
120,120,55
120,130,35
145,145,40
145,155,65
140,145,40
105,110,35
160,155,60
160,150,60
115,120,55
160,160,60
135,145,40
155,160,60
100,110,35
160,150,55
160,155,55
160,160,55
135,130,35
135,125,35
150,160,60
135,135,35
155,160,55
105,100,40
105,105,40
130,135,35
150,160,55
160,155,65
160,150,65
160,160,65
125,135,35
100,105,40
135,130,65
135,135,65
155,160,65
105,100,35
130,135,65
105,105,35
125,120,60
150,160,65
155,145,45
155,150,45
125,125,60
155,155,45
100,105,35
150,155,45
120,125,60
150,145,70
150,140,70
150,150,70
145,155,45
160,150,50
160,155,50
155,150,70
155,145,70
160,160,50
155,155,70
145,150,70
155,160,50
140,130,35
140,135,35
150,140,40
150,145,40
150,155,70
140,140,35
150,150,40
150,160,50
140,150,70
135,140,35
145,150,40
145,140,70
145,155,70
145,135,70
145,145,70
140,150,40
130,140,35
110,105,50
105,100,45
110,110,50
165,155,60
165,160,60
105,105,45
140,145,70
165,165,60
160,155,70
160,150,70
160,160,70
160,165,60
105,110,50
100,105,45
165,160,65
165,155,65
155,160,70
135,145,70
165,165,65
155,165,60
115,110,30
115,105,30
120,115,30
120,110,30
115,115,30
120,120,30
160,165,65
150,160,70
165,155,55
165,160,55
110,115,30
115,110,55
115,120,30
100,95,35
165,165,55
115,115,55
155,165,65
100,100,35
110,105,30
160,165,55
110,100,30
110,110,30
130,125,65
125,120,30
125,115,30
105,115,30
110,120,30
130,130,65
125,125,30
95,100,35
155,165,55
110,115,55
100,95,40
105,110,30
100,100,40
120,125,30
125,130,65
140,135,70
140,140,70
115,125,30
100,110,30
145,135,35
145,140,35
95,100,40
145,145,35
135,140,70
140,145,35
160,150,45
160,155,45
165,160,70
165,155,70
105,100,30
160,145,45
160,160,45
105,95,30
165,165,70
105,105,30
135,145,35
130,125,30
130,120,30
155,160,45
130,130,30
160,165,70
100,105,30
125,130,30
150,160,45
155,145,40
155,150,40
155,140,40
155,165,70
155,155,40
120,130,30
120,115,60
145,160,45
150,155,40
165,155,50
165,160,50
120,120,60
95,105,30
165,150,50
165,165,50
145,155,40
160,165,50
115,120,60
155,165,50
140,155,40
155,150,75
155,145,75
155,155,75
150,165,50
170,160,65
170,165,65
150,155,75
160,155,75
170,160,60
170,165,60
160,150,75
170,170,65
160,160,75
100,95,30
170,170,60
135,125,30
135,130,30
100,100,30
135,135,30
165,170,65
165,170,60
155,160,75
150,145,75
130,135,30
145,155,75
150,140,75
150,150,75
95,100,30
160,170,65
160,170,60
125,135,30
95,90,35
150,160,75
145,150,75
95,95,35
135,130,70
150,140,35
150,145,35
135,135,70
150,135,35
150,150,35
90,95,35
140,150,75
170,165,70
170,160,70
145,150,35
170,170,70
170,160,55
170,165,55
170,155,55
165,160,75
130,135,70
165,155,75
170,170,55
165,165,75
165,170,70
140,150,35
100,95,45
165,170,55
100,100,45
160,165,75
105,100,50
160,170,70
160,170,55
105,105,50
135,150,35
125,120,65
155,165,75
125,125,65
95,100,45
155,170,55
145,140,75
100,105,50
145,145,75
140,130,30
140,135,30
120,125,65
140,140,30
135,140,30
165,155,45
140,145,75
165,160,45
95,90,30
165,150,45
95,90,40
165,165,45
95,95,30
95,95,40
160,150,40
130,140,30
160,155,40
160,165,45
160,145,40
160,160,40
110,105,55
155,165,45
90,95,30
155,160,40
110,110,55
90,95,40
150,160,40
150,165,45
105,110,55
145,160,40
170,165,75
170,160,75
170,170,75
170,160,50
170,165,50
170,155,50
170,170,50
165,170,75
165,170,50
175,165,65
175,170,65
160,170,75
160,170,50
175,175,65
170,175,65
155,170,50
155,145,35
175,165,60
115,110,25
175,170,60
155,150,35
115,105,25
155,140,35
165,175,65
175,160,60
175,175,60
155,155,35
115,115,25
110,105,25
110,100,25
150,155,35
175,165,70
175,170,70
170,175,60
110,110,25
120,115,25
110,115,25
120,110,25
175,175,70
145,135,30
145,140,30
120,120,25
145,130,30
145,145,30
145,155,35
165,175,60
115,110,60
170,175,70
160,155,80
105,110,25
160,150,80
115,115,60
115,120,25
160,160,80
140,145,30
105,115,25
140,135,75
140,155,35
90,85,35
140,140,75
165,175,70
160,175,60
90,90,35
135,145,30
155,160,80
105,100,25
100,110,25
130,125,70
110,120,25
105,95,25
105,105,25
130,130,70
110,115,60
155,150,80
165,160,80
135,140,75
165,155,80
125,120,25
155,145,80
125,115,25
155,155,80
130,145,30
165,165,80
125,125,25
100,105,25
85,90,35
150,160,80
90,85,30
125,130,70
120,125,25
160,165,80
150,155,80
90,90,30
175,165,55
175,170,55
95,105,25
175,160,55
115,125,25
