145,196,168
145,196,167
145,196,169
146,197,169
144,195,167
146,197,168
146,197,170
144,195,166
144,195,168
144,196,167
146,196,169
144,196,168
146,196,168
145,197,168
145,195,168
145,197,169
145,195,167
145,196,166
145,196,170
144,196,166
146,196,170
144,196,169
145,197,167
146,196,167
145,195,169
145,197,170
145,195,166
147,197,170
143,195,166
147,197,169
146,197,167
146,197,171
144,195,165
144,195,169
143,195,167
147,198,170
143,194,166
146,198,169
144,194,167
146,198,170
144,194,166
143,195,165
147,198,169
147,198,171
143,194,165
143,194,167
147,197,171
143,195,168
147,197,168
144,196,165
146,198,168
144,194,168
145,197,166
146,198,171
146,196,171
144,196,170
144,197,168
144,194,165
146,195,168
145,196,171
145,196,165
145,197,171
145,195,170
146,196,166
144,197,167
145,195,165
143,196,167
147,196,169
146,195,169
144,197,169
146,195,167
147,198,168
147,198,172
143,194,164
143,194,168
143,196,166
146,197,166
146,197,172
144,195,164
144,195,170
147,196,170
143,196,168
145,198,169
147,196,168
143,195,164
145,194,167
148,198,171
147,197,172
148,198,170
143,195,169
142,194,165
145,198,168
142,194,166
147,197,167
146,198,167
145,194,168
144,197,166
145,198,170
145,194,166
146,198,172
144,194,169
146,195,170
144,197,170
144,194,164
143,196,165
147,199,170
143,193,166
147,199,171
143,193,165
148,198,172
142,194,164
146,195,166
147,196,171
148,197,170
148,198,169
142,194,167
143,196,169
144,196,164
142,195,166
145,197,165
145,198,167
148,199,171
142,193,165
147,196,167
144,196,171
148,197,171
142,195,165
146,196,172
145,197,172
145,198,171
148,197,169
147,199,169
145,194,169
142,195,167
145,195,171
143,193,167
147,199,172
148,199,172
148,199,170
147,198,167
147,198,173
143,194,169
143,194,163
142,193,164
142,193,166
146,196,165
143,193,164
145,195,164
145,194,165
145,196,164
145,196,172
146,199,170
144,197,165
144,193,166
143,195,163
146,199,169
142,194,163
142,195,164
143,195,170
148,198,173
143,196,164
144,193,167
146,199,171
146,197,165
146,197,173
144,195,171
144,195,163
144,197,171
147,197,173
148,197,172
142,194,168
146,198,166
144,193,165
146,195,171
148,198,168
142,195,168
147,197,166
148,199,173
148,199,169
146,198,173
142,193,167
142,193,163
148,197,168
143,196,170
144,194,170
145,198,166
147,199,168
147,196,172
146,195,165
147,199,173
143,193,168
144,194,163
143,197,167
146,199,168
143,193,163
145,198,172
143,197,168
147,195,169
147,196,166
145,194,170
147,195,168
146,199,172
144,198,168
144,193,168
149,199,172
149,199,171
144,198,169
149,198,171
141,193,164
143,197,166
146,194,168
141,193,165
144,193,164
144,196,163
146,194,167
141,194,165
145,194,164
149,198,172
145,197,164
142,195,163
143,197,169
147,195,170
142,196,166
148,196,170
144,198,167
149,198,170
142,196,167
141,194,164
144,196,172
147,198,166
147,198,174
148,196,169
143,194,170
143,194,162
149,199,173
145,197,173
141,194,166
144,197,164
144,198,170
148,197,173
142,195,169
149,199,170
141,193,163
142,194,162
147,195,167
146,196,173
146,194,169
141,193,166
148,200,171
142,192,165
148,200,172
142,192,164
145,195,172
148,199,174
148,199,168
142,193,168
142,193,162
142,196,165
142,194,169
148,198,174
143,196,163
146,196,164
148,196,171
146,194,166
148,197,167
146,199,167
144,197,172
145,195,163
142,196,168
148,198,167
143,195,162
143,197,165
147,199,167
145,199,169
149,198,173
141,194,163
145,199,170
148,196,168
145,196,173
145,196,163
148,200,170
145,198,165
147,199,174
147,200,171
142,192,166
143,195,171
143,196,171
148,200,173
146,199,173
146,198,165
144,198,166
146,195,172
143,192,165
143,193,169
145,193,167
142,192,163
149,200,172
141,194,167
149,198,169
141,192,164
143,197,170
145,193,166
144,193,169
147,197,174
147,200,170
147,195,171
143,193,162
146,198,174
145,199,168
147,196,173
143,192,166
147,200,172
145,198,173
149,200,173
149,200,171
146,197,164
146,197,174
144,195,172
144,195,162
143,192,164
144,198,171
149,199,174
141,193,162
141,192,165
141,192,163
147,197,165
142,196,164
144,194,171
145,199,171
146,195,164
144,193,163
141,193,167
149,199,169
149,197,171
146,194,170
145,193,168
149,197,170
145,194,171
141,195,165
147,195,166
144,194,162
147,196,165
141,195,166
142,195,162
142,196,169
148,196,172
145,193,165
147,200,169
148,200,169
146,194,165
149,197,172
141,195,164
147,200,173
148,200,174
142,192,167
143,192,167
141,194,162
145,194,163
145,199,167
142,195,170
149,200,174
149,200,170
143,197,164
141,192,166
141,192,162
142,192,162
148,196,167
141,195,167
149,198,174
143,192,163
149,197,169
148,197,174
148,199,175
148,199,167
141,194,168
144,198,165
142,193,169
142,193,161
142,194,161
146,199,166
145,199,172
144,197,163
144,196,162
150,199,172
149,198,168
145,197,163
147,198,165
147,198,175
143,197,171
142,194,170
143,194,171
143,194,161
145,193,169
148,198,175
148,197,166
142,196,163
143,196,162
146,199,174
144,196,173
150,199,173
147,199,166
146,200,170
144,198,172
145,197,174
141,193,161
146,200,171
140,193,164
150,199,171
141,195,163
147,195,172
144,197,173
148,198,166
149,199,175
144,192,166
147,199,175
147,200,168
150,200,173
141,193,168
150,200,172
140,193,163
144,193,170
145,198,164
145,193,164
144,192,165
149,197,173
146,196,174
140,193,165
149,199,168
146,200,169
143,193,170
145,195,173
146,194,171
142,196,170
140,192,163
143,196,172
141,195,168
140,192,164
143,195,161
147,200,174
146,200,172
146,196,163
148,200,168
143,192,168
149,200,175
149,200,169
143,193,161
148,196,173
145,199,166
143,198,168
141,192,167
141,192,161
145,195,162
144,192,167
144,193,162
146,198,164
146,195,173
147,195,165
143,195,172
150,200,174
149,197,168
145,198,174
148,200,175
150,199,174
142,197,167
143,198,167
150,200,171
142,192,168
150,198,172
140,192,162
141,194,161
142,197,166
140,193,162
143,192,162
147,196,174
150,198,171
144,192,164
143,198,169
148,195,169
140,192,165
146,198,175
147,194,168
145,196,174
145,196,162
150,199,170
146,194,164
142,192,161
147,197,175
142,195,161
149,201,172
142,197,168
141,191,164
143,197,163
145,199,173
140,193,166
149,201,173
141,191,163
148,195,170
147,194,169
140,194,164
148,196,166
146,200,168
140,194,165
146,195,163
141,194,169
148,201,172
145,194,172
144,194,172
142,191,164
147,197,164
144,198,164
149,198,175
150,198,173
143,198,166
144,199,169
148,195,168
147,194,167
146,197,175
146,197,163
144,195,173
144,195,161
141,195,162
148,201,171
147,196,164
142,197,165
144,199,168
145,193,170
142,195,171
142,191,165
140,194,163
149,201,171
148,201,173
146,200,173
144,194,161
150,198,170
141,191,165
149,201,174
142,191,163
144,199,170
146,199,165
141,191,162
143,197,172
143,198,170
142,196,162
140,194,166
141,196,166
150,200,175
144,192,168
149,196,170
146,193,167
149,198,167
147,200,167
142,197,169
145,194,162
140,192,161
148,199,176
148,199,166
141,195,169
142,193,170
142,193,160
150,200,170
141,196,165
144,198,173
148,195,171
147,194,170
149,196,171
146,193,168
149,197,174
148,197,175
140,192,166
150,201,173
141,193,160
142,194,160
140,193,161
141,196,167
144,199,167
140,191,163
145,193,163
150,199,175
148,201,170
146,199,175
149,196,169
146,193,166
144,192,163
147,200,175
141,193,169
150,201,172
150,201,174
144,197,162
149,199,176
142,194,171
142,191,166
142,196,171
148,201,174
140,193,167
147,195,173
140,191,164
140,191,162
143,198,165
145,199,165
140,194,162
