137,98,158
136,98,158
138,98,158
138,99,159
136,97,157
137,99,159
139,99,159
135,97,157
137,97,157
135,98,158
139,98,158
138,98,159
136,98,157
137,98,159
137,98,157
137,97,158
137,99,158
136,97,158
138,99,158
139,98,159
135,98,157
136,98,159
136,99,159
140,99,159
134,97,157
138,97,157
138,98,157
138,97,158
136,99,158
135,97,158
139,99,158
139,99,160
135,97,156
138,99,160
136,97,156
134,98,158
140,98,158
140,98,159
134,98,157
140,99,160
134,97,156
139,97,158
135,98,159
139,100,160
137,99,160
135,99,158
135,96,156
137,97,156
139,98,157
135,99,159
141,99,159
133,97,157
139,97,157
138,100,159
138,100,160
140,100,160
134,97,158
134,96,156
136,96,156
136,96,157
139,100,159
135,96,157
140,99,158
141,99,160
137,100,159
137,96,157
133,97,156
140,100,159
134,96,157
141,98,159
137,100,160
141,100,160
133,96,156
137,96,156
136,99,160
137,97,159
138,97,156
133,98,157
138,98,160
137,99,157
138,97,159
133,98,158
141,98,158
140,97,158
139,98,160
136,98,156
136,99,157
135,98,156
134,99,158
134,98,159
136,97,159
138,96,157
137,98,160
136,100,159
138,99,157
140,98,157
137,98,156
133,97,158
140,100,161
139,97,159
134,96,155
139,100,161
140,98,160
135,96,155
134,99,159
142,99,159
132,97,157
140,97,157
133,96,157
135,99,157
141,99,158
141,100,159
142,99,160
134,98,156
141,100,161
132,97,156
136,100,160
142,100,160
133,96,155
132,96,156
138,96,156
135,97,159
138,100,161
136,98,160
136,96,158
136,96,155
138,100,158
135,99,160
137,96,158
137,100,158
139,99,157
139,99,161
138,98,156
135,97,155
139,97,156
140,99,161
142,98,159
140,97,159
135,96,158
134,97,155
139,100,158
141,98,160
139,96,157
138,99,161
135,100,159
142,100,161
138,96,158
141,97,158
132,98,157
134,99,157
136,97,155
132,96,155
139,101,160
136,100,158
133,98,156
140,101,160
141,99,161
140,101,161
135,95,156
133,99,158
137,100,161
134,95,156
133,98,159
132,96,157
134,95,155
132,98,158
142,98,158
133,97,155
137,96,155
139,101,161
141,101,161
138,101,160
142,100,159
134,97,159
134,96,158
133,95,155
135,95,155
135,98,160
132,97,158
136,95,156
141,98,157
140,100,158
141,101,160
143,99,160
137,99,161
135,100,160
143,100,160
131,96,156
139,96,156
133,95,156
140,99,157
142,99,158
139,96,158
137,97,155
133,99,159
143,99,159
131,97,157
141,97,157
139,98,156
131,97,156
141,97,159
138,101,161
142,101,161
142,99,161
135,100,158
142,98,160
143,100,161
132,95,155
136,95,155
134,99,160
137,101,160
131,96,155
132,97,155
137,95,156
140,96,157
133,99,157
140,97,156
132,98,156
142,101,160
136,100,161
133,96,158
139,101,159
132,95,156
134,100,159
138,101,159
143,98,159
138,96,155
136,99,161
135,95,157
136,95,157
141,100,158
133,97,159
140,101,159
142,97,158
131,96,157
134,98,160
140,100,162
134,96,154
141,101,162
134,95,157
138,97,160
137,101,161
143,101,161
133,95,154
141,100,162
140,96,158
138,97,155
131,98,157
140,101,162
133,96,154
134,95,154
131,95,155
137,95,155
143,100,159
137,101,159
137,97,160
139,97,160
143,99,161
137,95,157
139,100,162
136,99,156
132,99,158
132,98,159
135,96,154
142,101,162
132,95,154
136,101,160
139,98,161
138,95,156
134,100,158
141,99,157
137,99,156
142,100,162
139,101,162
134,100,160
144,100,160
135,99,156
140,98,156
144,99,160
131,98,158
143,98,158
130,96,156
140,96,156
138,98,161
131,97,158
142,97,159
135,95,154
132,96,154
140,98,161
144,100,161
143,98,160
131,97,155
135,98,155
141,101,159
133,95,157
136,97,160
142,98,157
137,96,159
140,97,160
131,95,156
143,101,160
130,96,155
136,98,155
134,98,155
130,97,156
138,100,162
136,96,159
132,96,158
137,100,157
138,96,159
143,99,158
143,101,162
138,95,157
137,98,161
132,99,159
144,99,159
130,97,157
142,97,157
136,96,154
136,101,159
138,99,156
135,100,161
135,99,161
141,98,161
131,95,154
138,100,157
133,99,160
136,100,157
134,99,156
132,99,157
141,96,157
131,98,156
143,100,162
138,101,162
139,96,155
136,101,161
144,101,161
142,100,158
136,95,154
135,96,159
137,98,155
130,95,155
138,95,155
140,102,161
131,96,154
139,96,159
141,102,161
133,98,155
135,97,160
141,97,156
133,100,159
141,96,158
139,97,155
132,97,159
141,97,160
132,95,157
133,98,160
139,100,157
144,99,161
142,101,159
139,102,161
140,99,162
134,94,155
135,100,157
139,95,156
130,96,157
144,98,159
133,94,155
136,98,161
135,101,160
137,100,162
141,102,162
139,99,162
142,102,161
142,98,161
141,99,162
134,97,154
144,101,162
143,97,158
140,102,162
142,102,162
139,99,156
135,94,155
133,100,158
133,94,154
139,95,157
144,100,159
137,96,154
135,97,154
130,95,154
133,99,156
134,96,159
133,97,154
132,94,155
130,95,156
132,94,154
134,94,154
130,97,155
140,96,159
135,101,159
130,98,157
145,100,161
144,100,162
142,99,157
143,97,159
144,101,160
137,101,162
138,99,162
144,98,160
141,98,156
138,98,155
138,102,161
142,99,162
140,102,160
136,95,158
138,101,158
131,98,159
131,99,158
133,100,160
145,100,160
132,98,155
129,96,156
141,96,156
139,102,160
131,96,158
137,95,154
145,99,160
139,102,162
143,102,162
134,97,160
135,95,158
129,96,155
139,101,158
137,95,158
140,100,157
130,96,154
137,101,158
134,99,161
136,94,155
130,97,158
143,102,161
136,97,154
142,97,160
141,102,160
134,100,157
131,94,154
135,94,154
132,97,154
134,94,156
134,100,161
135,94,156
130,98,158
144,98,158
131,95,157
135,98,161
131,94,155
135,101,161
145,101,161
138,102,160
143,98,157
129,95,155
139,95,155
141,101,163
133,95,153
129,97,156
133,94,156
143,98,161
134,95,158
142,101,163
136,100,162
132,95,153
138,95,158
131,99,157
137,99,162
143,101,159
143,100,158
144,99,158
140,101,158
130,98,156
142,96,157
132,99,160
140,96,155
143,99,162
142,96,158
136,94,156
133,96,159
136,101,158
140,101,163
145,101,162
134,95,153
131,99,159
145,99,159
129,97,157
143,97,157
140,99,156
140,97,155
141,96,159
145,99,161
140,95,156
142,102,160
138,102,162
144,102,162
137,102,161
140,95,157
143,101,163
131,97,159
132,99,156
129,95,154
132,98,160
138,96,154
131,95,153
134,101,160
132,100,159
132,94,156
137,94,155
130,94,154
136,94,154
137,97,154
145,100,162
142,102,163
139,98,155
142,97,156
136,101,162
141,102,163
131,97,154
137,102,160
132,94,153
144,102,161
133,95,158
134,101,159
133,94,153
129,96,157
131,98,155
139,101,163
139,95,158
129,95,156
137,94,156
141,100,157
130,94,155
143,102,163
132,100,158
135,95,153
133,97,160
138,95,154
141,100,163
131,94,153
145,98,159
133,100,157
141,101,158
140,102,163
143,97,160
133,96,153
140,100,163
145,101,160
129,97,155
144,101,163
142,100,163
129,96,154
136,99,162
135,101,158
146,100,161
134,94,153
144,97,158
134,98,161
145,100,159
144,97,159
134,96,153
144,99,162
130,95,153
132,96,153
145,98,160
130,96,158
130,95,157
143,102,160
143,99,157
144,98,161
142,98,156
131,94,156
133,99,161
139,97,161
144,102,163
138,97,161
139,100,163
137,102,162
145,102,162
135,100,162
132,96,159
143,100,163
128,96,155
129,98,157
132,100,160
146,100,160
130,94,153
128,96,156
142,96,156
138,101,163
142,96,159
136,102,161
134,101,161
146,101,161
