118,92,166
119,92,166
117,92,166
116,92,166
120,92,166
119,93,167
117,91,165
118,92,167
118,92,165
120,93,167
118,93,167
118,91,165
116,91,165
119,92,167
117,92,165
117,92,167
119,92,165
117,91,166
119,93,166
118,91,166
118,93,166
120,92,167
116,92,165
117,93,167
121,93,167
115,91,165
119,91,165
116,91,166
115,92,166
121,92,166
120,93,166
119,91,166
117,93,166
116,92,167
120,92,165
121,92,167
119,93,168
117,91,164
115,92,165
115,91,166
120,93,168
116,91,164
121,93,166
116,93,167
122,93,167
114,91,165
120,91,165
120,91,166
118,93,168
118,91,164
116,93,166
121,93,168
115,91,164
122,92,166
114,92,166
115,92,167
121,92,165
117,93,168
120,94,168
119,91,164
120,94,167
116,90,164
114,91,166
122,92,167
119,94,167
116,90,165
117,90,165
121,94,168
119,94,168
122,93,166
114,92,165
117,90,164
115,90,164
122,93,168
114,91,164
121,94,167
115,90,165
121,91,166
118,91,167
123,93,167
115,93,167
121,91,165
113,91,165
117,91,167
118,94,167
118,93,165
119,92,168
118,90,165
115,93,166
119,93,165
118,92,168
117,92,164
118,92,164
118,94,168
122,94,168
119,91,167
114,90,164
118,90,164
117,93,165
120,92,168
116,91,167
116,92,164
116,93,168
117,92,168
122,94,167
114,90,165
120,93,165
114,92,167
120,91,164
119,92,164
122,92,165
119,90,165
123,92,166
113,92,166
117,94,167
120,91,167
123,93,168
113,91,166
121,92,168
113,91,164
116,93,165
123,92,167
123,93,166
117,94,168
123,94,168
115,92,164
113,90,164
119,90,164
115,91,167
113,92,165
116,92,168
120,94,169
122,91,166
121,93,165
116,90,163
121,94,169
115,90,163
117,90,166
119,94,166
120,92,164
116,90,166
113,90,165
120,94,166
123,94,167
114,93,166
114,93,167
124,93,167
122,91,165
112,91,165
119,94,169
117,90,163
118,90,166
118,94,166
120,93,169
121,91,167
116,91,163
115,93,168
122,94,169
119,93,169
114,90,163
122,92,168
117,91,163
120,90,165
115,90,166
116,94,167
121,91,164
121,94,166
121,93,169
115,93,165
115,91,163
114,92,164
118,93,169
113,92,167
114,91,167
124,93,168
118,94,169
118,91,163
119,90,166
124,94,168
116,94,168
115,92,168
118,90,163
120,90,164
112,90,164
117,94,166
112,91,164
123,92,165
123,94,169
122,93,165
112,91,166
122,93,169
113,90,163
114,90,166
121,92,164
124,92,166
112,92,166
114,91,163
124,92,167
122,94,166
124,93,166
112,90,165
117,93,169
121,95,168
124,94,167
120,95,168
122,91,167
112,92,165
123,92,168
123,91,166
119,91,163
115,89,164
116,89,164
120,90,166
122,95,168
117,94,169
121,90,165
121,95,169
119,90,163
119,95,168
113,93,166
115,94,167
114,93,165
114,93,168
116,94,166
114,89,164
125,93,167
113,93,167
123,91,165
111,91,165
115,89,163
123,93,169
122,95,169
120,95,169
113,92,164
117,89,164
124,94,169
113,91,167
116,89,163
114,89,163
113,90,166
122,91,164
114,92,168
112,90,163
113,91,163
115,94,168
125,94,168
123,95,168
121,90,164
111,90,164
123,94,166
118,91,168
125,93,168
116,93,169
119,95,169
123,95,169
113,89,164
123,93,165
119,91,168
117,91,168
118,95,168
112,92,167
122,92,164
113,89,163
117,89,163
118,93,164
111,91,164
120,91,163
118,89,164
120,95,167
117,93,164
121,95,167
119,93,164
111,90,165
121,90,166
119,92,169
111,91,166
116,89,165
116,94,169
120,91,168
124,92,165
123,91,167
115,89,165
116,91,168
119,95,167
120,92,169
125,94,167
124,92,168
118,92,169
120,90,163
117,92,163
124,93,169
117,89,165
115,94,166
125,92,167
122,95,167
125,93,166
118,95,169
124,95,169
124,95,168
116,92,163
116,93,164
121,94,170
115,90,162
111,92,166
125,92,166
118,92,163
114,89,165
125,94,169
117,90,167
122,90,165
112,89,164
120,93,164
120,94,170
116,90,162
112,89,163
118,89,163
112,90,166
121,92,169
118,90,167
112,91,163
113,93,165
116,90,167
124,91,166
117,92,169
119,94,165
111,90,163
122,94,170
114,94,167
114,90,162
111,92,165
112,92,164
117,95,168
118,95,167
112,91,167
121,91,168
118,94,165
115,93,169
119,89,164
118,89,165
120,94,165
113,93,168
113,92,168
119,94,170
115,91,168
115,92,163
117,90,162
124,94,166
119,92,163
112,93,166
119,90,167
121,95,170
123,95,167
115,90,167
122,95,170
115,89,162
113,89,165
112,93,167
126,93,167
110,91,165
124,91,165
114,89,162
123,91,164
126,94,168
114,94,168
123,94,170
121,91,163
122,90,164
110,90,164
115,93,164
122,92,169
117,94,165
113,90,162
120,95,170
121,93,164
121,94,165
124,93,165
116,92,169
116,89,162
122,90,166
126,93,168
123,95,170
123,92,164
125,95,169
117,95,169
118,94,170
113,89,162
115,94,169
119,89,163
111,89,163
125,95,168
118,90,162
119,89,165
111,89,164
117,95,167
125,93,169
120,90,167
114,92,163
110,90,165
121,90,163
122,91,168
110,91,164
124,91,167
114,90,167
111,92,167
120,92,163
119,95,170
114,94,166
125,92,168
114,91,168
120,93,170
117,89,162
126,94,169
124,94,170
126,94,167
116,95,168
112,89,165
120,89,164
121,93,170
111,90,166
124,95,170
116,91,162
119,93,170
116,94,165
110,91,166
124,95,167
111,91,163
112,89,162
112,90,162
122,94,165
115,91,162
123,92,169
125,92,165
117,91,162
110,90,163
114,93,169
123,90,165
115,92,169
114,93,164
117,94,170
122,93,170
126,92,167
112,93,165
118,93,170
122,93,164
126,93,166
111,91,167
125,94,166
111,92,164
113,94,167
112,92,168
119,90,162
121,90,167
118,95,170
114,91,162
120,89,165
110,92,166
126,92,166
125,91,166
118,91,162
113,90,167
116,89,166
120,95,166
116,95,169
126,95,169
118,89,162
113,92,163
112,93,168
116,95,167
122,91,163
122,96,169
117,89,166
119,95,166
110,92,165
115,89,166
121,96,169
110,89,163
120,89,163
121,95,166
121,92,163
125,95,170
123,91,168
123,90,166
110,89,164
125,94,170
126,95,168
123,93,170
113,94,168
127,94,168
113,91,168
111,89,162
123,96,169
123,90,164
109,90,164
115,94,165
117,93,170
111,93,166
111,89,165
114,94,169
124,91,164
120,96,169
118,89,166
126,93,169
114,88,163
125,93,165
123,94,165
115,88,163
114,89,166
111,90,162
111,93,167
127,93,167
109,91,165
125,91,165
118,95,166
124,92,164
125,95,167
124,92,169
122,95,166
113,91,162
127,93,168
121,89,164
122,90,163
113,88,163
119,91,162
116,94,170
115,95,168
114,92,169
122,96,170
116,88,163
113,94,166
125,91,167
121,96,168
124,96,169
109,90,165
122,96,168
127,94,169
117,95,170
126,92,168
123,96,170
121,96,170
110,90,166
113,93,164
122,90,167
119,96,169
120,90,162
120,96,168
109,91,164
114,88,162
119,89,166
110,91,163
123,93,164
119,89,162
112,90,167
113,93,169
121,89,165
124,93,170
113,89,166
110,92,167
112,88,163
127,94,167
115,88,162
113,88,162
115,88,164
109,90,163
123,96,168
126,95,170
116,93,170
117,95,166
114,88,164
120,96,170
124,96,170
112,92,163
123,95,166
117,88,163
115,95,167
116,88,164
109,91,166
124,90,165
110,89,162
126,94,170
122,92,163
127,95,169
115,95,169
124,91,168
126,94,166
119,96,168
113,88,164
122,95,171
114,89,161
110,91,167
118,91,169
112,88,162
116,88,162
125,96,169
119,91,169
112,91,162
121,89,163
109,89,163
121,95,171
115,89,161
111,93,165
