134,84,173
133,84,173
135,84,173
132,84,173
136,84,173
135,84,174
133,84,172
135,85,174
134,84,174
133,83,172
134,84,172
134,85,174
136,85,174
132,83,172
134,83,172
136,84,174
132,84,172
133,84,174
131,84,173
137,84,173
135,84,172
134,83,173
134,85,173
133,83,173
135,85,173
133,85,174
137,85,174
131,83,172
135,83,172
135,83,173
133,85,173
132,83,173
136,85,173
137,84,174
131,84,172
132,84,174
136,84,172
136,83,173
132,85,173
132,85,174
138,85,174
130,83,172
136,83,172
131,83,173
130,84,173
138,84,173
137,85,173
136,85,175
132,83,171
135,85,175
133,83,171
138,84,174
130,84,172
131,84,174
137,85,175
137,84,172
131,83,171
134,85,175
134,83,171
137,83,173
131,85,173
130,83,173
138,85,173
131,85,174
139,85,174
129,83,172
137,83,172
138,85,175
130,83,171
133,85,175
135,83,171
139,84,173
129,84,173
134,83,174
134,85,172
139,84,174
135,83,174
135,86,174
136,86,174
135,84,175
133,83,174
133,85,172
133,82,172
133,84,171
132,82,172
129,84,172
130,84,174
135,85,172
136,84,175
136,86,175
134,84,175
132,84,171
132,82,171
138,84,172
134,84,171
134,86,174
135,86,175
137,86,175
137,86,174
134,82,172
136,83,174
138,83,173
131,82,171
133,82,171
131,82,172
139,85,175
132,85,172
132,83,174
129,83,171
130,85,173
137,84,175
129,83,173
132,85,175
136,85,172
131,84,171
136,83,171
133,84,175
139,85,173
134,86,175
138,86,175
135,84,171
130,82,171
134,82,171
130,85,174
140,85,174
138,83,172
128,83,172
133,86,174
135,82,172
138,86,174
130,82,172
137,83,174
138,84,175
131,85,172
131,83,174
130,84,171
140,84,174
132,84,175
137,85,172
128,84,173
140,84,173
133,86,175
139,86,175
140,85,175
129,84,174
129,82,171
135,82,171
128,84,172
136,84,171
128,83,171
131,85,175
136,82,172
132,86,174
133,82,173
135,86,173
139,84,172
139,83,173
137,83,171
134,82,173
129,82,172
134,86,173
139,86,174
132,82,173
136,86,173
138,83,174
128,83,173
129,85,173
139,84,175
140,85,173
130,85,172
136,85,176
130,83,174
135,82,173
132,83,170
133,86,173
137,85,176
131,83,170
137,86,176
131,82,173
129,84,171
136,86,176
131,82,170
131,84,175
135,85,176
132,82,170
137,86,173
133,83,170
129,85,174
141,85,174
127,83,172
139,83,172
132,86,175
140,86,175
138,85,172
128,82,171
136,82,171
138,86,176
130,82,170
137,84,171
135,86,176
138,85,176
133,82,170
130,83,170
134,85,176
137,82,172
136,82,173
131,86,174
134,83,170
141,85,175
132,86,173
128,82,172
141,84,174
140,86,174
130,82,173
130,85,175
127,83,171
139,83,174
139,86,176
138,86,173
129,82,170
134,86,176
128,84,174
127,84,173
141,84,173
127,84,172
140,84,175
134,82,170
138,83,171
139,85,176
140,83,173
129,83,170
129,83,174
129,85,172
140,84,172
133,85,176
130,84,175
128,84,171
127,83,173
135,83,170
128,85,173
131,86,175
141,86,175
137,82,173
127,82,171
137,82,171
139,85,172
141,85,173
140,86,176
135,83,175
131,86,173
134,83,175
138,84,171
129,82,173
128,82,170
133,86,176
136,83,175
135,82,170
138,82,172
133,85,171
140,85,176
128,85,174
142,85,174
139,86,173
134,85,171
126,83,172
140,83,172
136,87,175
137,87,175
130,86,174
133,83,175
127,82,172
128,83,170
132,85,171
141,86,174
132,85,176
132,81,171
135,87,175
131,81,171
142,85,175
140,83,174
138,87,175
135,85,171
137,83,175
136,84,176
136,83,170
141,84,175
135,84,176
129,85,175
133,81,171
126,83,171
130,81,171
132,83,175
132,84,170
137,84,176
142,84,174
138,82,173
133,84,170
128,83,174
131,85,171
137,87,176
141,86,176
139,83,171
134,84,176
128,85,172
134,87,175
129,84,175
131,84,170
136,87,176
138,87,176
127,84,174
127,82,170
132,86,176
139,87,175
134,82,174
127,84,171
131,81,170
130,86,173
133,82,174
136,85,171
128,82,173
126,84,172
130,86,175
142,86,175
134,84,170
134,81,171
141,83,173
136,82,170
126,82,171
138,82,171
136,87,174
130,81,170
132,81,170
138,83,175
126,84,173
142,84,173
138,84,176
134,86,172
129,81,171
141,85,176
135,82,174
135,86,172
135,87,174
140,85,172
141,84,172
132,82,174
137,87,174
132,81,172
135,87,176
139,87,176
126,83,173
140,86,173
133,84,176
133,86,172
139,84,171
133,81,172
127,85,173
130,84,170
127,83,170
131,83,175
131,85,176
131,81,172
129,81,170
133,81,170
136,86,172
139,82,172
130,85,171
136,82,174
134,87,174
133,87,175
142,85,173
135,84,170
129,86,174
126,82,172
138,87,174
134,81,172
140,87,175
137,83,170
135,81,171
139,84,176
131,82,174
130,81,172
132,86,172
137,85,171
142,86,174
128,81,171
137,86,177
131,82,169
134,87,176
140,87,176
141,83,174
127,85,174
143,85,174
138,86,177
125,83,172
141,83,172
130,82,169
142,86,176
139,83,175
139,82,173
136,86,177
132,82,169
142,84,175
143,85,175
137,86,172
132,84,176
128,81,170
134,81,170
129,84,170
131,86,176
133,87,174
126,82,170
137,82,174
135,81,172
128,85,175
139,86,177
127,83,174
129,82,169
127,82,173
137,82,170
125,83,171
139,87,174
129,86,173
130,83,175
142,85,176
135,86,177
129,81,172
128,84,175
133,82,169
136,84,170
127,85,172
130,82,174
129,85,171
131,86,172
132,87,175
140,83,171
126,84,171
143,84,174
129,86,175
143,86,175
140,84,176
125,82,171
139,82,171
136,81,171
141,87,175
130,85,176
141,86,173
133,87,176
141,87,176
126,83,170
127,81,171
140,86,177
126,84,174
137,85,177
138,86,172
136,85,177
141,85,172
128,82,169
138,85,171
127,81,170
135,81,170
131,83,169
142,83,173
125,84,172
134,86,177
132,83,169
131,84,176
132,87,174
136,81,172
140,84,171
138,85,177
138,82,174
140,83,175
128,84,170
134,82,169
138,87,177
140,82,172
137,87,177
138,83,170
130,83,169
135,85,177
143,84,173
125,84,173
125,83,173
130,81,169
128,81,172
142,84,172
131,81,169
140,87,174
133,83,169
126,85,173
139,87,177
125,82,172
128,86,174
143,86,176
136,87,177
129,82,174
139,85,177
140,82,173
129,81,169
132,81,169
130,86,172
137,84,170
129,83,175
130,86,176
143,86,174
143,85,173
142,83,174
141,86,177
129,83,169
125,82,170
134,85,177
141,84,176
143,84,175
128,85,171
133,81,173
135,87,173
127,82,169
131,87,175
140,87,177
132,81,173
136,87,173
132,87,176
142,87,176
138,82,170
133,86,177
137,81,171
143,85,176
126,82,173
134,83,169
135,87,177
144,85,175
134,81,173
128,81,169
139,86,172
142,87,175
128,86,173
134,87,173
126,85,174
144,85,174
126,81,171
142,83,172
124,83,172
126,81,170
136,81,170
135,82,169
133,81,169
137,81,172
126,83,174
131,81,173
140,85,177
137,87,173
131,87,174
139,82,174
127,85,175
130,84,176
127,84,175
129,85,176
139,85,171
124,83,171
127,81,172
126,85,172
127,84,170
135,81,173
128,83,169
133,85,177
125,83,170
141,83,175
142,86,173
128,86,175
144,86,175
141,87,174
133,87,173
125,84,171
124,82,171
140,82,171
141,87,177
130,81,173
141,83,171
134,87,177
128,82,174
142,86,177
127,81,169
138,87,173
135,83,169
144,84,174
129,86,172
134,81,169
139,83,170
142,85,172
138,84,170
135,83,176
126,82,169
132,86,177
136,83,176
128,83,175
141,85,177
141,84,171
125,84,174
136,81,173
141,82,172
