187,196,127
188,196,127
188,197,128
186,195,126
189,196,127
189,197,128
187,195,126
187,196,126
187,196,128
188,197,127
186,195,127
188,196,128
187,195,127
188,196,126
189,197,127
190,197,128
188,195,126
189,196,128
188,195,127
189,196,126
190,197,127
190,196,127
188,197,129
186,195,125
189,198,128
185,194,126
189,197,129
186,194,126
187,195,125
190,198,128
191,197,128
189,195,126
189,198,129
185,194,125
190,196,128
189,195,127
190,198,129
186,194,125
190,196,126
191,197,127
190,197,129
187,194,126
188,197,126
188,195,125
191,198,128
187,195,128
191,196,127
189,197,126
191,198,129
187,194,125
187,196,125
189,198,127
188,195,128
188,196,129
186,194,127
192,197,128
191,197,129
190,195,126
188,196,125
190,198,127
188,194,126
190,197,126
191,196,128
190,195,127
189,195,125
192,198,128
191,196,126
189,196,129
192,197,127
187,194,127
192,198,129
188,194,125
189,196,125
191,198,127
189,195,128
189,198,130
190,199,129
184,193,125
185,194,124
190,198,130
185,193,125
191,197,126
191,199,129
192,196,127
186,194,124
190,196,129
192,197,129
188,194,127
189,194,126
191,198,130
186,193,125
190,195,125
193,198,128
186,195,124
190,199,128
189,197,130
190,196,125
192,198,127
192,199,129
187,194,124
193,197,128
191,195,126
185,193,126
190,199,130
193,198,129
189,194,125
184,193,124
192,196,128
191,195,127
187,195,124
191,199,128
191,199,130
190,195,128
185,193,124
192,196,126
193,197,127
190,197,130
186,193,126
192,198,130
192,197,126
187,193,125
188,195,124
192,199,128
192,199,130
191,196,129
186,193,124
189,194,127
193,199,129
188,194,124
189,198,126
188,197,125
187,195,129
186,194,128
191,196,125
191,197,130
193,198,127
193,197,129
190,194,126
190,198,126
189,197,125
187,193,126
193,196,127
191,195,125
194,198,128
188,195,129
187,194,128
193,199,130
189,195,124
193,199,128
194,198,129
190,194,125
187,193,124
193,198,130
191,195,128
191,198,126
190,197,125
188,193,125
194,197,128
192,195,126
193,196,128
192,195,127
190,199,127
187,196,124
194,199,129
189,194,124
188,196,130
193,197,126
193,196,126
194,197,127
185,193,127
192,196,129
189,195,129
191,199,127
192,197,130
188,196,124
188,194,128
190,194,127
190,199,131
188,193,126
191,199,131
191,200,130
183,192,124
189,196,130
190,198,131
184,193,123
184,192,124
191,200,129
185,194,123
186,193,127
192,196,125
194,198,127
192,200,130
192,198,126
191,197,125
184,192,125
185,193,123
194,199,130
190,195,124
194,199,128
188,193,124
192,200,129
192,199,127
186,194,123
189,196,124
192,199,131
191,198,131
194,197,129
191,194,126
185,192,124
185,192,125
193,200,130
192,195,125
195,198,128
186,193,123
190,196,130
194,198,130
189,193,125
190,195,129
193,200,129
187,193,127
187,194,123
195,198,129
189,194,128
191,194,125
194,196,127
195,199,129
190,194,124
192,195,128
192,198,131
193,199,131
193,199,127
191,200,131
190,196,124
193,197,130
193,198,126
192,197,125
183,192,123
186,192,124
189,193,126
194,197,126
192,200,131
186,192,125
195,197,128
193,195,126
184,192,123
194,200,130
189,197,131
187,193,123
193,196,129
194,196,128
193,195,127
191,194,127
191,200,128
186,195,123
195,199,130
191,195,124
194,200,129
195,199,128
189,193,124
194,196,126
188,194,123
195,197,127
184,192,126
191,196,130
193,200,131
192,200,128
193,196,125
195,198,127
187,195,123
190,197,131
188,193,127
185,192,123
185,192,126
193,198,131
194,199,131
191,195,129
190,194,128
194,199,127
191,196,124
189,198,125
193,200,128
187,192,124
188,195,123
187,192,125
195,198,130
190,193,125
195,197,129
195,200,130
192,194,126
194,200,131
191,197,131
188,193,123
190,198,125
196,199,129
186,194,129
193,195,125
194,198,126
191,194,124
193,197,125
196,198,128
186,192,123
195,200,129
189,194,123
186,192,126
190,199,126
188,197,124
196,198,129
192,194,125
194,197,130
187,194,129
190,193,126
187,195,130
193,195,128
191,199,126
192,196,130
189,197,124
194,200,128
191,198,125
189,195,123
185,193,128
195,196,127
189,193,127
195,197,126
196,199,130
192,195,124
196,199,128
191,199,132
190,193,124
188,195,130
194,196,129
186,193,128
192,201,130
194,198,131
192,194,127
195,199,131
192,197,131
195,200,131
183,191,124
184,193,122
195,199,127
192,196,124
192,199,126
188,194,129
191,200,132
190,197,124
196,197,128
194,195,126
192,199,132
188,192,124
187,192,123
188,192,125
194,196,125
193,201,130
196,198,127
192,200,132
187,192,126
185,193,122
195,196,128
194,195,127
192,201,131
196,200,130
192,195,129
182,191,123
195,196,126
196,197,127
189,193,123
191,194,128
192,198,125
183,192,122
184,191,124
183,191,123
189,195,130
193,201,131
196,200,129
190,194,123
184,192,122
187,193,128
193,200,132
195,200,128
190,198,132
194,201,130
190,195,123
195,198,126
194,197,125
191,200,127
186,193,122
187,196,123
188,196,131
196,198,130
193,199,132
184,191,123
193,199,126
191,193,125
191,197,124
192,201,129
194,201,131
192,200,127
197,199,129
185,194,122
192,194,124
191,198,132
188,196,123
183,191,125
185,192,122
189,194,129
184,192,127
189,196,131
185,191,124
193,201,129
196,197,129
193,196,130
193,194,126
186,194,122
194,195,125
197,198,128
195,197,130
193,197,131
190,193,127
194,200,132
196,200,131
185,192,127
184,191,125
191,193,126
195,201,130
190,195,130
193,198,125
188,192,123
193,200,127
197,198,129
187,193,122
193,194,125
189,196,123
185,191,123
188,192,126
188,193,128
193,195,124
197,199,128
195,198,131
196,199,131
197,199,130
196,199,127
194,201,129
193,196,124
191,193,124
195,201,131
192,198,132
187,194,122
190,196,131
194,195,128
189,192,124
186,192,122
189,192,125
194,199,132
192,201,132
196,197,126
197,200,130
194,199,126
192,197,124
190,193,123
196,200,128
191,195,123
193,201,132
186,192,127
182,191,122
185,191,125
197,200,129
191,194,123
186,191,124
196,196,127
195,196,129
183,191,122
193,194,127
193,195,129
194,200,127
192,194,128
195,196,125
197,198,127
195,200,132
190,196,123
190,194,129
195,201,129
194,201,132
196,201,130
188,194,122
196,198,126
195,197,125
188,193,122
186,191,123
197,197,128
195,195,126
184,191,122
193,198,132
196,201,131
191,196,131
191,195,130
194,198,125
196,196,128
196,196,126
197,197,127
195,195,127
187,192,122
189,193,128
189,197,132
194,197,131
197,200,131
197,198,130
187,192,127
186,191,125
189,192,123
192,201,128
192,193,125
194,196,130
198,199,129
195,199,132
193,194,124
195,201,132
186,195,122
189,192,126
195,199,126
193,197,124
190,197,132
191,193,127
195,200,127
193,201,128
185,191,122
191,196,123
183,191,126
187,191,124
187,195,122
196,201,129
197,199,127
194,196,124
197,200,128
196,197,130
197,199,131
196,198,131
189,194,122
192,195,123
192,193,126
190,199,125
196,200,132
190,192,124
189,198,124
197,197,129
195,195,125
198,198,128
184,191,126
194,194,126
190,192,125
194,195,124
198,199,128
197,201,130
198,200,130
192,200,133
198,199,130
191,193,123
189,193,122
192,193,124
194,201,128
187,191,123
191,197,132
191,199,125
198,200,129
190,198,124
192,194,123
188,195,122
198,198,129
194,198,132
194,194,125
191,194,129
197,201,131
192,196,131
188,192,122
186,194,130
193,202,131
196,201,132
193,200,133
191,199,133
185,193,129
182,190,123
197,197,126
195,195,128
188,192,127
195,198,125
183,192,121
187,191,125
185,191,126
192,195,130
194,202,131
186,191,122
187,194,130
192,199,125
191,198,124
186,193,129
190,193,128
194,195,129
184,192,121
192,199,133
193,194,128
191,200,126
