165,104,74
165,103,74
165,102,74
166,104,74
164,104,74
164,103,74
166,105,75
164,103,73
166,103,74
166,104,75
164,102,73
165,101,74
164,102,74
165,103,73
165,105,75
165,104,75
166,103,75
164,101,73
166,102,74
165,102,73
165,103,75
164,101,74
165,100,74
165,101,73
166,102,75
164,100,73
166,101,74
165,102,75
167,105,75
163,102,73
167,104,75
164,100,74
163,101,73
165,100,73
167,103,75
166,101,75
164,99,73
165,101,75
165,99,74
166,100,74
163,100,73
167,105,74
167,104,74
163,103,74
166,103,73
164,104,75
164,99,74
163,102,74
165,99,73
167,102,75
167,103,74
164,103,75
166,102,73
166,105,76
167,106,76
164,102,72
163,102,72
163,99,73
167,105,76
166,100,75
164,98,73
163,101,72
164,101,72
163,101,74
165,100,75
166,104,76
164,102,75
167,102,74
166,101,73
166,99,74
167,104,76
163,100,72
165,98,74
164,100,72
167,101,75
166,103,76
165,98,73
163,100,74
164,101,75
164,98,74
167,101,74
166,100,73
167,103,76
163,98,73
163,99,72
164,99,72
162,102,73
168,105,75
165,99,75
166,99,75
165,105,76
164,97,73
165,102,72
166,102,76
162,101,73
168,104,75
165,104,76
168,106,76
166,98,74
167,100,75
165,101,72
162,101,72
163,99,74
167,102,76
168,105,76
164,100,75
167,100,74
163,98,72
166,99,73
162,100,73
162,100,72
165,97,74
168,103,75
165,103,76
164,98,72
165,97,73
165,100,72
168,104,76
163,97,73
164,97,74
166,101,76
162,99,72
162,99,73
168,102,75
165,102,76
167,101,76
165,98,75
165,99,72
168,103,76
167,104,73
166,98,75
164,96,73
163,97,72
163,98,74
167,99,74
167,99,75
164,99,75
167,103,73
166,98,73
163,104,75
164,97,72
166,97,74
163,103,75
162,98,72
168,105,74
167,102,73
168,104,74
162,103,74
162,98,73
162,102,74
163,102,75
168,101,75
165,101,76
166,100,76
165,96,73
163,96,73
165,96,74
168,103,74
168,102,76
165,98,72
167,101,73
167,106,77
162,101,74
164,96,74
167,100,76
163,96,72
163,101,71
163,101,75
162,97,72
167,105,77
168,102,74
163,97,74
167,98,74
166,103,72
163,100,71
166,97,73
164,98,75
168,107,77
166,102,72
164,96,72
167,98,75
164,105,76
165,97,75
168,106,77
162,100,74
167,100,73
166,97,75
164,95,73
164,104,76
162,101,71
162,97,73
167,104,77
166,101,72
168,100,75
163,99,71
162,100,71
168,101,76
165,100,76
161,101,72
168,105,77
169,106,76
165,97,72
166,96,74
166,106,77
168,101,74
164,103,76
161,100,72
163,100,75
166,99,76
162,99,71
169,105,76
166,105,77
164,101,71
166,100,72
163,95,73
163,98,71
165,95,73
162,96,72
162,99,74
168,104,77
164,100,71
167,103,77
161,99,72
169,106,75
167,99,73
167,99,76
169,104,76
161,102,73
164,102,76
166,104,77
169,105,75
163,95,72
165,95,74
162,98,71
161,101,73
167,97,74
166,96,73
164,99,71
169,104,75
164,95,74
163,96,74
168,100,74
164,95,72
164,97,75
166,99,72
162,96,73
161,100,73
168,99,75
168,100,76
161,98,72
163,99,75
165,99,76
168,103,77
165,96,72
163,97,71
167,97,75
169,103,76
166,103,77
165,96,75
167,102,77
164,101,76
169,103,75
162,97,71
169,107,77
162,98,74
166,96,75
164,94,73
164,98,71
161,101,71
169,106,77
161,99,73
167,98,73
161,100,71
166,98,76
162,95,72
166,95,74
166,98,72
161,99,71
161,97,72
169,105,77
168,99,74
169,102,76
166,102,77
169,102,75
168,102,77
163,94,73
167,98,76
163,96,71
163,94,72
165,94,73
163,98,75
162,96,71
161,98,71
164,97,71
161,98,73
164,100,76
168,99,76
167,101,77
165,102,71
165,106,77
168,98,75
167,96,74
162,95,73
166,95,73
164,94,72
169,104,77
168,104,73
165,101,71
165,105,77
165,95,72
165,94,74
163,95,74
165,98,76
162,97,74
164,96,75
168,103,73
165,100,71
164,94,74
167,97,73
165,104,77
166,97,72
169,101,75
167,96,75
161,96,72
161,97,71
162,103,75
168,102,73
169,101,76
166,101,77
168,98,74
168,101,77
162,94,72
165,95,75
162,102,75
169,103,77
165,99,71
169,105,74
163,95,71
164,96,71
161,97,73
166,97,76
166,95,75
164,93,73
167,103,72
165,103,77
162,95,71
169,104,74
168,101,73
167,102,72
164,99,76
161,102,74
167,100,77
166,94,74
163,97,75
162,101,75
169,103,74
167,97,76
161,96,71
167,101,72
163,93,72
163,104,76
161,101,74
165,98,71
169,100,75
168,98,76
163,93,73
168,97,75
162,96,74
166,96,72
170,107,76
160,101,72
165,93,73
162,94,73
165,94,72
163,103,76
165,102,77
168,108,78
161,95,72
170,106,76
168,107,78
169,100,76
167,95,74
169,102,77
160,100,72
164,93,72
168,100,73
165,97,76
166,94,73
167,96,73
166,100,77
169,102,74
167,100,72
161,100,74
168,106,78
162,100,75
163,94,74
170,105,76
164,95,75
168,100,77
164,95,71
161,96,73
160,99,72
168,97,74
163,102,76
163,94,71
170,107,77
165,93,74
162,94,71
167,107,78
162,100,70
160,100,71
165,97,71
167,95,75
161,95,71
168,105,78
162,93,72
162,99,70
167,106,78
170,106,77
160,99,71
164,93,74
170,104,76
164,98,76
169,101,74
169,108,78
160,98,72
169,107,78
167,99,72
161,99,74
168,99,73
165,101,77
169,99,75
167,99,77
166,96,76
163,101,70
162,98,70
163,100,70
167,105,78
160,98,71
170,105,77
163,101,76
163,96,75
165,94,75
162,99,75
169,101,77
169,106,78
166,94,75
164,92,73
163,99,70
166,95,72
161,100,70
168,104,78
169,99,76
170,103,76
161,94,72
161,99,70
162,95,74
170,106,75
168,97,76
167,96,76
166,99,77
168,96,75
163,92,72
170,105,75
162,97,70
165,96,71
166,93,74
160,97,72
167,95,73
169,100,74
164,94,71
167,104,78
160,97,71
160,101,73
165,93,72
163,98,70
169,105,78
161,95,73
161,98,70
166,102,71
170,104,77
162,93,73
167,98,72
168,99,77
161,98,74
166,101,71
163,92,73
165,96,76
170,104,75
161,94,71
164,92,72
160,100,73
167,94,74
163,93,71
168,98,73
166,93,73
168,96,74
162,93,71
163,100,76
165,92,73
164,105,77
165,100,77
168,103,78
166,100,71
161,97,70
170,102,76
162,98,75
163,93,74
163,97,70
164,104,77
164,94,75
162,96,70
164,97,76
169,98,75
169,104,78
160,99,73
170,103,75
167,103,78
160,96,71
166,107,78
169,100,77
170,103,77
162,92,72
166,106,78
160,96,72
167,98,77
166,99,71
169,99,74
165,92,74
167,94,75
164,103,77
165,95,71
164,101,70
167,97,72
166,94,72
164,100,70
161,96,70
166,105,78
163,95,75
169,98,76
161,97,74
164,92,74
161,93,72
170,108,78
166,95,76
163,96,70
160,98,73
170,102,75
166,98,77
163,99,76
164,99,70
170,107,78
168,97,73
164,93,71
168,102,78
162,94,74
170,101,76
162,95,70
169,103,78
161,94,73
168,96,76
165,93,75
161,93,71
167,94,73
166,98,71
160,100,70
166,104,78
160,99,70
167,102,78
165,99,77
160,95,71
168,98,77
170,102,77
164,102,77
168,95,75
170,106,78
166,93,75
164,91,73
167,95,76
165,92,72
162,97,75
164,98,70
163,91,72
163,92,71
162,92,71
160,98,70
168,95,74
160,95,72
161,95,70
162,92,73
169,104,73
166,92,74
165,95,76
169,97,75
169,98,74
169,99,77
170,101,75
160,97,73
164,91,72
163,95,70
