180,196,203
181,197,204
179,195,202
179,196,203
181,196,203
180,197,204
180,195,202
179,195,203
178,195,202
182,197,204
181,197,203
180,197,203
180,195,203
180,196,204
180,196,202
182,198,205
178,194,201
181,198,204
181,196,204
179,194,202
179,196,202
178,194,202
182,198,204
181,198,205
179,194,201
181,197,205
183,198,205
177,194,201
178,195,203
179,195,201
179,197,203
182,197,203
179,196,204
181,196,202
178,196,203
182,199,205
182,197,205
178,195,201
178,193,201
180,198,204
179,197,204
182,196,203
181,195,203
177,193,201
183,199,205
181,195,202
178,196,202
177,194,202
180,194,202
183,198,204
183,199,206
177,193,200
177,195,202
182,196,204
180,197,205
183,197,204
180,195,201
180,198,205
182,199,206
178,193,200
181,199,205
180,194,201
179,194,203
182,198,206
180,195,204
179,193,201
178,194,200
177,195,201
178,194,203
178,193,202
184,199,206
179,195,204
176,193,200
184,199,205
181,198,203
176,193,201
183,200,206
183,198,206
177,194,200
177,192,200
183,197,205
180,197,202
176,194,201
184,198,205
176,192,200
184,200,206
180,194,203
180,198,203
181,198,206
182,199,204
177,193,202
178,197,203
181,196,205
178,196,204
179,198,204
179,194,200
177,195,203
183,197,203
182,198,203
181,199,206
182,196,202
180,196,205
181,197,202
181,199,204
181,195,204
179,193,202
179,197,202
179,193,200
182,200,206
177,192,201
177,196,202
179,196,201
183,199,204
179,197,205
178,192,200
184,198,204
178,197,204
184,200,207
176,192,199
180,199,205
181,195,201
177,196,203
176,194,202
183,200,207
177,192,199
182,195,203
180,196,201
183,200,205
178,195,204
176,194,200
181,194,202
177,194,203
176,192,201
182,200,205
182,196,205
178,192,201
178,196,201
183,196,203
183,199,207
185,200,206
182,195,202
184,198,206
179,198,205
179,198,203
177,193,199
175,192,200
183,196,204
176,195,202
182,197,206
181,197,206
180,199,204
185,199,206
175,193,200
179,196,205
176,195,201
183,198,203
185,200,207
184,200,205
176,193,202
182,197,202
178,197,202
180,193,201
184,201,207
184,199,207
176,193,199
176,191,199
175,192,199
180,198,206
184,197,204
182,199,207
185,199,205
181,194,201
178,195,200
180,194,200
178,193,199
182,200,207
181,200,206
175,193,201
176,191,200
175,191,199
185,201,207
181,194,203
179,195,200
178,192,199
184,199,204
181,200,205
181,196,201
183,201,207
180,193,202
180,199,206
184,197,205
184,201,206
182,195,204
183,201,206
183,197,206
178,193,203
177,191,199
177,195,200
177,191,200
175,194,201
180,197,206
177,196,201
179,194,204
175,191,200
178,198,204
185,198,205
175,192,201
177,197,203
179,192,200
180,193,200
179,193,203
177,192,202
177,196,204
179,192,201
175,193,199
180,194,204
182,198,207
183,196,202
185,201,206
176,195,203
175,194,200
180,195,205
185,200,205
183,198,207
185,201,208
184,197,203
175,191,198
185,199,207
184,201,208
176,191,198
178,194,204
179,199,205
186,201,207
178,192,202
180,195,200
177,193,203
181,199,207
178,198,203
177,195,204
186,200,206
183,196,205
178,197,205
176,196,202
179,199,204
182,201,206
174,191,199
186,200,207
179,193,199
176,194,203
184,200,208
174,192,199
182,201,207
176,192,198
182,195,201
174,192,200
177,194,199
179,195,205
178,196,205
185,198,204
181,195,205
177,197,202
178,194,199
185,198,206
181,200,207
175,194,202
176,192,202
183,197,202
177,197,204
184,198,203
175,190,199
176,191,201
183,200,208
180,200,205
176,195,200
181,199,203
185,202,208
185,200,208
176,196,203
175,192,198
175,190,198
181,198,207
186,201,208
177,192,198
183,201,208
177,191,201
174,191,198
174,193,200
180,198,202
175,193,202
178,191,200
180,200,206
179,198,206
178,198,205
182,199,203
181,196,206
186,199,206
177,191,198
185,202,207
184,202,207
184,198,207
182,196,201
176,194,199
176,190,199
182,200,204
181,198,202
174,191,200
179,192,199
186,202,208
185,199,204
178,191,199
175,195,201
174,190,198
184,202,208
183,195,203
180,199,203
180,193,203
182,194,202
181,194,200
179,197,206
183,200,204
186,201,206
174,190,199
180,196,206
184,197,206
175,195,202
176,196,201
176,190,198
181,200,204
181,194,204
179,192,202
179,198,202
186,199,205
179,194,199
179,197,201
175,191,201
182,196,206
177,194,204
180,197,201
183,195,202
184,196,203
184,196,204
174,193,201
181,201,206
181,193,201
186,202,207
183,202,207
176,193,203
179,199,206
174,193,199
183,201,205
183,199,208
181,195,200
183,199,203
178,195,205
182,200,208
182,198,202
187,201,207
182,194,203
174,192,201
184,199,208
182,194,201
174,192,198
175,190,200
181,193,202
176,190,200
186,200,205
182,201,205
182,195,205
178,191,201
178,197,201
185,197,204
178,192,198
186,200,208
184,201,205
180,199,207
187,202,208
183,202,208
173,191,199
181,201,207
186,199,207
184,200,204
179,199,203
175,192,202
183,195,204
176,193,198
181,197,201
175,194,199
182,201,208
182,197,207
177,190,199
177,193,198
173,190,198
187,201,208
174,194,201
185,202,209
180,200,204
175,190,197
180,198,207
185,197,205
186,202,209
178,199,204
174,190,197
177,198,204
178,196,200
177,198,203
180,193,199
179,196,200
174,194,200
180,192,201
173,191,198
180,192,200
182,199,208
178,198,202
179,196,206
176,197,203
181,197,207
175,195,200
185,201,209
173,192,199
187,200,207
175,191,197
174,189,198
187,200,206
181,193,200
178,199,205
179,200,205
178,191,198
173,190,199
180,200,207
174,190,200
176,195,204
184,202,206
176,196,204
177,190,198
185,198,207
184,201,209
186,198,205
176,197,202
185,203,208
185,199,208
181,201,205
175,193,198
175,189,198
183,197,207
182,202,207
186,203,208
187,202,207
178,193,204
184,196,205
176,191,197
178,192,203
177,192,203
184,202,209
180,194,199
173,192,200
185,201,205
177,196,205
179,193,204
177,197,205
183,202,206
183,196,206
177,190,200
177,196,200
175,194,203
175,195,203
186,203,209
186,201,209
175,196,202
178,193,198
180,196,200
174,191,197
174,189,197
184,197,202
176,190,197
187,202,209
184,196,202
174,191,201
177,197,201
185,198,203
185,202,206
187,201,206
185,197,203
183,198,202
173,190,197
173,191,200
184,199,203
179,191,200
177,191,202
179,194,205
185,203,209
173,189,198
179,200,206
176,191,202
184,203,208
183,196,201
187,203,209
180,194,205
183,195,201
173,189,197
175,189,199
181,193,203
174,189,199
180,201,206
175,189,197
186,198,206
178,197,206
182,197,201
187,203,208
181,200,208
178,198,206
180,197,207
180,192,202
186,199,204
179,191,199
174,193,202
173,193,200
174,194,202
185,200,204
176,194,204
178,195,199
186,198,204
173,192,198
175,196,201
177,195,199
176,197,204
182,202,208
182,194,204
177,193,204
182,202,206
178,199,203
183,201,209
180,192,199
188,202,208
184,200,209
179,200,204
181,199,208
177,195,205
179,192,203
176,192,203
175,193,203
177,198,205
183,198,208
175,196,203
179,192,198
174,195,201
177,191,197
180,193,204
176,189,198
185,200,209
178,194,205
176,190,201
185,197,206
187,199,206
180,195,206
173,193,199
187,200,208
182,198,208
174,194,199
182,195,200
179,191,201
174,193,198
177,198,202
186,202,206
178,191,202
182,194,200
173,191,197
184,203,209
172,190,198
176,196,200
175,190,201
183,202,209
179,195,199
185,203,207
188,201,207
181,201,208
181,195,206
180,201,205
187,201,209
181,196,200
176,192,197
175,192,197
184,203,207
184,197,207
176,195,199
176,189,199
183,195,205
175,191,202
183,200,209
173,189,199
180,201,207
178,196,206
188,203,209
173,190,200
186,201,205
187,200,205
178,199,206
179,193,198
174,192,202
181,194,205
183,203,208
