173,76,152
173,76,151
173,76,153
173,76,150
173,76,154
174,76,153
172,76,151
174,76,152
172,76,152
174,77,153
172,75,151
174,76,154
172,76,150
173,76,149
173,76,155
174,77,152
174,77,154
172,75,150
172,75,152
174,76,151
172,76,153
173,75,152
173,77,152
173,75,151
173,77,153
174,76,155
172,76,149
174,77,151
174,77,155
173,75,153
172,75,149
172,75,153
173,77,151
173,75,150
173,77,154
174,76,150
172,76,154
173,76,148
173,76,156
173,75,154
173,77,150
174,76,156
174,77,150
174,77,156
172,75,148
172,75,154
172,76,148
173,75,149
173,77,155
175,77,154
171,75,150
174,76,149
173,75,155
175,77,153
171,75,151
173,77,149
172,76,155
175,77,155
171,75,149
175,77,152
171,75,152
174,77,149
174,77,157
174,76,157
172,75,147
172,75,155
173,76,147
173,75,148
172,76,147
175,77,156
173,77,156
171,75,148
174,75,153
175,77,151
174,75,152
173,75,156
171,75,153
172,77,151
172,77,152
173,77,148
175,76,154
175,76,153
174,76,148
171,76,150
171,76,151
174,75,154
174,75,151
172,77,150
175,77,157
175,76,155
172,77,153
171,75,147
175,76,152
171,76,149
171,76,152
174,78,153
174,78,154
172,74,151
172,74,150
174,77,148
173,75,147
172,75,146
174,78,152
174,75,155
172,74,152
174,75,150
175,78,154
175,77,150
175,76,156
172,77,149
172,76,146
171,74,150
171,75,154
175,76,151
174,78,155
175,78,153
175,78,155
172,77,154
171,76,148
173,76,146
172,74,149
171,74,149
171,74,151
171,76,153
174,78,151
172,74,153
175,77,158
175,78,152
175,78,156
173,77,147
171,75,146
171,74,148
171,74,152
174,75,156
174,76,147
174,78,156
174,75,149
172,74,148
175,76,157
172,77,148
175,76,150
171,76,147
172,77,155
174,78,150
171,76,154
172,74,154
175,77,149
175,78,151
175,78,157
173,75,146
171,74,147
171,74,153
174,77,147
172,75,145
173,74,152
173,78,152
173,74,151
173,78,153
172,76,145
174,78,157
172,74,147
173,74,153
174,75,157
173,78,151
173,74,150
173,78,154
176,77,155
175,76,158
170,75,149
176,77,154
170,75,150
174,75,148
171,75,145
173,76,145
175,76,149
172,77,147
176,77,156
170,75,148
171,76,146
176,77,153
172,74,155
174,78,149
170,75,151
172,77,156
175,78,150
175,78,158
173,77,146
173,74,154
171,74,146
171,74,154
173,78,150
171,76,155
173,74,149
176,78,155
173,78,155
170,74,149
174,76,146
176,78,154
170,74,150
176,78,156
176,77,157
175,77,148
170,74,148
170,75,147
176,77,152
170,75,152
176,78,153
172,74,146
170,74,151
173,75,145
173,74,155
176,78,157
170,74,147
173,74,148
173,78,149
174,77,146
172,75,144
174,75,147
173,78,156
175,76,148
176,77,158
176,78,152
172,77,146
175,78,149
175,75,153
176,77,151
174,78,148
170,74,152
175,75,154
170,75,146
171,74,145
171,75,144
171,76,145
172,76,144
170,75,153
175,75,152
171,77,151
176,78,158
171,77,150
175,75,155
170,74,146
171,77,152
173,76,144
173,74,156
173,77,145
171,77,149
175,75,151
173,74,147
173,78,148
172,74,145
176,76,154
176,78,151
175,77,147
176,76,155
175,75,156
174,76,145
176,77,159
170,74,153
173,78,157
170,76,150
176,76,153
171,77,153
170,76,149
176,77,150
176,76,156
170,75,145
170,76,151
171,77,148
176,78,159
174,75,146
170,75,154
170,76,148
175,75,150
170,74,145
175,79,154
173,75,144
175,78,148
175,76,147
176,76,152
175,79,155
171,74,144
174,74,152
174,78,147
172,77,145
175,79,153
174,74,153
175,75,157
176,76,157
174,77,145
172,75,143
171,76,144
171,73,150
170,76,152
172,78,152
174,74,151
171,73,149
171,77,154
172,78,151
175,79,156
171,75,143
174,74,154
176,78,150
171,73,151
170,76,147
173,74,146
172,78,153
175,79,152
171,77,147
173,78,147
171,73,148
172,78,150
172,76,143
176,76,151
174,74,150
175,75,149
176,77,149
171,73,152
176,79,155
172,74,144
174,74,155
176,76,158
175,79,157
174,79,153
176,79,154
176,79,156
170,75,144
174,79,154
170,76,153
172,78,154
170,73,149
170,74,144
175,75,158
173,77,144
175,77,146
172,73,151
171,73,147
172,73,150
174,79,152
172,78,149
173,76,143
170,73,148
170,73,150
174,79,155
175,79,151
170,76,146
176,79,153
176,79,157
171,77,155
172,73,152
174,74,149
172,73,149
174,76,144
171,73,153
174,75,145
176,76,150
175,78,147
170,73,147
170,73,151
177,78,156
169,74,148
177,78,155
174,74,156
175,76,146
169,74,149
171,74,143
171,77,146
176,78,149
174,79,151
175,79,158
172,78,155
174,79,156
174,78,146
177,78,157
172,73,153
169,74,147
176,76,159
177,78,154
172,77,144
169,74,150
172,73,148
173,74,145
175,75,148
176,79,152
176,79,158
173,75,143
171,73,146
171,76,143
170,76,154
172,78,148
173,78,146
175,79,150
170,73,146
170,73,152
176,77,148
174,74,148
177,77,155
177,78,158
174,77,144
172,75,142
171,75,142
177,77,156
169,74,146
170,76,145
169,75,149
177,78,153
171,73,154
169,75,148
174,79,150
169,74,151
170,75,143
177,77,154
172,73,154
170,74,143
174,79,157
169,75,150
177,77,157
174,74,157
172,74,143
172,73,147
176,76,149
169,75,147
172,78,156
176,79,151
176,79,159
172,76,142
177,77,153
177,78,159
171,73,145
171,77,145
169,75,151
170,73,145
170,73,153
177,77,158
177,78,152
169,74,145
172,78,147
175,77,145
176,78,148
169,74,152
169,75,146
175,75,147
173,77,143
175,79,149
174,74,147
175,78,146
174,75,144
174,79,149
172,73,155
171,74,142
175,76,145
173,76,142
177,79,156
177,77,152
173,74,144
172,73,146
174,79,158
177,79,155
174,76,143
170,76,144
174,78,145
177,79,157
169,73,148
173,73,151
173,79,153
177,77,159
169,75,152
173,73,152
169,73,149
173,79,152
176,79,150
177,78,160
173,78,145
176,77,147
172,77,143
177,79,154
169,73,147
173,73,150
173,79,154
176,76,148
171,76,142
177,78,151
169,75,145
173,73,153
169,74,144
173,79,151
177,79,158
169,73,150
170,73,144
173,75,142
170,74,142
176,75,154
170,75,142
171,73,144
169,74,153
176,75,155
169,73,146
176,75,153
173,73,149
172,78,146
177,77,151
177,79,153
171,75,141
173,79,155
173,73,154
172,74,142
174,77,143
171,77,144
172,75,141
176,75,156
173,79,150
174,79,148
169,73,151
174,74,146
176,75,152
170,77,150
177,77,160
172,73,145
175,79,148
177,79,159
169,75,153
170,77,149
175,75,146
170,77,151
176,78,147
169,73,145
173,73,148
175,74,153
169,75,144
175,74,154
176,75,157
170,77,148
175,74,152
177,78,150
173,79,156
176,79,149
172,76,141
177,79,152
170,76,143
173,73,155
176,75,151
175,77,144
170,77,152
169,74,143
175,74,155
173,74,143
175,78,145
173,79,149
170,73,143
174,75,143
169,73,152
171,74,141
177,77,150
175,74,151
176,76,147
177,76,155
171,78,151
175,76,144
177,76,156
177,79,160
171,78,150
173,77,142
177,76,154
171,73,143
171,78,152
176,77,146
170,77,147
174,78,144
173,78,144
176,75,158
173,73,147
169,73,144
177,76,157
169,76,149
175,74,156
172,78,145
170,77,153
171,78,149
169,76,148
177,76,153
173,76,141
170,74,141
174,76,142
169,76,150
176,75,150
175,74,150
172,73,144
172,77,142
174,79,147
171,78,153
173,79,157
173,73,156
170,75,141
177,79,151
171,76,141
174,74,145
169,76,147
175,79,147
171,77,143
169,75,143
177,76,158
