129,123,171
128,123,171
130,124,172
128,122,170
129,124,172
127,122,170
129,123,172
129,123,170
128,122,171
130,124,171
128,123,170
129,124,171
128,123,172
127,123,171
127,122,171
128,124,172
126,122,170
130,124,173
128,122,169
131,125,172
131,125,173
127,121,170
127,121,169
127,123,170
127,122,169
128,124,171
130,125,172
129,124,173
130,125,173
126,121,169
127,123,172
126,122,171
126,121,170
126,123,171
126,122,169
129,125,172
128,122,172
130,124,170
128,124,173
129,125,173
125,121,169
125,121,170
129,124,170
127,124,172
125,122,170
129,123,173
127,122,172
129,123,169
126,123,170
127,121,171
131,125,171
127,124,171
131,125,174
127,121,168
128,123,169
132,126,173
130,125,171
126,123,172
126,120,169
125,122,171
128,123,173
126,121,168
131,126,173
130,125,174
126,121,171
128,124,170
125,120,169
132,126,174
126,120,168
126,122,172
125,122,169
131,126,174
127,123,169
128,125,172
125,120,168
129,125,171
128,125,173
127,124,173
124,121,169
130,124,174
125,121,168
124,121,170
128,122,168
127,123,173
130,126,173
129,125,174
132,126,172
125,123,171
125,121,171
127,122,168
126,120,170
131,126,172
124,120,169
129,124,174
130,126,174
126,124,172
124,122,170
124,120,168
125,120,170
127,124,170
125,123,170
126,124,171
126,122,168
125,123,172
124,122,171
130,126,172
125,122,172
126,123,169
128,125,171
128,124,174
124,121,168
132,126,175
126,120,167
129,126,173
126,123,173
133,127,174
124,120,170
128,125,174
124,121,171
125,120,167
124,122,169
125,119,168
127,125,172
123,120,169
132,127,174
131,126,175
128,122,173
126,124,173
127,125,173
123,121,169
127,121,172
123,121,170
129,126,174
130,124,169
131,125,175
123,120,168
131,125,170
124,119,168
127,121,167
129,124,169
130,125,170
127,122,173
126,121,167
133,127,173
125,122,168
126,121,172
133,127,175
132,127,173
130,125,175
129,126,172
124,120,167
125,119,167
125,119,169
129,123,174
131,127,174
130,126,175
132,127,175
127,124,174
124,123,171
126,124,170
124,119,167
129,123,168
128,124,169
129,125,170
124,119,169
128,123,168
126,120,171
123,119,168
128,123,174
123,120,170
131,126,171
125,121,167
124,122,172
125,123,169
125,124,172
123,122,170
126,122,173
131,127,173
127,125,171
125,121,172
129,125,175
125,120,171
123,121,168
125,123,173
128,126,173
124,123,170
125,124,171
131,127,175
127,125,174
124,123,172
123,121,171
123,122,171
123,119,167
127,123,168
122,120,169
130,126,171
123,119,169
123,120,167
127,123,174
130,127,174
128,126,174
122,120,168
129,126,175
130,124,175
127,124,169
128,125,170
123,122,169
124,120,171
126,125,172
124,122,168
122,119,168
125,124,173
124,121,167
126,125,173
122,121,169
128,122,167
128,126,172
122,121,170
127,122,167
130,127,173
129,124,175
125,122,173
126,124,174
132,127,172
124,121,172
128,125,175
125,119,170
133,127,176
125,119,166
134,128,175
130,127,175
122,120,170
132,126,176
126,123,168
126,120,166
122,119,167
124,119,166
129,126,171
133,128,175
132,127,176
125,120,166
134,128,174
124,118,167
124,119,170
122,119,169
126,122,167
133,128,174
131,126,176
125,124,170
126,123,174
131,127,172
128,124,175
123,122,172
123,118,167
124,118,168
123,120,171
124,123,169
126,125,171
123,123,171
123,119,166
122,120,167
124,123,173
132,128,175
124,120,166
122,121,168
129,127,174
127,126,173
123,118,168
131,127,176
122,121,171
126,125,174
128,126,175
132,128,174
123,119,170
134,128,176
126,124,169
121,120,169
127,125,170
124,124,172
122,122,170
130,126,176
121,119,168
124,118,166
123,121,167
127,121,173
122,118,167
133,128,176
127,126,174
124,122,173
121,120,168
129,127,173
123,123,172
125,122,167
123,123,170
123,118,166
122,122,171
124,124,171
131,125,176
123,121,172
128,122,174
127,125,175
130,127,172
130,125,169
126,121,173
129,127,175
122,118,168
123,122,168
126,121,166
127,124,175
125,123,168
121,119,167
126,120,172
130,125,176
127,126,172
128,126,171
125,124,174
133,128,173
127,122,174
121,119,169
122,119,166
129,124,168
132,128,176
125,123,174
123,120,166
131,128,175
131,126,170
121,120,170
124,124,173
122,122,169
130,127,176
122,118,166
131,128,174
125,125,172
125,125,173
125,120,172
121,121,170
121,121,169
124,118,169
129,125,169
122,119,170
122,120,171
125,121,166
129,126,176
129,123,175
121,118,167
125,121,173
132,128,173
128,124,168
123,118,169
130,126,170
129,125,176
126,122,174
128,123,175
121,118,168
121,120,167
128,123,167
124,120,172
122,122,172
128,127,174
125,119,171
127,126,175
132,127,171
124,124,170
124,122,167
131,128,176
133,127,177
125,119,165
129,127,172
120,119,168
125,124,169
121,118,166
126,125,170
124,119,165
123,123,173
128,125,169
135,129,175
126,124,175
122,118,169
123,123,169
123,122,173
134,128,177
122,121,167
124,119,171
125,125,171
121,121,171
124,118,165
135,129,176
124,121,166
134,129,175
125,125,174
121,121,168
122,121,172
132,127,177
127,123,167
128,127,173
126,126,173
126,125,175
121,119,166
131,127,171
131,128,173
123,118,165
127,123,175
134,129,176
120,120,169
127,124,168
122,120,166
130,128,175
124,121,173
133,128,177
129,126,170
129,127,176
128,125,176
128,127,175
130,128,174
123,124,171
121,119,170
120,119,167
125,122,174
123,117,166
126,126,174
123,117,167
128,126,176
124,123,168
120,119,169
123,119,165
120,120,168
124,123,174
127,126,171
120,118,167
130,124,176
133,129,175
122,117,166
124,125,172
123,120,172
122,123,170
132,126,177
123,119,171
131,127,177
122,117,167
122,118,165
133,129,176
121,120,171
124,124,174
122,122,168
123,124,172
132,128,177
122,123,171
125,120,165
129,124,176
126,126,172
120,118,168
121,118,169
123,124,170
124,125,171
131,126,177
120,120,170
134,129,174
126,123,167
127,122,166
130,127,171
133,128,172
130,128,176
126,123,175
135,129,177
121,117,166
120,118,166
127,125,169
121,117,167
124,118,170
124,120,165
124,125,173
134,129,177
122,119,165
123,121,166
123,117,165
121,122,170
126,122,166
133,129,174
122,123,169
125,126,173
123,117,168
121,122,169
132,129,175
123,121,173
125,126,172
130,128,173
123,122,167
128,124,176
132,128,172
126,124,168
130,126,177
125,124,175
128,126,170
122,117,165
127,125,176
123,118,170
128,127,172
122,119,171
130,127,177
121,118,165
132,129,176
124,122,174
126,126,175
120,120,167
131,128,177
122,117,168
127,127,174
120,119,166
122,120,172
129,128,175
133,129,177
119,119,168
121,120,166
128,127,176
122,122,173
120,119,170
122,123,172
121,121,172
129,128,174
127,126,176
124,124,169
125,125,175
125,125,170
121,117,165
120,117,166
121,121,167
120,118,169
128,121,174
119,118,167
123,120,165
120,117,167
127,121,174
122,118,170
123,124,173
127,127,173
124,125,170
125,123,167
125,122,166
132,129,174
121,122,171
127,120,173
127,127,175
121,117,168
129,127,171
126,120,173
125,123,175
131,128,172
119,119,169
119,119,167
123,123,174
125,126,174
131,125,177
127,124,176
129,126,177
119,118,168
123,124,169
121,122,168
120,121,169
125,126,171
126,121,174
126,127,173
123,123,168
129,122,175
128,122,175
126,126,171
120,120,171
121,119,165
125,120,173
130,125,177
131,129,175
129,128,176
126,127,174
132,129,177
130,125,168
131,126,169
126,121,165
134,128,178
120,121,168
124,118,164
121,119,171
119,118,166
129,127,177
136,130,176
120,118,165
131,129,176
134,129,173
123,118,164
127,122,175
130,128,177
135,130,176
126,125,169
120,117,165
124,125,174
122,121,173
126,119,172
122,121,166
133,128,178
123,125,171
125,119,172
121,118,170
