217,179,28
217,178,28
217,180,28
217,177,28
217,181,28
217,176,28
217,182,28
217,175,28
217,183,28
218,180,28
216,178,28
218,179,28
216,179,28
218,181,28
216,177,28
218,178,28
216,180,28
217,174,28
217,184,28
218,182,28
216,176,28
217,179,27
217,179,29
217,178,27
217,180,29
218,177,28
216,181,28
217,180,27
217,178,29
218,183,28
217,177,27
217,181,29
216,175,28
217,181,27
217,177,29
218,176,28
216,182,28
217,176,27
217,182,29
217,173,28
217,185,28
217,182,27
217,176,29
218,184,28
216,174,28
218,180,29
216,178,27
218,179,29
218,181,29
217,175,27
216,177,27
216,179,27
217,183,29
218,175,28
216,183,28
218,178,29
218,182,29
216,176,27
216,180,27
217,183,27
217,175,29
218,185,28
216,173,28
217,172,28
217,186,28
218,177,29
218,183,29
216,175,27
216,181,27
217,174,27
217,184,29
218,174,28
217,184,27
216,184,28
218,180,27
218,179,27
217,174,29
216,178,29
216,179,29
218,181,27
218,176,29
218,184,29
216,174,27
216,182,27
218,178,27
216,177,29
216,180,29
218,186,28
216,172,28
218,182,27
217,173,27
216,176,29
218,177,27
217,185,29
216,181,29
217,171,28
217,187,28
218,175,29
218,185,29
217,185,27
218,183,27
216,173,27
216,183,27
218,173,28
217,173,29
216,175,29
218,176,27
216,185,28
216,182,29
218,187,28
216,171,28
217,172,27
218,184,27
217,186,29
216,174,29
218,175,27
218,174,29
218,186,29
216,183,29
216,172,27
216,184,27
217,186,27
217,172,29
218,172,28
217,170,28
217,188,28
219,181,28
215,177,28
219,180,28
215,178,28
216,186,28
219,182,28
218,185,27
215,176,28
219,179,28
215,179,28
216,173,29
218,174,27
219,183,28
218,188,28
215,175,28
216,184,29
217,171,27
219,178,28
215,180,28
216,170,28
217,187,29
218,173,29
218,187,29
216,171,27
216,185,27
219,184,28
215,174,28
219,177,28
217,187,27
219,181,29
215,181,28
218,186,27
215,177,27
219,180,29
215,178,27
217,171,29
219,182,29
215,176,27
216,172,29
218,171,28
218,173,27
219,179,29
215,179,27
216,187,28
219,183,29
215,175,27
216,185,29
219,185,28
217,169,28
217,189,28
215,173,28
219,176,28
219,178,29
215,180,27
215,182,28
217,170,27
218,189,28
219,184,29
218,172,29
218,188,29
216,170,27
216,186,27
215,174,27
217,188,29
216,169,28
218,187,27
219,177,29
215,181,27
217,179,26
217,179,30
219,186,28
217,178,26
217,180,30
215,172,28
218,172,27
216,171,29
217,188,27
217,180,26
217,178,30
219,185,29
219,175,28
217,177,26
217,181,30
215,173,27
217,170,29
215,183,28
216,186,29
218,180,30
217,181,26
217,177,30
218,181,30
218,170,28
217,176,26
218,179,30
217,182,30
216,178,26
219,176,29
216,177,26
216,188,28
216,179,26
215,182,27
218,182,30
218,178,30
216,176,26
217,182,26
219,186,29
217,168,28
217,190,28
219,187,28
216,180,26
217,176,30
218,171,29
218,189,29
216,169,27
216,187,27
219,180,27
215,172,27
219,181,27
217,175,26
217,169,27
218,183,30
217,183,30
215,171,28
218,190,28
215,178,29
218,188,27
219,179,27
215,177,29
219,174,28
216,175,26
219,182,27
217,189,29
218,177,30
215,179,29
216,168,28
215,184,28
215,176,29
216,181,26
218,171,27
216,170,29
219,178,27
219,175,29
219,183,27
217,183,26
215,183,27
217,175,30
215,180,29
218,184,30
217,174,26
215,175,29
217,189,27
216,187,29
216,174,26
217,184,30
219,187,29
218,176,30
217,169,29
219,177,27
215,171,27
216,182,26
219,184,27
219,188,28
215,181,29
218,169,28
215,174,29
215,170,28
219,173,28
218,185,30
217,184,26
216,189,28
217,174,30
216,173,26
219,174,29
217,173,26
215,185,28
219,176,27
218,170,29
218,190,29
216,168,27
216,188,27
218,189,27
215,184,27
217,185,30
218,175,30
219,185,27
218,179,26
217,168,27
218,180,26
216,183,26
215,182,29
217,167,28
217,191,28
218,178,26
218,191,28
218,170,27
216,179,30
218,181,26
215,173,29
216,178,30
217,190,29
219,188,29
216,169,29
216,180,30
215,170,27
216,167,28
216,177,30
218,177,26
218,186,30
218,182,26
216,188,29
217,185,26
216,172,26
219,175,27
219,189,28
216,181,30
217,173,30
217,190,27
216,176,30
217,172,26
219,186,27
215,169,28
215,183,29
219,172,28
218,174,30
218,176,26
217,186,30
219,173,29
217,168,29
216,184,26
218,183,26
215,172,29
215,185,27
215,186,28
216,182,30
218,168,28
216,175,30
218,190,27
219,189,29
219,181,30
216,190,28
218,175,26
219,174,27
218,187,30
218,169,29
218,191,29
219,180,30
219,182,30
216,167,27
216,189,27
216,171,26
215,169,27
217,186,26
218,184,26
215,177,26
219,187,27
218,169,27
219,179,30
219,183,30
215,176,26
215,178,26
216,183,30
217,167,27
217,172,30
215,184,29
216,168,29
217,171,26
216,174,30
218,173,30
219,190,28
215,175,26
215,179,26
218,192,28
216,185,26
217,191,29
215,171,29
217,187,30
217,166,28
219,178,30
219,184,30
216,189,29
219,172,29
218,174,26
216,166,28
219,171,28
215,168,28
215,174,26
215,180,26
215,186,27
218,185,26
219,173,27
217,191,27
216,184,30
215,187,28
218,188,30
216,170,26
219,177,30
219,185,30
216,173,30
219,188,27
219,190,29
217,167,29
217,187,26
215,173,26
215,181,26
215,185,29
215,168,27
217,171,30
218,191,27
217,170,26
218,173,26
220,181,28
218,167,28
220,182,28
214,177,28
218,172,30
214,176,28
216,186,26
215,170,29
220,180,28
214,178,28
218,168,29
218,192,29
220,183,28
218,186,26
216,166,27
216,190,27
217,188,30
214,175,28
219,176,30
219,186,30
218,168,27
219,191,28
216,185,30
220,179,28
216,167,29
220,182,29
214,179,28
220,181,29
215,172,26
215,182,26
220,184,28
214,176,27
219,171,29
214,177,27
214,174,28
217,166,27
216,172,30
219,172,27
220,183,29
220,180,29
214,175,27
219,170,28
214,178,27
215,187,27
215,167,28
216,190,29
218,189,30
216,169,26
220,178,28
219,189,27
220,184,29
214,180,28
214,174,27
220,185,28
220,179,29
214,179,27
218,172,26
214,173,28
215,188,28
217,188,26
215,186,29
217,165,28
216,165,28
219,175,30
219,187,30
219,191,29
218,187,26
220,185,29
217,169,26
215,171,26
215,183,26
217,170,30
215,169,29
215,167,27
216,187,26
218,171,30
214,173,27
220,178,29
220,177,28
216,186,30
214,180,27
214,181,28
220,186,28
217,189,30
217,166,29
214,172,28
216,171,30
218,192,27
220,186,29
219,171,27
219,192,28
214,172,27
218,166,28
220,177,29
219,170,29
218,167,29
219,174,30
219,188,30
218,167,27
216,165,27
214,181,27
220,176,28
218,171,26
219,190,27
216,168,26
218,190,30
216,166,29
214,182,28
215,188,27
220,187,28
215,170,26
215,184,26
219,169,28
215,166,28
218,188,26
215,187,29
214,171,28
217,189,26
217,165,27
219,180,26
219,181,26
220,187,29
216,191,29
219,179,26
216,187,30
219,192,29
214,171,27
215,168,29
215,189,28
220,176,29
219,182,26
217,168,26
216,188,26
218,170,30
217,169,30
219,178,26
214,182,27
215,178,30
216,170,30
215,166,27
220,175,28
215,177,30
215,179,30
219,183,26
217,190,30
216,164,28
220,188,28
215,176,30
214,183,28
219,173,30
219,189,30
217,164,28
219,177,26
215,180,30
219,170,27
214,170,28
215,169,26
215,185,26
218,170,26
220,188,29
220,181,27
215,175,30
219,184,26
220,182,27
