182,204,169
183,205,170
181,203,168
181,204,169
183,204,169
181,204,168
183,204,170
182,204,168
182,204,170
182,205,169
182,203,169
182,205,170
184,205,170
180,203,168
182,203,168
183,205,169
181,203,169
184,205,171
180,203,167
181,203,167
183,205,171
184,206,171
180,204,168
180,202,167
184,204,170
181,205,169
183,206,170
181,202,168
183,203,169
184,206,170
183,204,168
180,202,168
183,206,171
185,206,171
181,202,167
179,202,167
181,204,170
184,205,169
179,203,167
180,204,169
184,204,169
185,205,171
180,203,169
182,205,168
181,204,167
183,204,171
182,203,170
182,203,167
181,205,168
181,205,170
185,205,170
183,203,168
179,203,168
180,204,167
185,206,172
179,202,166
184,204,171
183,203,170
182,205,171
182,206,170
184,206,172
180,202,166
182,202,168
183,205,168
183,206,169
182,204,167
185,206,170
184,205,172
181,202,169
180,203,166
179,202,168
182,204,171
181,203,170
182,206,169
179,203,166
185,205,172
182,202,169
179,204,168
185,207,172
179,201,166
178,202,166
184,207,171
180,201,167
186,206,172
180,205,169
185,207,171
179,201,167
182,206,171
186,206,171
182,202,167
178,202,167
180,205,168
179,204,167
184,206,169
185,204,170
181,203,166
181,202,166
184,203,169
186,207,172
184,207,172
180,201,166
178,201,166
183,206,172
183,205,172
180,202,169
178,203,167
184,204,168
185,204,171
184,203,170
185,205,169
186,205,171
183,207,171
181,206,169
181,201,167
180,204,170
184,207,170
178,203,166
181,206,170
185,206,173
180,201,168
186,207,173
183,203,167
179,202,165
179,203,169
178,201,165
184,205,168
183,204,167
186,207,171
183,207,170
185,207,173
179,201,165
185,204,169
179,204,169
186,206,173
186,205,172
181,205,167
183,202,169
181,201,168
183,202,168
178,202,165
178,201,167
183,203,171
181,205,171
180,204,166
184,204,172
186,206,170
180,205,170
186,205,170
184,203,168
178,203,168
182,205,167
185,207,170
181,204,171
177,202,166
180,203,170
182,206,168
180,202,165
185,206,169
180,205,167
182,203,171
184,206,173
181,204,166
182,203,166
179,201,168
182,202,170
187,207,172
183,207,172
177,201,165
181,201,166
177,201,166
187,207,173
183,204,172
178,202,168
187,206,172
179,204,166
183,206,168
184,203,171
179,205,168
178,204,167
185,204,172
185,208,172
182,207,170
181,206,168
179,200,166
180,201,165
182,202,166
185,205,173
184,207,173
181,202,170
186,208,172
186,208,173
182,205,172
177,202,165
178,200,165
178,200,166
179,202,169
179,203,165
182,207,171
178,204,168
183,202,170
181,206,171
187,206,171
187,206,173
183,202,167
177,202,167
182,206,172
182,201,168
183,205,167
180,203,165
179,205,169
184,205,173
180,206,169
182,201,167
187,208,173
185,208,173
179,200,165
177,200,165
177,203,166
183,207,169
178,203,165
182,204,166
185,208,171
186,207,174
186,204,171
185,203,170
186,205,173
184,208,172
179,200,167
181,201,169
179,205,167
187,207,171
177,203,167
186,207,170
180,200,166
184,206,168
178,201,164
184,208,171
186,204,170
184,207,169
181,202,165
187,207,174
178,204,166
180,200,167
185,203,169
187,208,172
181,203,171
177,201,164
185,204,168
182,207,169
185,205,168
177,201,167
184,204,167
177,200,166
180,201,169
182,204,172
180,206,168
186,205,169
187,208,174
180,206,170
176,201,165
186,208,171
187,205,172
177,200,164
184,202,169
183,206,173
187,205,171
186,208,174
178,201,168
182,201,169
186,206,174
178,200,164
185,207,174
179,201,164
188,207,173
181,203,165
178,200,167
185,203,171
184,203,167
180,202,170
178,202,164
186,204,172
179,204,170
186,206,169
181,207,170
181,201,165
183,203,166
184,202,168
177,203,165
185,206,174
183,208,171
188,208,173
184,208,173
178,203,169
180,200,165
176,200,165
188,207,172
182,207,172
176,202,165
182,201,166
176,201,166
176,202,166
179,202,164
185,207,169
183,205,173
187,206,170
184,202,170
176,201,164
188,208,174
176,200,164
183,207,173
187,206,174
177,202,164
186,204,169
178,204,169
188,207,174
180,205,171
184,205,167
181,200,167
180,204,171
179,203,170
180,205,166
181,207,169
183,208,172
181,205,166
184,208,170
179,200,164
185,208,174
187,205,173
183,204,166
188,206,172
184,203,172
183,203,172
187,205,170
179,205,170
185,203,168
177,203,168
178,205,168
180,200,168
177,204,167
181,206,167
182,206,167
188,206,173
181,200,166
185,208,170
183,201,168
181,207,171
179,201,169
186,209,173
183,202,166
185,206,168
178,199,165
177,202,168
179,204,165
180,204,165
187,208,171
185,204,173
184,204,173
178,205,167
187,209,173
183,208,170
177,199,165
183,202,171
188,208,172
182,202,171
181,205,172
180,201,164
178,202,169
179,200,168
187,209,174
177,204,166
177,199,164
180,202,164
179,205,166
187,207,170
182,205,166
179,206,169
182,202,165
183,201,169
181,200,168
176,203,166
179,206,168
187,208,175
176,200,166
186,209,172
184,207,174
180,206,167
183,201,167
183,206,167
178,199,166
177,200,167
182,203,165
181,206,172
184,206,174
176,202,164
188,209,174
186,209,174
178,204,165
185,209,173
185,209,172
178,199,164
176,199,164
188,207,171
182,207,168
181,204,165
183,207,168
188,208,175
187,207,175
180,206,171
188,206,171
184,202,167
176,202,167
177,200,163
179,199,165
179,199,166
177,204,168
185,203,172
180,203,171
186,205,174
185,205,174
182,203,172
176,200,163
175,200,164
186,208,170
182,208,171
175,201,165
178,205,169
188,209,173
178,203,164
181,204,172
179,203,164
186,207,169
177,201,163
182,201,170
176,203,165
188,206,174
187,209,172
181,201,170
189,208,174
175,201,164
186,207,175
186,204,173
176,199,165
183,204,173
184,202,171
186,208,175
187,204,171
186,203,170
181,202,171
182,208,170
177,199,166
176,203,167
178,200,163
178,201,163
188,207,175
179,202,170
176,201,167
189,208,173
183,208,173
182,206,173
181,200,165
175,200,165
181,207,168
186,205,168
177,201,168
184,207,168
185,204,167
189,207,173
180,200,164
188,209,175
176,201,163
180,207,169
186,203,171
187,209,175
180,207,170
176,199,163
184,209,172
178,200,168
178,205,166
182,201,165
184,208,174
189,207,174
177,203,164
187,204,172
180,203,164
183,205,166
177,199,163
175,202,165
182,205,173
182,200,167
179,206,170
186,204,168
187,204,170
188,205,172
185,202,169
175,200,163
179,206,167
185,209,171
189,208,175
187,205,169
186,203,169
182,208,172
189,209,174
185,209,174
184,206,167
187,205,174
179,199,164
175,199,164
187,206,169
180,199,166
181,202,164
184,205,174
185,205,167
177,204,165
184,203,166
185,202,170
182,204,165
179,199,167
182,200,168
188,208,171
183,201,170
183,208,169
186,209,171
184,208,169
180,201,170
184,209,173
184,204,166
188,205,171
189,207,172
181,207,172
183,201,166
175,201,166
185,203,167
182,207,173
189,209,175
181,201,164
175,199,163
179,201,163
187,206,175
184,209,171
186,206,175
175,202,166
178,201,169
188,209,172
188,205,173
186,206,168
180,199,165
178,199,167
182,200,166
175,202,164
185,207,175
186,209,175
181,200,169
177,202,163
180,200,169
178,199,163
178,202,163
179,200,163
187,208,170
175,201,163
189,208,172
188,206,170
185,202,168
177,205,167
189,209,173
180,199,167
180,207,168
185,207,168
178,204,170
182,208,169
185,208,169
176,204,166
185,208,175
177,203,169
176,199,166
189,207,175
189,206,173
186,203,172
183,203,165
184,201,168
176,203,164
183,206,174
175,199,165
177,205,168
176,204,167
181,203,164
178,206,168
180,207,171
181,203,172
184,201,169
181,208,170
183,207,174
187,210,174
177,198,164
188,207,170
187,209,171
179,204,171
178,203,170
176,200,167
188,208,176
174,200,164
