174,194,206
175,195,207
173,193,205
174,195,206
174,193,206
173,194,206
175,194,206
173,193,206
175,195,206
174,195,207
174,193,205
174,194,207
175,194,207
175,196,207
173,194,205
173,192,205
174,194,205
176,195,207
172,193,205
172,192,205
176,196,207
176,196,208
172,192,204
173,195,206
175,196,208
173,192,204
175,193,206
174,196,207
175,195,208
173,193,204
174,192,205
176,195,208
176,197,208
173,192,206
172,193,204
172,191,204
172,194,205
172,193,206
176,195,206
173,194,207
175,194,205
174,193,207
175,196,206
176,194,207
177,196,208
171,192,204
172,194,206
173,195,207
174,192,206
174,196,206
174,195,205
176,194,206
177,197,208
171,191,204
175,193,205
172,191,205
175,197,208
176,197,207
175,193,207
175,197,207
173,195,205
173,191,205
177,196,207
171,192,205
173,191,204
174,195,208
172,192,206
174,193,204
173,193,207
171,193,205
175,194,208
174,196,208
177,195,207
176,196,206
177,197,209
171,191,203
175,195,205
174,192,204
176,197,209
173,194,204
172,191,203
171,193,204
176,196,209
177,195,208
172,192,203
171,191,205
174,194,208
173,196,206
172,195,206
173,196,207
171,190,204
177,196,209
177,198,209
171,190,203
171,192,203
177,197,207
176,194,208
176,198,208
172,194,204
172,190,204
174,197,207
177,198,208
174,194,204
175,192,206
178,197,208
176,193,206
175,192,205
172,195,205
170,191,204
178,197,209
176,198,209
175,196,209
170,191,203
174,191,205
173,192,203
178,198,209
173,191,206
171,194,205
172,190,203
170,190,203
174,197,208
178,196,208
170,192,204
175,197,209
174,192,207
176,194,205
176,193,207
176,195,209
177,195,206
173,191,203
172,191,206
175,198,208
173,192,207
177,194,207
172,193,203
175,197,206
172,190,205
174,191,204
170,190,204
173,195,208
175,195,209
174,196,205
178,198,208
176,195,205
175,193,204
173,190,204
177,196,206
170,192,203
178,196,209
173,193,203
174,191,206
174,197,206
176,198,207
173,194,208
171,194,204
171,190,205
178,196,207
175,193,208
174,193,208
176,193,205
176,197,206
177,195,209
177,199,209
171,189,203
171,193,203
175,196,205
177,198,210
171,190,202
177,194,206
178,198,210
170,190,202
173,196,208
170,189,203
177,197,210
175,192,207
175,198,207
173,190,205
173,196,205
175,194,204
171,191,202
170,193,204
178,199,209
177,194,208
175,198,209
173,195,204
178,197,207
172,196,206
173,197,207
175,192,204
171,189,204
178,195,208
179,198,209
177,198,207
178,197,210
178,199,210
170,189,202
170,191,202
174,196,209
174,195,204
169,190,203
176,199,209
178,195,207
173,190,203
176,197,210
172,191,202
174,192,203
179,197,209
177,199,210
169,191,203
177,199,208
176,198,210
174,195,209
171,189,202
172,196,207
171,195,205
176,193,208
176,199,208
172,195,204
172,189,204
172,189,203
173,193,208
174,198,208
179,198,210
172,190,202
170,189,204
175,194,209
169,190,202
174,197,209
173,197,206
171,195,206
179,197,208
177,196,210
179,199,210
174,193,203
169,189,202
176,194,209
174,198,207
169,189,203
176,196,205
179,199,209
171,192,202
176,196,210
176,192,206
177,197,206
175,191,205
173,197,208
170,193,203
174,191,203
172,196,205
179,198,208
172,192,202
178,199,208
172,194,203
172,190,206
173,191,207
178,195,209
175,195,204
173,194,203
175,191,206
170,194,205
179,196,208
176,192,205
177,193,207
169,191,202
173,190,206
169,192,203
179,197,210
177,193,206
174,190,205
176,199,210
175,199,208
178,196,210
178,200,210
174,190,204
178,198,207
170,188,202
170,192,202
174,194,209
170,188,203
174,191,207
170,194,204
179,196,209
175,199,209
175,197,210
176,192,207
177,195,205
177,194,205
169,188,202
171,189,205
174,192,208
179,200,210
172,189,205
175,191,204
173,191,202
178,195,206
178,196,206
178,200,209
172,189,202
177,194,209
177,200,209
174,198,209
171,188,203
171,194,203
178,199,211
170,189,201
175,196,210
177,200,210
171,195,204
178,198,211
178,194,207
170,190,201
176,194,204
176,193,204
179,199,211
169,189,201
173,189,204
175,198,210
175,198,206
180,199,210
169,188,203
175,192,208
173,192,202
174,194,203
176,195,210
174,197,205
171,188,202
180,198,209
168,189,202
173,192,208
178,194,208
180,198,210
177,198,211
176,198,206
175,197,205
171,190,201
172,196,208
177,195,210
179,198,211
179,200,211
172,197,207
176,199,207
173,190,202
169,188,201
169,190,201
179,196,207
179,197,207
169,193,204
168,190,202
173,189,203
177,193,208
179,199,208
177,199,211
172,197,206
173,198,207
171,196,206
178,200,211
179,200,209
174,190,206
174,198,206
176,200,209
171,188,204
180,199,209
171,189,201
170,188,201
174,190,203
170,188,204
175,193,209
177,193,205
177,196,205
171,193,202
172,193,202
177,199,207
175,191,207
175,199,207
173,189,205
173,197,205
180,200,210
173,198,208
175,192,203
175,193,203
168,188,202
173,196,204
178,197,211
175,195,210
169,192,202
180,197,209
177,197,211
174,196,204
178,194,206
178,197,206
180,199,211
170,191,201
171,196,205
179,195,208
174,199,208
168,189,201
180,200,211
169,193,203
176,195,204
176,192,204
179,196,210
171,191,201
176,200,210
173,197,209
168,188,201
174,193,209
170,195,205
172,188,203
175,199,210
176,193,209
176,197,205
177,200,208
170,194,203
177,198,206
169,187,202
168,191,202
177,200,211
171,196,207
176,198,211
180,197,210
176,192,208
176,200,208
172,188,204
172,196,204
179,195,207
179,198,207
178,195,210
178,201,210
170,187,202
170,193,202
180,197,208
180,198,208
173,193,202
179,201,210
179,197,211
179,201,211
174,199,209
172,190,201
169,187,201
169,191,201
175,196,204
180,198,211
172,197,208
168,190,201
178,200,208
170,195,206
179,195,209
173,198,206
176,197,211
171,188,201
178,194,209
174,199,207
178,199,207
175,191,203
175,194,203
173,195,203
176,199,211
172,195,203
170,187,203
172,188,202
170,195,204
172,189,206
176,191,206
173,190,207
178,201,211
180,200,209
168,187,201
175,200,209
175,190,205
176,191,205
180,201,211
172,191,201
168,192,203
173,189,202
177,192,206
174,191,202
174,192,202
172,197,205
168,187,202
177,196,211
169,187,203
177,201,210
176,194,210
181,199,210
169,194,204
172,189,201
170,187,201
174,198,210
179,200,212
169,188,200
177,192,207
175,190,204
180,201,210
173,198,209
181,200,211
171,188,205
169,194,205
175,200,208
178,196,211
174,191,208
175,194,210
180,196,209
179,199,212
174,189,204
169,189,200
174,195,203
178,201,209
181,200,210
173,191,208
173,189,206
178,193,207
180,196,208
180,199,208
180,200,212
178,195,205
181,199,211
176,196,211
168,188,200
175,190,206
177,193,209
177,201,209
174,190,207
171,187,203
171,195,203
171,192,201
171,187,202
178,199,212
170,189,200
177,194,210
170,192,201
181,198,210
174,189,205
179,200,208
177,192,205
177,197,205
179,196,206
172,198,207
177,194,204
171,196,204
178,200,212
172,188,205
175,200,210
168,192,202
176,200,211
171,197,206
178,193,206
178,198,206
170,188,200
176,191,207
177,201,211
180,201,212
180,199,212
169,193,202
179,201,212
168,187,200
168,189,200
178,194,205
179,201,209
181,198,209
181,199,209
174,190,202
174,193,202
181,201,211
168,191,201
169,187,200
176,191,204
176,196,204
173,199,208
178,198,212
174,189,203
175,191,208
179,195,206
180,197,211
172,194,202
178,193,208
177,193,204
179,198,212
178,196,205
171,197,207
172,192,201
170,187,204
169,194,203
174,192,209
173,188,204
175,192,209
176,201,210
171,194,202
173,188,203
169,190,200
170,190,200
176,201,209
170,195,207
179,195,210
180,196,210
180,197,207
172,198,206
173,199,207
179,197,206
179,194,208
176,193,203
