70,60,135
75,60,135
70,55,130
80,60,135
75,55,130
70,60,130
75,60,140
75,60,130
70,55,135
85,60,135
65,55,125
80,60,140
70,55,125
75,55,135
80,55,130
80,60,130
75,55,125
85,60,140
80,55,135
75,65,140
80,65,140
90,60,135
85,65,140
85,60,130
85,55,130
80,55,125
90,60,140
75,65,135
85,55,135
80,65,135
65,50,125
90,65,140
80,65,145
85,65,135
85,65,145
70,50,125
70,55,140
75,60,145
95,60,135
75,55,140
90,60,130
65,50,130
80,60,145
70,60,125
90,55,130
95,60,140
60,50,120
85,55,125
90,65,145
70,50,130
90,55,135
75,60,125
65,50,120
65,55,120
75,50,125
80,55,140
95,65,140
90,65,135
85,60,145
70,55,120
70,50,120
75,50,130
80,60,125
95,65,145
85,55,140
75,55,120
90,60,145
80,50,125
95,60,130
100,60,135
100,60,140
75,50,120
80,50,130
95,55,135
95,65,135
100,65,140
95,55,130
90,55,125
75,65,130
85,60,125
80,65,130
90,55,140
65,50,135
85,70,145
80,65,150
95,60,145
80,55,120
100,65,145
70,50,135
85,65,150
90,70,145
85,65,130
80,70,140
75,50,135
85,50,125
85,70,140
85,50,130
90,65,150
80,50,120
60,50,115
65,50,115
95,70,145
90,70,140
95,55,140
105,60,140
100,65,135
100,55,135
100,60,145
85,70,150
80,50,135
105,65,140
90,60,125
70,55,145
95,65,150
100,60,130
105,60,135
75,55,145
105,65,145
70,50,115
90,70,150
85,55,120
90,65,130
100,55,130
95,55,125
75,60,150
80,55,145
80,60,150
95,70,140
100,70,145
90,50,130
95,70,150
85,60,150
85,50,135
90,50,125
85,50,120
100,65,150
85,55,145
60,45,120
75,50,115
100,55,140
105,60,145
90,60,150
65,45,120
100,70,150
70,60,120
95,65,130
65,55,115
60,45,125
110,60,140
105,65,135
100,70,140
80,70,135
110,65,145
105,55,135
95,60,125
90,55,145
75,60,120
110,65,140
70,55,115
65,50,140
85,70,135
55,45,115
65,45,125
105,70,145
90,50,135
60,45,115
90,55,120
70,50,140
105,65,150
70,45,120
95,60,150
110,60,135
105,60,130
95,50,130
75,50,140
70,45,125
65,45,115
105,55,130
90,70,135
100,55,125
80,50,115
80,60,120
105,70,150
75,55,115
95,50,125
90,50,120
95,55,145
85,70,155
105,55,140
80,65,155
110,60,145
80,50,140
85,65,155
90,70,155
75,45,120
100,60,150
75,65,125
105,70,140
75,45,125
70,45,115
90,65,155
95,50,135
95,70,155
100,65,130
60,45,130
110,65,150
80,65,125
95,70,135
110,70,145
115,65,145
65,45,130
85,50,140
60,50,110
85,60,120
115,60,140
95,65,155
90,75,150
110,70,150
80,55,115
110,65,135
110,55,135
100,55,145
100,60,125
115,65,140
65,50,110
100,70,155
70,45,130
100,50,130
85,75,145
95,75,150
95,55,120
85,65,125
55,45,110
90,75,145
80,45,125
80,45,120
105,60,150
85,50,115
75,45,115
60,45,110
100,65,155
110,55,140
90,50,140
95,75,145
75,45,130
115,60,135
70,55,150
115,60,145
70,50,110
110,60,130
75,55,150
100,75,150
100,70,135
100,50,125
110,55,130
105,70,155
95,50,120
65,45,110
100,50,135
105,55,125
110,70,140
115,65,150
80,55,150
90,75,155
115,70,145
105,55,145
75,60,155
90,65,125
115,70,150
100,75,145
90,60,120
80,60,155
85,55,150
95,75,155
105,65,155
85,55,115
105,65,130
85,45,125
80,45,130
120,65,145
110,60,150
105,75,150
85,60,155
95,50,140
80,45,115
85,45,120
70,45,110
75,50,110
110,70,155
100,75,155
90,55,150
120,60,140
105,50,130
90,60,155
65,50,145
115,55,135
70,50,145
80,70,130
60,45,135
115,65,135
120,65,140
85,75,140
65,45,135
90,50,115
105,60,125
105,75,145
90,75,140
105,70,135
75,50,145
85,70,130
115,55,140
85,45,130
110,65,155
100,55,120
105,50,135
120,60,145
70,45,135
105,75,155
120,65,150
95,60,155
110,55,145
110,75,150
95,55,150
85,70,160
80,50,145
95,65,125
90,45,125
95,75,140
115,70,140
90,70,160
100,50,140
120,70,150
75,45,110
115,60,150
105,50,125
90,70,130
75,45,135
115,70,155
120,60,135
100,50,120
120,70,145
95,70,160
115,60,130
95,60,120
115,55,130
80,50,110
85,45,115
90,45,120
100,60,155
90,55,115
85,50,145
110,75,155
110,55,125
100,55,150
110,75,145
90,45,130
125,65,145
100,70,160
115,65,155
80,45,135
100,75,140
110,65,130
80,65,160
55,45,105
85,65,160
65,55,110
90,75,160
70,60,115
60,45,105
90,65,160
115,75,150
95,75,160
90,50,145
95,70,130
110,50,130
115,55,145
70,55,110
105,60,155
110,70,135
125,60,140
105,50,140
110,50,135
105,70,160
75,60,115
120,55,135
125,65,150
95,65,160
100,75,160
120,70,155
120,55,140
95,45,125
50,40,115
55,40,115
80,45,110
95,50,115
85,45,135
125,60,145
120,60,150
125,65,140
115,75,155
65,45,105
105,55,150
120,65,135
100,65,125
60,40,115
125,70,150
55,40,120
105,75,140
110,60,125
95,50,145
100,65,160
105,75,160
95,45,130
75,55,110
120,70,140
120,65,155
60,40,120
50,40,110
105,55,120
85,50,110
110,70,160
95,45,120
90,45,115
55,40,110
80,60,115
115,75,145
125,70,145
110,60,155
65,40,115
110,50,125
60,50,105
75,65,120
65,40,120
100,60,120
60,40,110
100,70,130
90,45,135
105,50,120
90,80,155
95,55,115
95,80,155
60,45,140
120,75,150
90,80,150
70,45,105
65,45,140
95,80,150
105,65,160
125,60,135
65,50,105
110,75,160
70,55,155
75,55,155
80,65,120
110,50,140
110,55,150
100,80,155
120,55,130
130,65,145
70,45,140
120,55,145
120,75,155
80,55,155
100,50,145
125,70,155
120,60,130
85,75,135
100,80,150
70,40,115
115,70,160
70,40,120
65,40,110
55,40,125
115,55,125
100,45,125
125,60,150
115,65,130
115,50,135
90,75,135
75,45,140
85,55,155
130,65,150
115,50,130
60,40,125
85,45,110
80,55,110
110,75,140
105,80,155
115,60,155
115,70,135
85,60,115
100,45,130
70,50,105
110,65,160
125,55,140
125,65,155
85,65,120
130,60,145
75,60,160
115,75,160
65,40,125
95,45,135
105,80,150
80,60,160
65,50,150
130,60,140
70,50,150
90,55,155
130,70,150
125,55,135
50,40,105
80,45,140
105,65,125
95,75,135
85,60,160
75,50,150
55,40,105
120,75,145
100,50,115
75,40,120
95,80,160
75,45,105
75,40,115
70,40,110
105,50,145
130,65,140
115,55,150
110,80,155
100,45,120
90,60,160
70,40,125
100,80,160
95,45,115
80,50,150
120,70,160
90,80,145
105,70,130
90,50,110
125,65,135
95,55,155
125,75,150
60,40,105
125,70,140
95,80,145
125,75,155
115,50,140
130,70,145
85,45,140
115,65,160
85,70,165
110,80,150
105,80,160
95,60,160
90,70,165
130,70,155
115,60,125
85,50,150
120,60,155
125,55,145
120,75,160
75,50,105
90,75,165
90,65,120
115,50,125
100,75,135
110,55,120
95,70,165
100,80,145
95,75,165
75,40,125
100,45,135
85,55,110
130,60,150
80,70,125
105,60,120
80,40,120
100,55,155
100,55,115
115,75,140
105,45,125
90,60,115
115,80,155
100,75,165
110,50,120
65,40,105
130,65,155
105,45,130
100,60,160
100,70,165
135,65,145
110,80,160
75,40,110
90,50,150
120,50,135
55,40,130
90,45,140
80,40,115
135,65,150
85,70,125
110,50,145
