69,163,151
69,163,150
69,163,152
69,163,149
69,163,153
69,164,152
69,162,150
69,164,151
69,162,151
69,164,153
69,162,149
70,164,152
68,162,150
69,163,154
69,163,148
70,164,153
70,164,151
68,162,149
68,162,151
69,164,150
69,162,152
69,164,154
69,162,148
68,163,151
70,163,151
68,163,150
70,163,152
70,164,154
70,164,150
68,162,148
68,162,152
68,163,152
70,163,150
69,164,149
68,163,149
69,162,153
70,163,153
69,163,155
69,163,147
68,163,153
69,164,155
70,163,149
69,162,147
70,164,155
70,164,149
68,162,153
68,162,147
70,165,153
68,161,149
68,163,148
70,163,154
70,165,152
68,161,150
70,165,154
68,161,148
68,163,154
69,164,148
70,163,148
69,162,154
70,165,151
68,161,151
69,164,156
70,165,155
69,162,146
68,161,147
70,164,156
70,164,148
68,162,154
68,162,146
69,163,156
69,163,146
68,163,147
70,163,155
70,165,150
69,165,153
68,161,152
69,161,149
69,165,152
68,163,155
68,164,152
69,161,150
70,163,147
68,164,151
70,165,156
69,165,154
70,162,150
68,161,146
69,161,148
70,162,151
69,164,147
68,164,153
69,165,151
70,162,149
69,162,155
69,161,151
68,164,150
70,162,152
69,164,157
69,165,155
69,161,147
68,164,154
70,164,157
70,164,147
68,162,155
68,162,145
69,162,145
71,164,152
70,165,149
70,162,148
67,162,150
71,164,153
71,165,153
69,165,150
68,161,153
68,163,146
71,164,151
67,162,149
67,161,149
69,163,157
69,163,145
68,164,149
71,165,154
71,165,152
70,163,156
69,161,152
67,162,151
70,165,157
67,161,148
67,161,150
68,161,145
70,162,153
68,163,156
71,164,154
69,165,156
67,162,148
70,163,146
71,164,150
68,164,155
71,165,155
71,165,151
69,161,146
67,162,152
67,161,151
67,161,147
70,162,147
69,164,146
69,165,149
69,162,156
68,164,148
71,164,155
69,161,153
70,165,148
67,162,147
69,164,158
70,162,154
68,161,154
71,165,156
71,165,150
71,164,149
67,162,153
70,164,158
70,164,146
67,161,152
67,161,146
68,162,156
68,162,144
70,166,154
68,160,148
69,165,157
70,166,153
69,162,144
68,160,149
70,165,158
68,163,145
68,164,156
70,166,155
68,160,147
68,161,144
70,163,157
69,161,145
70,166,152
67,163,151
71,163,151
68,160,150
70,162,146
67,163,150
71,163,152
68,163,157
69,163,144
69,163,158
67,163,152
69,165,148
71,163,150
71,164,156
67,162,146
70,166,156
71,166,154
68,160,146
70,163,145
68,164,147
67,160,148
67,163,149
71,166,153
71,163,153
71,165,157
71,165,149
71,166,155
67,160,149
71,164,148
67,162,154
69,161,154
67,161,153
67,161,145
67,160,147
70,166,151
67,163,153
68,160,151
70,162,155
71,163,149
69,164,145
70,165,147
71,166,152
67,160,150
69,165,158
71,166,156
70,166,157
68,161,155
67,163,148
67,160,146
69,162,157
68,164,157
71,163,154
68,160,145
70,165,159
69,164,159
69,161,144
70,164,159
70,164,145
68,162,143
68,162,157
67,163,154
68,163,144
68,161,143
71,166,151
67,162,145
70,162,145
70,166,150
71,164,157
71,163,148
69,162,143
67,160,151
68,165,153
68,160,152
69,165,147
71,166,157
68,165,152
71,165,158
71,165,148
70,163,158
68,164,146
67,160,145
67,162,155
67,161,154
67,161,144
71,164,147
68,165,154
67,163,147
70,161,149
68,163,158
70,161,150
68,165,151
70,166,158
71,163,155
69,166,154
69,161,155
69,166,153
70,161,148
68,160,144
70,163,144
70,162,156
69,163,143
69,163,159
70,161,151
69,160,148
69,166,155
69,160,149
68,165,155
71,166,150
69,166,152
67,163,155
69,165,159
68,165,150
67,160,152
70,165,146
69,160,147
68,164,158
70,166,149
71,163,147
69,160,150
71,166,158
70,161,147
69,164,144
69,166,156
67,160,144
68,161,156
68,160,153
70,161,152
67,162,144
69,166,151
69,161,143
67,163,146
71,164,158
70,165,160
69,160,146
68,165,156
70,162,144
69,162,158
71,165,159
71,165,147
70,166,159
69,160,151
71,163,156
69,165,146
69,164,160
68,165,149
68,161,142
67,162,156
67,161,155
67,161,143
68,164,145
68,163,143
71,164,146
70,164,160
70,164,144
68,162,142
68,162,158
69,166,157
71,166,149
70,161,146
72,165,153
68,160,143
67,163,156
67,164,152
72,165,154
69,162,142
67,164,151
67,160,153
69,166,150
72,165,152
70,163,159
70,161,153
69,161,156
71,166,159
67,164,153
71,162,150
69,160,145
71,162,151
66,161,149
70,166,148
68,163,159
71,163,146
67,164,150
70,162,157
66,161,148
72,165,155
68,165,157
67,160,143
66,161,150
69,160,152
71,162,149
72,165,151
69,165,160
72,166,154
71,162,152
68,164,159
68,160,154
71,167,155
68,165,148
70,163,143
67,159,147
67,163,145
72,166,155
72,166,153
67,164,154
71,167,154
66,161,147
67,159,148
70,165,145
69,166,158
67,164,149
71,167,156
66,161,151
69,163,142
69,163,160
67,159,146
66,160,148
67,162,143
70,161,145
71,162,148
72,165,156
66,160,149
66,160,147
71,167,153
71,163,157
70,166,160
71,164,159
72,166,156
72,166,152
67,159,149
69,166,149
68,161,157
69,161,142
71,162,153
72,164,152
72,165,150
70,167,155
71,166,148
72,164,153
69,164,143
70,167,154
71,165,160
71,165,146
70,161,154
71,167,157
70,162,143
68,159,147
70,165,161
66,161,146
69,160,144
68,159,148
67,162,157
67,159,145
67,161,142
67,161,156
72,164,151
67,164,155
66,160,150
66,160,146
67,163,157
66,162,150
69,165,145
70,167,156
68,160,142
67,160,154
66,162,149
66,161,152
71,164,145
70,167,153
68,164,144
68,159,146
71,167,152
72,164,154
68,165,158
67,164,148
69,160,153
66,162,151
71,166,160
68,159,149
67,159,150
68,161,141
69,162,159
72,166,157
72,166,151
71,162,147
66,162,148
70,166,147
69,164,161
72,164,150
71,163,145
67,160,142
68,165,147
68,163,142
72,165,157
70,167,157
71,167,158
70,164,143
70,164,161
69,166,159
68,162,141
68,162,159
71,162,154
70,167,152
66,160,151
66,160,145
66,162,152
68,159,145
67,159,144
69,161,157
72,165,149
66,161,145
72,164,155
67,163,144
68,159,150
70,162,158
69,162,141
69,166,148
70,161,144
67,164,156
70,163,160
68,160,155
66,162,147
71,167,151
66,161,153
69,165,161
68,163,160
67,159,151
68,164,160
67,164,147
72,164,149
70,167,158
72,166,158
72,166,150
69,160,143
70,161,155
70,166,161
71,163,158
66,162,153
67,162,142
70,167,151
71,166,147
68,159,144
71,162,146
71,167,159
70,165,144
70,163,142
66,160,152
66,160,144
71,164,160
68,165,159
69,160,154
72,167,155
72,165,158
72,164,156
68,159,151
67,159,143
67,163,158
72,167,154
66,162,146
71,162,155
67,160,155
72,167,156
71,165,161
71,165,145
69,161,141
67,162,158
66,161,144
66,159,147
68,160,141
67,161,141
67,161,157
71,166,161
69,163,141
69,163,161
68,161,158
68,165,146
66,159,148
70,162,142
72,165,148
69,166,160
71,167,150
66,159,146
72,167,153
69,165,144
70,165,162
67,164,157
71,164,144
70,167,159
68,164,143
72,167,157
66,161,154
72,164,148
70,166,146
69,164,142
67,160,141
66,162,154
71,163,144
67,159,152
66,159,149
72,166,159
72,166,149
68,166,153
68,166,154
69,166,147
70,167,150
67,164,146
66,159,145
68,159,143
70,161,143
68,161,140
67,163,143
68,166,152
68,166,155
71,167,160
72,167,152
66,160,153
66,160,143
69,162,160
72,164,157
66,162,145
71,162,145
