101,135,150
101,136,150
101,134,150
102,136,151
100,134,149
102,137,151
102,135,151
100,135,149
100,133,149
101,136,151
101,134,149
101,135,151
101,135,149
100,135,150
102,135,150
101,137,150
100,134,150
102,136,150
101,137,151
101,133,149
100,136,150
102,134,150
102,138,151
100,136,149
102,137,152
100,133,148
101,136,149
102,136,152
100,134,148
102,137,150
103,137,152
99,133,148
102,138,152
100,132,148
103,138,152
103,136,152
99,134,148
99,132,148
103,136,151
101,138,151
99,134,149
103,137,151
99,133,149
100,135,148
100,137,150
101,138,150
103,135,151
99,135,149
101,137,149
102,139,151
100,137,149
102,139,152
103,139,152
103,138,151
99,135,148
102,138,150
103,138,153
99,132,147
100,135,151
101,136,152
100,136,151
102,135,149
103,137,153
101,137,152
99,133,147
101,134,148
102,134,149
101,133,148
99,136,149
100,136,148
101,139,151
103,139,153
100,134,151
99,131,147
101,135,152
102,136,149
100,138,150
100,137,151
101,138,152
101,135,148
99,134,147
99,134,150
104,138,153
103,136,150
103,139,151
104,137,152
99,135,150
103,135,150
98,132,147
103,140,152
102,137,153
101,139,150
99,136,148
104,138,152
102,138,153
98,133,148
102,140,152
100,133,147
104,139,153
104,137,153
100,132,147
98,132,148
98,133,147
98,131,147
103,140,153
99,133,150
101,138,149
104,136,152
103,137,150
102,136,153
102,140,151
98,134,148
100,138,149
99,136,150
102,139,150
102,139,153
100,134,147
100,138,151
101,139,152
102,137,149
104,139,152
101,136,148
99,137,149
104,140,153
99,135,147
98,134,147
100,137,148
101,140,151
98,135,148
103,138,150
100,139,150
99,137,150
104,139,154
98,131,146
104,137,151
104,138,154
102,140,153
98,132,146
103,140,151
104,136,151
100,135,147
103,141,153
98,133,149
98,134,149
103,141,152
99,137,148
104,140,152
103,138,154
104,140,154
103,139,154
99,132,146
98,130,146
102,141,152
99,131,146
104,138,151
100,139,151
101,140,152
98,132,149
104,141,153
98,133,146
102,138,149
103,137,154
98,135,149
98,135,147
101,137,148
101,140,150
99,133,146
103,140,154
100,136,152
99,138,149
101,139,149
99,136,147
105,138,153
98,136,148
100,137,152
104,141,154
102,141,151
100,139,149
102,140,150
105,139,153
100,135,152
101,137,153
102,134,148
99,138,150
105,139,154
97,132,147
101,138,153
103,139,150
102,141,153
102,133,148
104,139,151
101,136,153
97,131,147
97,131,146
105,137,153
101,133,147
102,135,148
99,135,151
105,140,154
105,138,154
100,136,147
98,136,149
100,138,148
103,135,149
99,136,151
100,138,152
97,132,146
97,130,146
98,134,146
101,132,147
97,133,147
103,141,154
99,134,146
105,140,153
99,134,151
101,134,147
104,141,152
103,142,153
101,141,151
103,134,149
101,139,153
103,136,149
100,140,150
103,141,151
105,141,154
104,142,153
100,140,151
99,137,151
102,138,154
101,141,152
98,136,147
105,138,152
103,142,152
102,136,148
99,138,148
105,137,152
104,142,154
97,133,146
102,139,154
97,134,147
102,137,154
102,142,152
100,132,146
102,139,149
101,135,147
97,132,148
101,138,148
97,133,148
100,139,152
105,139,152
100,131,146
104,139,155
98,137,148
98,131,145
105,141,153
104,140,155
103,137,149
98,130,145
100,133,146
104,140,151
98,137,149
98,134,150
104,136,150
101,140,153
105,140,155
99,137,147
97,130,145
102,140,154
99,139,150
103,142,154
105,139,155
99,139,149
98,135,150
97,131,145
102,142,153
104,138,155
97,134,148
104,135,150
98,133,150
99,135,146
98,135,146
98,132,145
104,137,150
99,138,151
101,141,150
104,141,155
103,140,150
105,141,155
105,142,154
97,129,145
101,140,149
100,137,147
97,134,146
102,141,150
102,142,151
100,140,149
100,134,146
102,137,148
98,136,150
105,140,152
97,132,145
97,135,147
104,142,152
103,143,153
101,136,147
102,141,154
97,135,148
104,143,154
104,138,150
100,140,152
100,139,148
105,142,155
103,138,149
103,139,155
98,133,145
104,142,155
104,143,153
105,142,153
101,141,153
103,140,155
106,139,154
98,137,147
99,131,145
103,138,155
100,141,151
106,140,154
101,142,152
101,142,151
103,142,151
99,130,145
100,141,150
98,138,149
99,139,151
98,137,150
99,132,145
106,138,154
97,133,145
103,143,154
104,141,151
106,140,155
103,143,152
96,131,146
99,139,148
98,138,148
103,141,155
105,137,151
96,130,146
105,143,154
106,141,154
100,135,146
102,140,149
106,141,155
106,139,155
102,143,152
101,139,148
105,141,152
99,136,146
97,135,146
96,130,145
105,136,151
97,133,149
99,140,150
96,132,146
105,138,151
98,136,146
102,143,153
106,139,153
97,136,148
106,138,153
97,134,149
105,143,155
96,131,145
96,129,145
104,139,150
102,142,154
97,136,147
97,132,149
100,137,153
99,138,147
104,143,155
99,133,145
102,138,148
100,136,153
98,134,145
99,140,149
106,142,155
106,140,153
103,141,150
100,138,153
101,137,147
99,136,152
100,141,152
103,142,155
96,131,147
100,138,147
97,135,149
99,135,152
101,138,154
96,132,147
96,133,146
105,140,156
97,130,144
103,139,149
105,139,151
96,132,145
105,141,156
98,138,150
101,137,154
106,142,154
97,129,144
99,137,152
102,133,147
101,142,153
104,144,154
101,139,154
101,142,150
97,134,145
102,134,147
96,130,147
104,143,152
105,143,153
103,134,148
101,141,149
100,139,153
96,133,147
99,140,151
97,131,144
103,144,153
102,132,147
103,135,148
105,142,156
102,142,150
102,143,151
101,132,146
100,141,149
106,141,153
106,141,156
103,133,148
101,133,146
99,138,152
98,139,149
104,144,153
106,140,156
99,134,145
104,140,156
96,129,144
100,136,146
98,138,147
106,143,155
101,140,154
97,136,149
103,144,154
102,135,147
96,130,144
100,142,151
98,130,144
104,141,156
101,131,146
101,143,152
105,144,155
100,140,148
105,144,154
98,135,151
105,142,152
104,139,156
97,137,148
106,142,156
98,134,151
97,136,146
102,143,154
96,133,145
103,136,148
98,129,144
96,134,146
104,144,155
104,142,151
102,139,155
96,128,144
104,140,150
103,143,155
98,131,144
98,136,151
96,134,147
102,138,155
104,135,149
97,132,144
105,140,151
105,143,156
98,139,148
101,143,151
101,134,146
100,140,153
104,136,149
102,140,155
97,137,147
96,131,144
103,143,151
98,135,145
99,137,146
106,143,154
104,142,156
100,142,150
106,138,152
98,137,146
104,134,149
99,141,150
103,144,152
99,140,148
98,139,150
99,139,152
102,144,153
106,137,152
106,143,156
100,131,145
102,139,148
106,139,152
102,141,149
101,141,154
98,137,151
101,140,148
100,132,145
100,142,152
102,144,152
106,142,153
98,132,144
102,136,147
101,138,147
104,137,149
102,141,155
97,135,145
96,132,148
100,130,145
97,137,149
101,143,153
107,140,155
103,140,149
103,137,148
99,139,147
107,141,155
96,133,148
106,144,155
96,131,148
96,132,144
104,143,156
99,141,149
99,141,151
96,135,147
103,142,150
104,145,154
99,135,145
101,135,146
105,144,156
107,139,155
100,133,145
106,140,152
96,134,145
105,144,153
97,133,144
100,139,147
96,135,146
100,141,153
107,142,155
96,134,148
107,140,154
98,138,151
103,144,155
107,141,156
97,134,150
105,136,150
107,139,154
106,144,156
105,145,155
95,130,145
97,133,150
97,138,148
105,137,150
105,141,151
100,137,146
95,129,145
104,144,152
102,142,155
99,140,152
107,142,156
107,140,156
103,140,156
97,135,150
98,140,149
104,145,155
102,144,154
101,142,154
104,138,149
98,133,144
103,139,156
105,143,152
107,141,154
103,145,153
105,135,150
95,131,145
103,145,154
105,145,154
