170,86,86
170,87,86
170,88,86
171,87,87
169,85,85
171,86,86
169,86,86
171,88,87
169,86,85
171,87,86
169,87,86
170,87,87
170,85,85
170,89,86
170,86,85
170,88,87
171,89,87
171,88,86
169,87,85
169,88,86
170,87,85
170,89,87
171,89,86
171,90,87
169,88,85
169,89,86
172,87,87
168,85,85
170,90,86
172,88,87
168,86,85
170,88,85
170,90,87
172,89,87
168,87,85
171,90,86
171,91,87
169,89,85
169,90,86
171,88,88
171,85,85
169,84,84
172,88,88
169,87,87
171,89,88
168,84,84
170,89,85
172,86,86
172,90,87
171,86,85
169,85,84
168,86,86
168,88,85
170,91,86
172,89,88
169,88,87
170,91,87
172,87,86
168,85,84
168,87,86
171,90,88
171,87,85
169,86,84
172,90,88
172,88,86
169,89,87
168,86,84
168,88,86
171,91,86
171,92,87
169,90,85
172,91,87
169,91,86
168,89,85
171,88,85
171,91,88
169,87,84
172,89,86
172,91,88
170,90,85
168,87,84
169,90,87
168,89,86
170,92,87
170,88,88
170,84,84
170,92,86
170,85,84
170,89,88
173,88,88
167,84,84
173,87,87
167,85,85
173,89,88
167,85,84
173,88,87
167,86,85
171,89,85
170,86,84
170,90,88
169,88,84
172,90,86
171,92,88
172,92,88
172,92,87
168,88,84
169,91,87
173,90,88
168,90,85
173,89,87
171,92,86
167,86,84
168,90,86
167,87,85
171,93,87
169,91,85
169,92,86
170,87,84
170,91,85
170,91,88
170,93,87
173,91,88
173,90,87
167,87,84
167,88,85
171,90,85
169,89,84
172,91,86
171,93,88
170,93,86
172,93,88
168,89,84
172,89,89
169,92,87
172,85,85
170,88,84
172,90,89
172,93,87
168,91,86
168,83,83
172,86,85
170,92,88
168,87,87
168,84,83
168,91,85
173,91,87
173,92,88
168,88,87
172,91,89
167,88,84
173,89,89
171,93,86
172,87,85
167,89,85
173,86,86
173,90,89
171,94,87
169,92,85
168,85,83
167,83,83
173,87,86
167,86,86
167,84,83
168,89,87
169,93,86
170,92,85
167,87,86
173,91,89
171,89,89
171,91,85
173,88,86
171,84,84
172,92,86
172,88,85
172,92,89
169,90,84
170,94,87
171,90,89
170,89,84
167,85,83
169,83,83
171,85,84
169,88,88
168,86,83
172,94,88
171,94,88
169,84,83
168,90,84
167,88,86
169,89,88
173,92,87
170,93,88
173,93,88
168,90,87
169,93,87
171,91,89
171,86,84
174,88,88
166,84,84
168,92,86
173,92,89
167,89,84
169,85,83
173,89,86
174,89,88
172,94,87
166,85,84
167,90,85
170,94,86
169,90,88
167,86,83
172,89,85
168,92,85
167,89,86
172,93,89
174,90,88
166,86,84
168,87,83
171,87,84
171,92,89
169,86,83
171,94,86
168,91,87
169,91,88
170,90,84
173,90,86
173,93,89
171,95,87
169,93,85
171,92,85
174,89,89
174,91,88
172,93,86
167,87,83
166,83,83
170,93,85
174,87,87
174,90,89
169,91,84
169,94,86
173,93,87
166,87,84
166,85,85
174,88,87
173,94,88
166,84,83
170,94,88
172,95,88
166,86,85
167,90,86
171,88,84
168,91,84
171,95,88
172,90,85
167,90,84
170,95,87
174,91,89
169,87,83
171,93,89
174,89,87
172,94,89
167,91,85
166,85,83
169,94,87
168,88,83
168,93,86
166,87,85
169,92,88
174,92,88
173,91,86
172,95,87
173,94,89
168,92,87
170,89,89
170,83,83
174,92,89
166,88,84
174,90,87
170,84,83
167,88,83
170,90,89
166,86,83
170,95,86
168,93,85
171,89,84
166,88,85
170,91,84
170,85,83
167,91,86
169,88,83
170,91,89
172,91,85
171,94,89
173,94,87
171,93,85
173,95,88
171,95,86
172,94,86
174,93,89
174,91,87
169,92,84
174,93,88
168,89,83
172,95,89
170,95,88
169,93,88
171,96,87
169,94,85
173,90,90
167,91,84
170,86,83
166,87,83
170,94,85
172,96,88
173,92,86
168,92,84
173,91,90
166,89,84
170,92,89
171,96,88
173,85,85
167,92,85
169,95,86
166,89,85
173,95,89
173,86,85
168,93,87
167,89,83
169,95,87
167,82,82
173,92,90
170,96,87
168,94,86
171,90,84
167,83,82
172,90,90
173,87,85
167,87,87
172,91,90
172,84,84
169,89,83
167,88,87
170,87,83
172,85,84
174,92,87
172,96,87
167,92,86
174,94,89
167,84,82
174,90,90
171,95,89
168,82,82
172,92,85
170,92,84
174,91,90
170,93,89
172,92,90
173,93,90
174,94,88
174,86,86
166,88,83
168,83,82
172,86,84
173,88,85
168,88,88
167,89,87
174,87,86
168,89,88
169,94,88
173,95,87
166,82,82
168,94,85
166,90,85
168,90,83
174,92,90
175,89,89
166,83,82
173,96,88
165,83,83
172,96,89
168,84,82
175,88,88
170,96,86
167,85,82
166,86,86
165,84,84
166,90,84
173,93,86
175,90,89
174,88,86
165,84,83
171,94,85
175,89,88
166,87,86
165,85,84
168,90,88
172,95,86
172,87,84
172,93,90
170,96,88
170,88,83
166,84,82
173,96,89
167,90,87
167,92,84
169,93,84
175,91,89
173,89,85
175,90,88
171,96,86
173,94,90
165,85,83
171,91,84
167,90,83
174,93,90
165,86,84
168,85,82
166,88,86
168,94,87
167,93,85
174,93,87
172,97,88
174,89,86
168,93,84
174,95,89
169,90,83
170,94,89
171,97,87
169,95,85
171,97,88
170,95,85
167,86,82
168,91,88
166,85,82
175,92,89
172,88,84
166,89,83
175,91,88
169,96,86
167,93,86
169,96,87
172,94,90
165,86,83
174,95,88
171,96,89
168,95,86
165,87,84
171,90,90
172,93,85
166,89,86
167,91,87
171,83,83
166,91,85
171,91,90
170,97,87
168,86,82
174,94,90
174,90,86
171,84,83
173,90,85
170,93,84
169,95,88
169,82,82
170,89,83
173,95,90
169,89,89
172,97,87
169,83,82
168,91,83
166,91,84
171,92,90
171,85,83
169,90,89
173,94,86
166,86,82
173,96,87
175,93,89
175,92,88
168,92,88
172,97,89
175,90,90
167,87,82
169,84,82
173,97,88
172,89,84
165,87,83
175,91,90
174,94,87
175,87,87
165,88,84
169,91,89
173,97,89
170,95,89
165,82,82
166,90,86
175,88,87
168,95,85
171,92,84
174,96,89
172,95,90
165,83,82
171,86,83
171,95,85
167,91,83
165,85,85
175,92,90
174,91,86
171,93,90
172,96,86
168,87,82
170,97,88
167,93,84
174,95,90
169,91,83
167,92,87
165,86,85
175,89,87
168,95,87
169,85,82
170,97,86
169,94,84
166,90,83
173,91,85
165,84,82
167,94,85
169,92,89
175,93,88
175,94,89
166,87,82
174,96,88
165,87,85
172,98,88
171,97,86
173,96,90
175,93,90
168,94,84
170,90,83
168,93,88
166,92,85
167,94,86
171,97,89
171,87,83
175,90,87
171,98,88
172,94,85
165,88,83
172,90,84
167,88,82
170,96,85
171,98,87
165,85,82
169,96,85
165,89,84
171,94,90
169,86,82
166,91,86
169,96,88
169,97,87
165,88,85
174,92,86
166,92,84
168,96,86
172,96,90
169,97,86
173,95,86
168,92,83
168,88,82
170,94,84
169,93,89
174,95,87
175,94,90
174,96,90
175,91,87
170,96,89
172,98,89
167,93,87
170,98,87
173,97,87
174,97,89
171,88,83
175,94,88
173,92,85
172,98,87
175,95,89
171,93,84
165,86,82
166,88,82
173,98,88
173,98,89
169,87,82
167,92,83
169,92,83
174,91,91
166,91,83
171,95,90
168,94,88
165,89,85
165,89,83
173,97,90
174,92,91
