169,189,144
168,189,144
170,189,144
170,190,145
168,188,143
169,189,143
169,190,145
171,190,145
167,188,143
169,188,143
169,189,145
168,189,143
170,189,145
170,190,144
168,188,144
169,190,144
169,188,144
167,189,144
171,189,144
170,189,143
168,189,145
171,190,144
167,189,143
170,190,146
168,188,142
167,188,144
171,190,146
171,189,145
167,188,142
168,190,144
170,188,144
171,191,146
167,187,142
171,191,145
168,190,145
172,190,145
166,188,143
170,188,143
167,187,143
170,191,145
168,187,143
170,191,146
172,191,146
166,187,142
168,187,142
169,188,142
169,190,146
166,188,142
172,190,146
172,191,145
166,187,143
169,191,145
169,190,143
169,188,145
169,187,143
171,189,143
172,190,144
170,190,143
168,189,142
170,189,146
166,189,143
167,189,145
168,188,145
168,190,143
167,190,144
166,188,144
172,189,145
170,188,145
169,189,142
169,191,146
173,191,146
165,187,142
169,187,142
166,189,144
172,189,144
169,189,146
171,191,147
170,191,144
171,188,144
172,191,147
167,187,141
167,189,142
166,187,141
168,187,144
171,189,146
171,191,144
170,188,142
167,187,144
167,190,145
173,190,145
165,188,143
171,188,143
169,191,144
172,192,146
168,190,146
166,186,142
165,188,142
171,192,146
167,186,142
171,190,143
169,187,144
173,191,145
170,191,147
168,187,141
173,190,146
172,192,147
166,186,141
171,190,147
168,191,145
165,187,143
165,187,141
173,191,147
167,188,145
170,189,142
167,188,141
167,190,143
170,187,143
168,189,146
171,192,147
173,192,147
170,190,147
165,186,141
167,186,141
168,188,141
173,192,146
166,189,142
172,191,144
171,188,145
165,186,142
170,192,146
166,188,141
172,190,147
168,186,142
172,189,146
168,191,144
166,187,144
171,192,145
172,189,143
167,186,143
173,190,144
168,191,146
174,191,146
164,187,142
170,187,142
172,192,145
165,189,143
170,187,144
166,190,144
166,186,143
166,189,145
170,192,145
169,188,141
165,188,144
169,187,141
168,186,143
172,190,143
169,191,147
170,192,147
174,192,147
169,190,147
164,186,141
168,186,141
173,189,145
164,187,141
165,188,141
172,188,144
171,188,142
174,191,147
171,189,142
174,192,146
165,189,144
173,189,144
172,192,148
173,190,147
173,192,148
166,190,143
164,188,142
174,191,145
166,186,140
169,192,146
164,186,142
165,186,140
169,190,142
167,190,146
173,192,145
166,188,145
172,191,148
173,191,144
168,190,142
169,188,146
165,189,142
169,186,142
167,191,145
166,190,145
174,190,145
164,188,143
172,188,143
166,187,140
167,189,146
170,191,143
170,188,146
174,190,146
169,192,145
164,187,143
165,186,143
171,191,148
169,191,143
168,187,145
167,187,140
167,191,144
171,192,148
170,190,142
173,191,148
172,188,145
173,193,147
165,185,141
172,193,147
166,185,141
169,187,145
167,186,140
171,187,143
165,187,140
174,192,148
169,186,143
168,189,141
165,187,144
170,189,147
164,186,140
167,189,141
173,189,146
171,191,143
171,189,147
168,188,146
167,190,142
170,188,141
168,191,143
173,193,148
167,187,145
165,185,140
171,187,144
169,189,141
174,193,147
171,188,146
172,193,146
169,192,147
175,192,147
164,185,141
163,186,141
169,186,141
171,193,147
166,185,142
164,188,141
168,190,147
170,187,141
169,189,147
167,185,141
171,192,144
168,187,140
170,191,148
172,193,148
174,193,148
166,189,141
173,193,146
170,192,144
164,185,140
166,185,140
167,191,146
175,191,146
173,189,143
170,187,145
163,187,142
171,187,142
174,192,145
163,187,141
165,185,142
174,190,144
171,193,146
167,186,144
168,191,147
173,190,143
171,190,142
164,187,140
172,189,147
175,192,146
168,186,144
174,191,148
167,185,142
174,190,147
164,189,143
172,192,144
172,191,143
168,186,140
172,189,142
175,191,147
170,192,148
165,190,144
168,192,145
168,192,146
171,190,148
163,186,140
163,186,142
165,189,145
164,186,143
175,192,148
166,190,142
172,190,148
167,188,140
169,192,144
165,190,143
164,188,144
174,191,144
167,188,146
166,188,140
166,186,144
170,189,141
172,188,142
174,193,146
167,191,143
170,186,142
164,189,142
175,193,147
171,193,148
175,193,148
174,189,145
163,185,140
167,185,140
175,191,145
166,187,145
173,188,144
165,188,145
163,188,142
170,193,146
170,186,143
164,185,142
170,193,147
163,185,141
169,186,144
168,188,140
170,190,148
165,189,141
168,189,147
166,191,144
173,192,149
166,189,146
168,185,141
166,190,146
166,191,145
169,187,140
164,189,144
174,189,144
172,188,146
168,185,142
165,188,140
173,192,144
171,188,141
173,190,148
172,192,149
173,193,149
165,186,139
163,187,143
174,193,149
169,191,148
164,187,144
175,190,146
171,187,145
174,192,149
173,188,145
163,187,140
165,190,145
175,190,145
173,188,143
163,188,143
172,193,145
165,185,139
172,190,142
166,186,139
164,185,139
173,189,147
171,193,145
168,192,144
174,189,146
164,186,139
172,187,143
163,188,141
173,191,143
166,185,143
168,192,147
176,192,147
162,186,141
170,186,141
175,192,145
175,191,148
165,186,144
167,185,143
169,188,140
172,193,149
169,186,140
173,193,145
175,193,146
167,190,147
172,187,144
175,193,149
171,187,141
166,185,139
171,189,141
174,194,148
169,192,148
164,184,140
165,190,142
163,185,139
162,186,140
173,194,148
165,184,140
169,190,148
171,192,149
170,193,145
170,193,148
176,193,148
172,191,149
167,192,145
162,185,140
168,185,140
167,186,139
162,187,141
165,185,143
169,193,146
164,188,140
166,191,143
176,192,148
173,191,149
176,192,146
170,186,144
176,193,147
174,190,143
173,194,147
169,191,142
163,185,142
165,184,141
167,191,147
175,192,149
166,188,146
163,186,139
168,190,141
175,190,147
166,187,139
170,191,142
166,191,146
176,191,146
162,187,142
172,187,142
174,194,147
169,193,147
168,185,143
165,187,139
173,189,142
175,194,148
167,192,146
163,186,143
164,189,141
174,192,144
169,190,141
163,184,140
164,184,141
162,185,141
170,188,147
174,189,143
172,194,148
172,194,147
169,187,146
174,190,148
165,187,145
176,191,147
168,191,142
166,184,140
175,190,144
171,191,149
174,194,149
166,184,141
169,185,142
162,186,142
174,193,145
167,190,141
175,191,144
169,188,147
164,184,139
168,187,146
167,189,147
170,187,140
169,185,141
167,187,139
164,190,143
170,192,143
163,189,143
171,193,149
173,194,149
175,194,149
167,185,139
174,191,149
164,190,144
171,192,143
171,191,142
171,186,142
163,184,139
165,184,139
171,186,143
171,188,147
163,189,142
164,187,139
170,187,146
176,193,149
167,192,144
173,188,146
162,185,139
170,190,141
169,193,145
170,188,140
175,194,147
173,188,142
167,189,140
169,192,143
171,189,148
162,187,140
168,186,145
173,190,142
164,189,145
165,191,144
164,185,143
168,189,140
172,187,145
168,186,139
168,191,148
163,188,144
163,184,141
172,188,141
170,189,148
171,194,147
176,191,145
167,191,142
167,186,145
164,188,145
174,191,143
170,192,149
174,189,147
176,194,148
162,188,142
164,186,144
166,190,141
166,189,140
176,193,146
172,192,143
168,188,147
167,187,146
167,184,141
175,189,145
165,189,146
171,194,148
162,184,140
172,189,148
168,187,139
173,194,146
162,186,139
163,188,140
165,191,145
174,188,144
169,186,145
172,194,146
172,194,149
176,194,149
172,189,141
170,191,149
167,184,140
174,193,150
169,185,143
168,190,148
162,184,139
166,184,139
170,186,140
165,184,142
165,190,146
176,191,148
176,192,149
176,192,145
169,189,140
162,188,141
163,187,144
168,193,146
166,184,142
168,192,143
164,190,142
169,193,148
177,193,148
172,191,142
173,193,150
161,185,140
169,185,140
175,193,145
163,187,139
174,194,146
175,189,144
163,189,144
