72,77,156
72,76,156
72,78,156
72,75,156
72,79,156
72,77,157
72,77,155
73,78,157
72,78,157
71,76,155
72,76,155
72,76,157
72,78,155
73,77,157
73,79,157
71,75,155
71,77,155
72,74,156
72,80,156
72,79,157
72,75,155
72,75,157
71,76,156
73,78,156
72,79,155
73,76,157
73,80,157
71,74,155
71,78,155
71,77,156
73,77,156
71,75,156
73,79,156
71,78,156
73,76,156
72,80,157
71,74,156
73,80,156
72,74,155
72,74,157
73,78,158
71,76,154
72,80,155
73,75,157
73,81,157
71,73,155
71,79,155
72,73,156
72,81,156
73,79,158
71,75,154
73,77,158
71,77,154
71,79,156
73,75,156
73,80,158
71,74,154
71,73,156
73,76,158
73,81,156
71,78,154
72,81,157
72,73,155
72,73,157
73,74,157
73,82,157
71,72,155
71,80,155
72,81,155
73,81,158
72,77,158
71,73,154
72,77,154
73,75,158
72,72,156
72,82,156
72,78,158
71,79,154
72,76,158
72,76,154
71,80,156
71,76,157
72,78,154
73,74,156
73,78,155
71,72,156
71,77,157
71,75,157
73,77,155
73,82,156
74,79,158
72,79,158
73,79,155
70,75,154
74,79,157
74,78,158
74,80,158
72,75,154
72,75,158
70,75,155
70,74,154
70,76,154
74,78,157
71,78,157
74,80,157
72,79,154
70,76,155
72,82,157
70,74,155
71,74,157
73,76,155
73,82,158
72,72,157
72,72,155
73,80,155
74,77,158
74,81,158
71,72,154
73,74,158
73,73,157
73,83,157
71,71,155
71,81,155
70,73,154
70,77,154
74,77,157
72,80,158
72,82,155
71,80,154
70,77,155
74,81,157
70,73,155
72,74,154
72,74,158
71,79,157
71,81,156
72,80,154
71,73,157
73,75,155
71,71,156
73,73,156
73,72,156
72,83,156
74,76,158
74,82,158
73,83,156
73,78,159
73,81,155
71,76,153
70,72,154
70,78,154
74,76,157
70,78,155
73,79,159
71,75,153
73,77,159
74,82,157
70,72,155
71,77,153
72,81,158
74,79,159
70,75,153
73,83,158
74,80,159
73,80,159
74,78,159
70,74,153
71,80,157
70,76,153
71,74,153
72,73,158
72,73,154
72,83,157
73,73,158
71,71,154
73,76,159
71,78,153
70,75,156
74,79,156
71,81,154
73,72,157
71,72,157
73,74,155
73,72,155
70,76,156
72,81,154
74,78,156
74,81,159
74,73,157
73,84,157
70,74,156
72,71,155
71,82,155
74,80,156
74,77,159
70,73,153
74,75,158
74,83,158
70,77,153
72,83,155
70,71,154
70,79,154
70,79,155
74,75,157
73,82,155
73,81,159
71,82,156
70,71,155
70,77,156
74,83,157
74,77,156
71,73,153
73,75,159
70,73,156
72,71,156
74,81,156
74,73,156
71,79,153
72,82,158
74,82,159
73,84,156
74,76,159
70,72,153
71,81,157
70,78,153
72,84,156
74,72,156
72,72,158
70,78,156
72,72,154
73,84,158
74,76,156
71,71,157
73,82,159
70,72,156
73,73,155
74,73,158
72,71,154
74,82,156
72,82,154
74,74,158
74,84,158
71,72,153
70,80,155
73,74,159
70,70,154
70,80,154
72,84,157
71,76,158
71,82,154
74,74,157
71,77,158
70,70,155
73,83,155
74,83,159
72,77,159
74,84,157
71,75,158
71,80,153
74,72,157
72,78,159
74,75,159
70,71,153
73,78,154
74,72,155
72,76,159
73,85,157
75,73,157
73,77,154
73,71,155
71,83,155
72,77,153
70,79,156
70,79,153
71,78,158
72,76,153
73,79,154
72,84,155
72,83,158
72,78,153
71,83,156
72,79,159
74,75,156
71,74,158
70,71,156
73,76,154
72,75,159
71,82,157
73,71,156
73,83,159
75,80,158
72,75,153
74,83,156
75,73,156
73,72,158
73,80,154
75,79,158
75,81,158
71,79,158
73,72,154
72,79,153
75,80,159
73,85,156
72,71,157
73,73,159
71,71,153
69,74,154
72,80,159
75,79,159
75,81,159
71,73,158
69,75,154
73,85,158
74,79,160
70,75,152
74,73,155
74,84,159
69,73,154
75,78,158
70,81,155
74,85,158
75,74,158
69,74,153
74,80,160
70,74,152
73,75,154
72,74,159
75,82,158
74,78,160
74,74,159
75,72,156
72,85,156
72,83,154
70,81,154
71,70,154
70,76,152
71,81,153
70,70,153
75,73,158
75,74,157
69,73,153
69,75,153
70,80,156
72,74,153
71,70,155
73,71,154
75,78,159
75,82,159
70,80,153
69,76,154
73,84,155
74,85,157
69,72,154
73,81,154
74,81,160
70,75,157
70,73,152
71,83,154
70,70,156
74,74,156
72,80,153
71,80,158
70,76,157
74,77,160
69,72,153
69,76,153
70,77,152
70,74,157
72,85,157
74,79,155
72,81,159
75,77,158
74,78,155
75,83,158
74,84,156
70,77,157
74,80,155
72,84,158
71,72,158
75,72,157
73,78,160
73,84,159
73,79,160
69,77,154
75,80,157
75,77,159
75,83,159
71,76,152
74,82,160
72,73,159
75,72,155
70,73,157
76,73,157
73,86,157
73,77,160
73,74,154
69,71,154
74,71,155
71,84,155
71,83,157
71,75,152
75,79,157
70,72,152
74,77,155
75,81,157
72,73,153
71,77,152
71,84,156
74,76,160
69,74,155
74,73,159
69,71,153
69,77,153
74,72,158
72,85,155
73,80,160
69,75,155
70,78,152
72,71,153
74,81,155
69,73,155
74,85,159
70,78,157
74,71,156
71,74,152
73,82,154
75,78,157
73,76,160
73,71,157
74,72,154
72,81,153
70,81,156
75,74,159
71,81,158
76,73,156
75,82,157
69,76,155
71,70,153
75,76,158
71,78,152
75,80,160
70,72,157
70,82,155
71,82,153
72,82,159
75,73,155
69,72,155
75,84,158
76,74,158
74,86,158
74,76,155
75,81,160
75,79,160
70,81,153
73,86,156
69,78,154
73,81,160
72,70,154
70,82,154
74,83,160
69,74,152
73,86,158
75,76,159
75,84,159
71,70,156
72,70,155
76,74,157
69,70,154
72,84,154
75,74,156
69,73,152
71,71,158
69,75,152
70,71,152
74,82,155
74,75,160
71,73,152
75,77,157
73,75,160
76,73,158
74,86,157
75,82,160
72,72,159
69,70,153
69,78,153
73,85,155
75,78,160
69,77,155
70,79,157
73,73,154
74,71,154
75,83,157
70,79,152
72,72,153
69,72,152
76,72,156
72,86,156
74,85,156
71,79,152
69,71,155
69,76,152
73,85,159
71,84,154
70,71,157
73,82,160
72,85,158
74,75,155
73,83,154
75,83,160
72,86,157
75,75,158
72,82,153
71,82,158
75,77,160
75,73,159
71,84,157
74,84,160
69,79,154
75,85,158
73,74,160
69,71,152
74,86,159
72,83,159
71,72,152
75,76,157
76,72,157
75,75,159
75,85,159
69,78,155
73,71,153
69,77,152
74,83,155
69,69,154
70,82,156
75,72,158
76,74,159
74,74,160
70,70,152
77,73,157
73,87,157
75,71,155
71,85,155
70,80,157
76,72,155
75,84,157
69,70,155
69,69,153
69,79,153
71,85,156
72,70,153
74,71,157
72,71,158
71,80,152
75,72,154
71,83,153
73,72,159
72,70,156
72,86,155
70,80,152
70,82,153
70,83,155
75,71,156
75,84,160
73,83,160
70,70,157
77,74,158
74,87,158
76,74,156
76,73,155
74,73,154
75,76,160
73,70,154
70,83,154
77,73,156
71,76,159
73,70,155
73,72,153
71,77,159
77,74,157
74,74,155
69,70,152
71,75,159
73,87,158
72,85,154
69,74,156
75,80,156
69,78,152
73,87,156
69,75,156
73,73,160
75,79,156
69,79,155
74,87,157
74,86,156
71,78,159
69,73,156
75,75,157
71,71,152
75,81,156
76,75,158
