144,52,214
143,52,214
145,52,214
142,52,214
146,52,214
141,52,214
147,52,214
145,52,215
143,52,213
140,52,214
148,52,214
144,52,215
144,52,213
146,52,215
142,52,213
143,52,215
145,52,213
144,51,214
144,53,214
143,51,214
145,53,214
147,52,215
141,52,213
142,52,215
146,52,213
145,51,214
143,53,214
142,51,214
146,53,214
139,52,214
149,52,214
145,53,215
143,51,213
146,51,214
142,53,214
141,51,214
144,53,215
146,53,215
147,53,214
148,52,215
142,51,213
144,51,213
140,52,213
141,52,215
147,52,213
143,53,215
147,53,215
141,51,213
145,51,213
147,51,214
141,53,214
140,51,214
148,53,214
149,52,215
142,53,215
148,53,215
140,51,213
146,51,213
139,52,213
138,52,214
150,52,214
140,52,215
148,52,213
148,51,214
140,53,214
139,51,214
149,53,214
141,53,215
149,53,215
139,51,213
147,51,213
150,52,215
138,52,213
144,51,215
139,52,215
144,53,213
145,51,215
149,52,213
143,51,215
143,53,213
145,53,213
137,52,214
151,52,214
146,51,215
149,51,214
142,53,213
139,53,214
142,51,215
140,53,215
150,53,215
138,51,214
146,53,213
138,51,213
148,51,213
150,53,214
147,51,215
141,53,213
141,51,215
151,52,215
147,53,213
137,52,213
138,52,215
150,52,213
148,51,215
150,51,214
140,53,213
139,53,215
151,53,215
137,51,213
149,51,213
138,53,214
140,51,215
145,52,216
143,52,212
137,51,214
146,52,216
146,53,216
145,53,216
142,52,212
142,51,212
143,51,212
136,52,214
152,52,214
144,52,216
148,53,213
151,53,214
144,52,212
147,53,216
141,51,212
144,53,216
144,51,212
147,52,216
141,52,212
143,52,216
145,52,212
149,51,215
148,53,216
140,51,212
143,53,216
152,52,215
145,51,212
148,52,216
139,53,213
140,52,212
136,52,213
139,51,215
137,52,215
142,52,216
146,52,212
149,53,213
151,52,213
149,53,216
151,51,214
138,53,215
152,53,215
136,51,213
150,51,213
139,51,212
142,53,216
137,53,214
146,51,212
136,51,214
149,52,216
145,54,215
146,54,215
139,52,212
152,53,214
143,50,213
142,50,213
141,52,216
150,51,215
144,54,215
147,54,215
147,52,212
144,50,213
135,52,214
153,52,214
141,50,213
138,53,213
143,50,214
145,54,214
138,51,215
150,53,216
144,50,214
144,54,214
138,51,212
143,54,215
142,50,214
146,54,214
141,53,216
148,54,215
145,50,213
147,51,212
150,53,213
140,50,213
145,50,214
153,52,215
150,52,216
143,54,214
141,50,214
147,54,214
138,52,212
135,52,213
136,52,215
140,52,216
142,54,215
152,52,213
148,52,212
137,53,215
153,53,215
146,50,213
135,51,213
151,51,213
149,54,215
146,50,214
152,51,214
142,54,214
139,50,213
151,51,215
140,50,214
148,54,214
151,53,216
136,53,214
135,51,214
137,51,212
140,53,216
153,53,214
137,53,213
148,51,212
137,51,215
151,52,216
147,50,214
141,54,215
141,54,214
147,50,213
137,52,212
150,54,215
151,53,213
139,50,214
138,50,213
139,52,216
134,52,214
154,52,214
149,54,214
149,52,212
145,51,216
144,51,216
154,52,215
152,53,216
146,51,216
146,54,216
143,53,212
144,53,212
145,54,216
147,54,216
136,51,212
148,50,214
143,51,216
134,52,213
139,53,216
135,52,215
142,53,212
142,50,212
152,51,215
140,54,214
136,53,215
154,53,215
141,50,212
143,50,212
149,51,212
134,51,213
152,51,213
140,54,215
145,53,212
147,51,216
148,50,213
138,50,214
153,52,213
153,51,214
144,54,216
148,54,216
152,52,216
151,54,215
137,50,213
150,54,214
142,51,216
141,53,212
136,53,213
140,50,212
144,50,212
136,51,215
135,53,214
134,51,214
136,52,212
146,53,212
138,52,216
148,51,216
154,53,214
143,54,216
149,54,216
152,53,213
150,52,212
139,50,212
145,50,212
140,53,212
141,51,216
149,50,214
144,50,215
139,54,214
143,50,215
153,53,216
147,53,212
145,50,215
137,50,214
144,54,213
139,54,215
135,51,212
149,50,213
145,54,213
138,53,216
142,50,215
142,54,216
150,54,216
149,51,216
133,52,214
155,52,214
143,54,213
151,54,214
152,54,215
136,50,213
150,51,212
138,50,212
146,50,212
146,54,213
146,50,215
153,51,215
155,52,215
153,52,216
139,53,212
140,51,216
141,50,215
142,54,213
133,52,213
134,52,215
135,53,215
155,53,215
133,51,213
153,51,213
135,52,212
147,54,213
135,53,213
137,52,216
148,53,212
135,51,215
147,50,215
154,51,214
150,50,214
154,52,213
141,54,216
151,54,216
150,51,216
141,54,213
140,50,215
134,53,214
138,54,214
151,52,212
133,51,214
137,50,212
147,50,212
136,50,214
146,53,217
153,53,213
142,51,211
147,53,217
141,51,211
150,50,213
145,53,217
148,54,213
138,54,215
143,51,211
138,53,212
154,53,216
155,53,214
139,51,216
152,54,214
148,50,215
135,50,213
153,54,215
148,53,217
134,51,212
140,51,211
137,53,216
144,53,217
144,51,211
151,51,212
149,53,212
140,54,213
139,50,215
154,52,216
149,53,217
140,54,216
152,54,216
139,51,211
151,51,216
154,51,215
146,52,217
143,53,217
145,52,217
142,52,211
149,54,213
136,50,212
148,50,212
145,51,211
143,52,211
151,50,214
147,52,217
134,52,212
141,52,211
132,52,214
156,52,214
144,52,217
136,52,216
149,50,215
156,52,215
144,52,211
137,53,212
137,54,214
138,51,216
134,51,215
134,53,213
148,52,217
150,53,217
135,50,214
134,53,215
156,53,215
132,51,213
154,51,213
140,52,211
138,51,211
133,52,215
132,52,213
139,54,213
143,52,217
152,52,212
138,50,215
142,53,217
151,50,213
137,54,215
145,52,211
155,51,214
146,51,211
153,54,214
150,53,212
155,52,213
134,50,213
155,53,216
149,52,217
154,54,215
154,53,213
132,51,214
133,53,214
150,54,213
139,52,211
139,54,216
153,54,216
133,51,212
136,53,216
152,51,216
142,52,217
135,50,212
149,50,212
151,53,217
150,50,215
156,53,214
146,52,211
152,51,212
137,51,211
155,52,216
141,53,217
152,50,214
150,52,217
147,51,211
136,53,212
137,51,216
138,54,213
137,50,215
138,52,211
155,51,215
141,52,217
133,52,212
136,54,214
135,52,216
147,54,217
146,54,217
134,50,214
147,52,211
148,54,217
141,50,211
142,50,211
145,54,217
152,53,217
151,54,213
151,53,212
152,50,213
133,51,215
140,50,211
143,50,211
136,51,211
136,54,215
133,53,213
154,54,214
153,52,212
157,52,215
151,52,217
138,54,216
154,54,216
151,50,215
140,53,217
131,52,214
157,52,214
149,54,217
153,51,216
133,50,213
144,54,217
146,55,215
133,53,215
157,53,215
134,50,212
150,50,212
155,54,215
131,51,213
155,51,213
145,55,215
148,51,211
156,53,216
139,50,211
137,52,211
147,55,215
144,50,211
132,52,215
131,52,213
140,52,217
142,49,213
156,51,214
144,55,215
143,49,213
135,53,216
155,53,213
132,51,212
141,49,213
137,54,213
148,55,215
136,50,215
150,54,217
156,52,213
143,54,217
148,52,211
136,51,216
135,53,212
144,49,213
131,51,214
153,51,212
138,50,211
132,53,214
140,49,213
153,50,214
145,50,211
156,52,216
153,53,217
143,55,215
152,52,217
149,55,215
157,53,214
135,51,211
145,49,213
152,54,213
139,53,217
135,54,214
139,49,213
151,54,217
133,50,214
152,53,212
136,52,211
144,50,216
156,51,215
152,50,215
145,50,216
142,54,217
134,52,216
132,52,212
149,51,211
139,52,217
143,50,216
137,50,211
142,55,215
137,54,216
155,54,216
143,49,214
145,55,214
146,50,216
