85,50,165
90,50,165
80,50,165
95,50,165
75,50,165
85,50,170
90,50,170
80,50,170
100,50,165
70,50,165
90,55,170
95,50,170
95,55,170
85,55,170
85,50,160
80,50,160
75,50,170
90,50,160
90,55,165
100,55,170
80,55,170
85,55,165
75,50,160
100,50,170
95,55,165
80,55,165
105,50,165
95,50,160
70,50,170
105,55,170
75,55,170
70,50,160
100,55,165
105,50,170
75,55,165
100,50,160
80,45,165
80,45,160
85,45,165
85,45,160
75,45,160
75,45,165
90,55,175
95,55,175
105,55,165
90,45,165
110,50,165
110,55,170
65,50,160
85,55,175
100,55,175
90,45,160
70,45,160
70,45,165
70,55,165
110,50,170
80,55,175
95,45,165
105,50,160
105,55,175
95,45,160
65,45,160
90,50,175
85,50,175
65,45,165
110,55,165
95,50,175
75,55,175
80,50,175
115,55,170
100,45,165
85,55,160
90,55,160
115,50,165
110,55,175
100,50,175
115,50,170
80,55,160
75,50,175
95,55,160
85,45,170
100,45,160
80,45,170
80,50,155
85,50,155
90,45,170
80,45,155
75,45,170
75,45,155
110,50,160
75,50,155
105,50,175
85,45,155
75,55,160
90,50,155
105,45,165
70,50,175
95,45,170
115,55,165
70,45,155
100,55,160
95,60,170
70,45,170
115,55,175
90,60,170
120,55,170
100,60,170
90,45,155
70,50,155
85,60,170
95,60,175
95,50,155
105,45,160
65,45,155
100,45,170
110,50,175
100,60,175
90,60,175
120,50,170
120,50,165
70,55,160
65,45,170
105,60,170
105,55,160
105,60,175
85,60,175
80,60,170
110,45,165
95,45,155
65,50,155
120,55,175
115,50,160
105,45,170
100,50,155
60,45,155
110,60,170
120,55,165
110,60,175
80,60,175
115,50,175
95,55,180
90,55,180
125,55,170
100,55,180
110,45,160
75,60,170
85,55,180
90,60,165
100,45,155
95,60,165
110,55,160
105,55,180
125,50,170
85,60,165
80,55,180
110,45,170
115,60,175
100,60,165
115,45,165
125,50,165
115,60,170
105,50,155
125,55,175
120,50,175
110,55,180
80,60,165
75,55,180
105,60,165
120,50,160
95,60,180
100,60,180
85,45,175
125,55,165
105,45,155
90,60,180
80,45,175
115,45,160
90,45,175
120,60,175
75,40,160
105,60,180
80,40,160
115,55,160
115,45,170
130,55,170
115,55,180
90,50,180
75,45,175
70,40,160
85,50,180
75,60,165
95,50,180
95,45,175
120,60,170
85,60,180
85,40,160
75,45,150
80,45,150
110,60,165
80,50,180
110,60,180
100,50,180
120,45,165
130,50,170
110,50,155
65,40,160
70,45,175
70,45,150
85,55,155
125,50,175
100,45,175
130,55,175
85,45,150
90,40,160
90,55,155
80,55,155
80,40,165
80,60,180
75,50,180
75,40,165
105,50,180
75,40,155
130,50,165
85,40,165
120,55,180
70,40,165
80,40,155
70,40,155
65,45,150
115,60,180
60,40,160
95,55,155
65,45,175
125,60,175
90,45,150
110,45,155
75,55,155
105,45,175
90,40,165
120,45,170
95,40,160
85,40,155
65,40,155
70,50,180
65,40,165
115,60,165
125,50,160
110,50,180
120,45,160
125,60,170
80,50,150
120,55,160
130,55,165
85,50,150
75,50,150
60,45,150
100,55,155
95,40,165
90,40,155
60,40,155
120,60,180
135,55,170
70,55,155
60,40,165
95,45,150
110,45,175
125,55,180
130,50,175
115,50,155
125,45,165
90,50,150
100,40,160
70,50,150
135,55,175
115,50,180
135,50,170
100,40,165
130,60,175
95,40,155
90,60,160
120,60,165
125,45,170
105,55,155
95,60,160
95,50,150
115,45,155
85,60,160
125,60,180
115,45,175
65,50,150
135,50,165
100,45,150
100,65,175
105,40,160
95,65,175
130,60,170
100,60,160
120,50,180
80,40,170
130,55,180
80,60,160
75,40,170
105,65,175
85,40,170
125,45,160
105,40,165
90,65,175
125,55,160
130,50,160
70,40,170
75,40,150
100,40,155
90,40,170
70,40,150
135,50,175
95,55,185
135,55,165
110,65,175
80,40,150
100,50,150
90,55,185
100,55,185
105,60,160
130,45,165
120,50,155
65,40,150
140,55,170
65,40,170
85,65,175
85,55,185
110,55,155
75,60,160
95,40,170
120,45,175
140,55,175
105,55,185
100,60,185
130,60,180
95,60,185
135,60,175
85,40,150
95,65,170
100,65,170
100,65,180
105,60,185
140,50,170
125,50,180
125,60,165
90,60,185
105,65,180
95,65,180
105,45,150
130,45,170
110,40,160
115,65,175
80,55,185
60,40,150
90,65,170
110,40,165
110,55,185
60,40,170
105,65,170
110,60,185
120,45,155
100,40,170
110,65,180
90,65,180
85,60,185
135,55,180
80,65,175
105,40,155
90,40,150
110,60,160
85,65,170
75,55,185
85,45,180
135,60,170
105,50,150
90,45,180
110,65,170
115,55,185
80,45,180
115,60,185
55,40,150
140,50,165
115,65,180
85,65,180
95,45,180
80,60,185
120,65,175
125,45,175
75,45,180
130,45,160
105,40,170
140,50,175
135,60,180
130,55,160
115,55,155
130,50,180
100,45,180
80,65,170
115,40,165
95,40,150
135,50,160
70,45,180
115,40,160
120,60,185
115,65,170
120,55,185
135,45,165
110,45,150
120,65,180
125,50,155
140,60,175
140,55,165
75,45,145
145,55,175
115,60,160
105,45,180
130,60,165
80,45,145
110,40,155
135,45,170
145,55,170
70,45,145
90,50,185
140,55,180
95,50,185
110,40,170
65,45,180
85,50,185
125,65,175
145,50,170
100,50,185
85,45,145
110,50,150
65,45,145
80,50,185
125,45,155
125,60,185
130,45,175
110,45,180
125,55,185
100,40,150
105,50,185
120,65,170
125,65,180
135,50,180
140,60,170
75,50,185
140,60,180
120,40,165
90,45,145
80,40,175
120,55,155
60,45,145
85,40,175
110,50,185
85,55,150
120,40,160
145,50,175
115,40,170
75,40,175
100,65,185
80,55,150
105,65,185
95,65,165
90,40,175
115,45,180
120,60,160
95,65,185
135,45,160
90,55,150
100,65,165
145,50,165
70,50,185
90,65,165
70,40,175
115,45,150
110,65,185
115,40,155
130,65,175
130,60,185
135,55,160
130,55,185
75,55,150
95,40,175
90,65,185
145,60,175
70,40,145
105,65,165
115,50,185
75,40,145
140,45,165
130,65,180
145,55,180
140,45,170
65,40,175
85,65,165
95,55,150
115,65,185
95,45,145
105,40,150
135,60,165
125,65,170
65,40,145
150,55,175
130,50,155
140,50,160
80,40,145
135,45,175
115,50,150
100,40,175
85,65,185
145,55,165
120,45,180
140,50,180
70,55,150
150,55,170
120,40,170
60,40,175
110,65,165
60,40,145
125,40,165
120,65,185
150,50,170
120,50,185
85,40,145
80,65,165
80,50,145
145,60,180
130,45,155
75,50,145
90,60,155
100,55,150
135,60,185
85,60,155
105,40,175
85,50,145
135,55,185
95,60,155
125,40,160
75,35,160
70,35,160
135,65,175
145,60,170
70,50,145
125,60,160
100,45,145
80,35,160
125,55,155
80,60,155
55,40,145
135,65,180
70,35,155
65,35,160
75,35,155
120,40,155
150,50,175
125,65,185
65,35,155
90,50,145
90,40,145
125,45,180
115,65,165
100,60,155
80,35,155
85,35,160
130,65,170
110,40,150
120,45,150
125,50,185
60,35,160
110,40,175
60,35,155
150,55,180
140,45,160
65,50,145
140,45,175
125,40,170
75,60,155
105,55,150
85,35,155
150,60,175
145,45,170
90,35,160
150,50,165
100,60,190
145,50,180
55,35,160
95,60,190
120,50,150
140,60,185
140,55,160
145,45,165
105,60,190
95,50,145
140,60,165
130,40,165
55,35,155
