101,126,104
102,127,105
100,125,103
101,126,103
101,126,105
101,127,104
101,125,104
102,127,104
102,127,106
100,125,102
100,125,104
100,126,103
102,126,105
103,128,106
99,124,102
102,128,105
100,124,103
101,127,105
101,125,103
100,126,104
102,126,104
103,127,106
101,127,103
99,125,102
100,126,102
102,128,106
103,128,105
103,128,107
99,124,101
99,124,103
101,125,105
100,124,102
102,126,106
102,128,104
99,125,103
103,127,105
100,124,104
103,129,106
99,123,102
99,125,101
104,129,107
98,123,101
103,127,107
101,126,102
101,126,106
103,129,107
104,128,107
99,123,101
98,124,101
102,127,103
102,127,107
100,125,101
100,125,105
103,129,105
101,127,106
104,129,106
104,129,108
98,123,100
98,123,102
100,126,105
99,123,103
104,128,106
100,127,103
98,124,102
101,128,104
102,125,105
101,125,102
102,128,107
101,124,104
102,126,103
100,127,104
101,127,102
98,124,100
101,128,105
104,128,108
100,126,101
103,128,104
103,128,108
104,130,107
99,124,100
99,124,104
98,122,101
99,125,104
102,125,104
99,126,102
103,126,106
100,124,101
101,124,103
102,129,105
102,128,103
100,123,103
101,125,106
99,126,103
103,127,104
100,127,102
101,128,103
102,129,106
102,126,107
104,130,108
103,126,105
105,130,108
98,122,100
97,122,100
99,125,100
105,129,108
103,129,108
100,123,102
104,130,106
100,124,105
102,125,106
97,123,100
101,124,105
98,122,102
99,126,101
102,129,104
104,127,107
99,123,100
103,127,108
98,125,101
105,130,107
105,130,109
105,129,107
103,126,107
97,122,99
97,122,101
103,129,104
98,124,103
103,130,106
100,127,105
101,128,106
104,129,105
104,129,109
97,123,101
98,123,99
98,123,103
104,127,106
98,125,102
99,122,102
100,123,104
104,128,105
105,129,109
103,130,107
97,123,99
99,123,104
99,126,104
98,124,99
99,122,101
102,129,107
98,125,100
105,131,108
97,121,100
102,125,103
103,130,105
101,124,102
104,130,109
104,127,108
101,127,107
104,128,109
101,126,101
101,126,107
100,126,106
100,127,101
101,128,102
103,126,104
105,128,108
105,131,109
102,127,108
102,127,102
100,125,100
100,125,106
98,122,99
97,121,99
102,128,108
99,122,103
100,123,101
104,130,105
105,131,107
106,130,109
97,124,100
106,131,109
105,128,107
98,125,103
99,126,100
97,121,101
104,131,107
99,125,105
102,129,103
103,130,108
96,121,99
97,123,102
101,127,101
101,125,101
98,121,101
97,124,101
105,130,106
105,130,110
105,129,106
96,122,99
100,126,100
102,126,102
98,122,103
104,131,108
97,122,98
97,122,102
103,128,109
103,128,103
99,124,105
99,124,99
106,130,108
104,127,105
100,128,103
102,128,102
98,121,100
100,124,100
106,131,108
106,131,110
102,125,107
103,129,109
100,128,104
101,129,104
97,123,98
101,124,106
105,128,109
97,124,99
96,122,100
96,121,98
96,121,100
106,130,110
101,129,105
104,131,106
103,127,103
99,122,100
99,127,102
100,127,106
99,125,99
105,129,110
101,128,107
102,124,105
96,122,98
103,126,108
98,125,99
99,127,103
103,130,104
103,125,106
102,124,104
101,125,107
101,123,104
98,124,104
105,131,110
100,123,105
102,126,108
98,121,102
102,130,105
100,128,102
103,125,105
99,126,105
101,123,103
106,129,109
102,129,108
103,129,103
102,130,106
99,123,99
101,129,103
97,124,102
100,124,106
97,121,98
106,132,109
96,120,99
104,129,104
104,129,110
104,131,109
98,123,104
98,123,98
99,127,101
105,131,106
100,128,105
98,126,101
106,129,108
103,127,109
104,126,107
105,128,106
104,127,109
100,122,103
104,128,104
101,129,106
98,126,102
96,123,99
106,132,110
98,124,98
104,130,110
104,126,106
105,132,108
96,120,98
100,122,102
99,127,104
102,130,104
97,121,102
97,120,100
96,123,100
106,130,107
106,132,108
99,122,104
96,122,101
102,124,106
105,132,109
98,125,104
107,131,110
98,121,99
100,127,100
96,120,100
101,128,101
99,123,105
106,131,107
106,131,111
103,130,109
102,125,102
103,125,107
106,129,110
103,131,106
97,124,98
101,123,105
101,124,101
102,130,107
96,121,97
96,121,101
97,120,99
98,126,100
103,131,107
104,131,105
107,132,110
96,123,98
96,122,97
97,123,103
104,130,104
98,122,98
105,132,107
104,128,110
99,126,99
103,126,103
95,120,98
107,131,109
106,130,111
95,121,98
102,124,103
102,129,102
105,127,108
98,126,103
99,121,102
100,123,100
103,125,104
100,128,101
104,126,108
105,127,107
101,127,108
97,125,100
101,123,102
105,128,110
107,131,111
100,122,104
107,132,109
107,132,111
97,120,101
100,126,107
101,129,102
105,130,105
105,130,111
99,121,101
97,125,101
103,131,105
95,121,99
97,122,97
97,122,103
105,129,105
95,120,97
95,120,99
99,127,100
106,132,111
96,123,101
102,128,109
106,129,107
97,123,97
95,121,97
105,132,110
107,130,110
101,126,108
102,126,101
103,131,108
104,127,104
98,121,103
98,122,104
104,126,105
100,128,106
98,125,98
105,131,111
97,124,103
99,125,106
96,120,97
100,122,101
102,127,109
103,127,102
101,125,100
100,125,107
102,130,103
103,130,103
101,129,107
104,131,110
97,125,99
107,130,109
106,132,107
99,122,99
104,132,107
99,127,105
102,127,101
100,127,107
105,127,109
104,132,108
101,128,108
101,126,100
105,129,111
97,120,98
107,133,110
98,126,99
95,119,98
97,125,102
99,121,103
103,129,110
95,122,98
96,120,101
106,128,109
102,125,108
96,123,97
106,133,109
101,124,107
102,130,108
103,128,102
104,128,103
103,128,110
105,132,106
102,125,101
100,124,99
99,124,106
96,119,99
105,131,105
97,121,97
107,131,108
98,120,101
107,130,111
103,126,102
106,128,108
99,126,106
95,122,99
107,133,111
102,129,109
106,133,110
95,121,100
95,119,97
96,122,102
103,126,109
105,127,106
98,120,100
100,125,99
106,129,111
98,124,105
104,132,106
96,119,98
101,124,100
105,128,105
107,132,108
107,132,112
107,133,109
98,126,104
99,121,100
96,124,99
103,131,104
100,123,106
102,124,107
95,119,99
96,124,100
95,122,97
108,132,111
95,120,96
95,120,100
104,127,103
107,131,112
106,133,108
97,124,97
106,130,106
104,132,109
103,125,108
95,121,96
101,123,106
106,131,112
106,131,106
100,129,103
104,131,104
100,129,104
104,129,103
96,121,96
96,121,102
98,121,98
97,121,103
96,119,100
99,128,102
101,130,104
96,122,96
108,133,111
97,120,102
99,128,103
101,130,105
98,125,105
104,127,110
103,131,109
108,132,110
104,130,111
97,125,98
107,130,108
105,129,104
104,129,111
103,130,110
106,128,110
98,123,105
99,123,98
96,123,102
101,125,108
100,128,100
100,123,99
96,124,98
105,132,111
102,126,109
99,124,98
101,129,101
104,126,109
98,120,102
94,120,97
95,122,100
108,132,112
94,119,97
106,133,111
100,122,105
99,122,105
106,132,112
101,127,100
99,127,99
102,124,102
102,128,101
100,124,107
105,133,108
106,130,112
105,128,104
108,133,110
108,133,112
96,124,101
107,133,112
100,129,102
108,131,111
100,129,105
105,133,109
97,125,103
103,125,103
94,120,98
98,127,101
102,123,105
102,131,105
106,128,107
98,127,102
103,124,106
102,131,106
101,123,101
102,123,104
107,129,110
103,124,105
103,127,110
97,123,104
99,128,101
101,130,103
99,128,104
101,130,106
102,130,102
94,119,96
94,119,98
95,119,96
98,120,99
108,131,110
100,126,99
94,120,96
107,129,109
104,132,105
103,129,102
96,119,97
106,129,106
97,119,100
100,128,107
105,130,104
107,133,108
101,122,104
101,122,103
104,125,107
101,129,108
106,132,106
96,120,96
