153,73,94
153,73,95
153,73,93
153,73,96
153,73,92
154,73,94
152,73,94
154,74,95
152,72,93
154,73,95
152,73,93
154,74,96
154,74,94
152,72,94
152,72,92
154,73,93
152,73,95
154,73,96
152,73,92
153,73,97
153,73,91
153,72,93
153,74,95
154,74,97
154,74,93
152,72,95
152,72,91
153,72,94
153,74,94
154,73,92
152,73,96
153,72,92
153,74,96
153,72,95
153,74,93
154,73,97
152,73,91
155,74,95
151,72,93
155,74,96
151,72,92
153,72,91
153,74,97
154,74,98
154,74,92
152,72,96
152,72,90
155,74,94
151,72,94
153,73,98
153,73,90
154,73,91
152,73,97
155,74,97
153,72,96
151,72,91
153,74,92
155,74,93
154,73,98
151,72,95
152,73,90
153,72,90
153,74,98
155,74,98
151,72,90
154,74,99
154,74,91
152,72,97
152,72,89
155,73,95
155,73,94
153,72,97
154,73,90
151,73,93
151,73,94
153,74,91
152,73,98
155,74,92
155,75,96
154,72,94
155,73,96
153,73,99
153,73,89
154,72,93
151,72,96
155,73,93
151,71,92
152,74,94
152,74,95
155,75,97
155,75,95
151,73,92
151,73,95
154,75,96
151,71,93
151,71,91
154,75,95
152,71,92
154,72,95
154,72,92
152,71,93
153,72,89
152,74,93
154,73,99
154,75,97
152,74,96
155,74,99
152,71,91
153,74,99
151,72,89
155,75,98
155,75,94
155,73,97
152,73,89
155,73,92
154,75,94
151,71,94
151,71,90
152,71,94
151,73,91
151,73,96
154,72,96
154,72,91
154,74,100
154,74,90
152,72,98
152,72,88
154,75,98
152,71,90
153,72,98
152,74,92
155,74,91
152,74,97
154,73,89
151,72,97
153,74,90
155,75,99
155,75,93
154,75,93
156,74,96
156,74,95
152,71,95
150,72,92
150,72,93
152,73,99
151,71,95
151,71,89
155,73,98
155,73,91
156,75,96
150,71,92
156,75,97
156,74,97
150,71,91
156,74,94
153,73,100
153,73,88
151,73,90
150,72,91
155,74,100
154,72,97
150,72,94
151,73,97
156,75,95
154,72,90
150,71,93
153,72,88
154,75,99
152,71,89
151,72,88
154,73,100
156,75,98
152,74,91
153,74,100
150,71,90
152,74,98
156,74,98
152,73,88
153,71,93
153,75,95
153,71,92
153,75,96
156,74,93
156,75,94
150,72,90
152,71,96
154,75,92
150,71,94
150,72,95
155,75,100
155,75,92
155,74,90
151,71,96
151,71,88
153,71,94
153,71,91
153,75,94
153,75,97
153,72,99
155,73,99
154,74,101
154,74,89
156,75,99
152,72,99
152,72,87
155,73,90
151,72,98
150,71,89
153,74,89
154,72,98
154,73,88
154,72,89
152,71,88
151,73,89
154,75,100
151,73,98
156,74,99
153,71,95
156,75,93
153,71,90
156,74,92
153,75,93
152,73,100
153,75,98
150,71,95
155,74,101
152,74,90
150,72,89
152,74,99
150,72,96
151,72,87
153,72,87
152,71,97
156,75,100
153,73,101
153,73,87
154,75,91
150,71,88
155,75,101
155,75,91
154,73,101
153,74,101
151,71,97
151,71,87
155,72,94
153,71,96
153,71,89
156,73,95
155,72,93
155,73,100
156,73,94
155,73,89
153,75,92
155,72,95
152,73,87
153,75,99
155,74,89
156,73,96
156,75,92
156,74,100
151,74,94
150,73,93
156,74,91
154,72,99
151,74,95
150,73,94
152,71,87
155,72,92
154,72,88
150,71,96
153,72,100
156,73,93
151,74,93
155,76,97
151,72,99
150,73,92
154,75,101
150,72,88
155,76,96
151,73,88
156,76,97
154,74,102
154,74,88
152,72,100
152,72,86
150,72,97
155,72,96
151,73,99
156,73,97
155,76,98
156,76,98
156,76,96
151,74,96
150,73,95
153,74,88
151,70,91
152,74,89
156,75,101
157,75,97
151,70,92
149,71,91
157,75,96
149,71,92
150,70,91
154,73,87
155,76,95
152,74,100
155,72,91
151,70,90
151,74,92
150,70,92
150,70,90
150,73,91
150,71,87
153,71,97
155,74,102
156,73,92
152,71,98
157,75,98
153,71,88
157,75,95
149,71,90
156,76,99
156,76,95
149,71,93
151,70,93
155,76,99
154,75,90
152,73,101
155,72,97
153,75,91
155,75,102
155,75,90
151,72,86
156,73,98
153,75,100
150,70,93
150,70,89
151,74,97
151,71,98
151,71,86
150,73,96
153,72,86
151,70,89
156,75,91
155,76,94
156,74,101
157,75,99
156,74,90
155,73,101
157,75,94
154,71,93
149,71,89
155,73,88
149,71,94
150,71,97
154,71,92
151,70,94
151,74,91
153,74,102
153,73,102
153,73,86
150,73,90
155,72,90
154,73,102
156,76,100
156,76,94
157,74,96
154,71,94
156,73,91
154,72,100
152,75,95
152,71,86
157,74,95
155,76,100
154,72,87
149,72,92
150,72,87
152,75,96
154,76,96
155,74,88
154,76,97
157,74,97
150,72,98
149,72,93
150,70,94
150,70,88
154,71,91
154,75,102
152,75,94
149,72,91
151,70,88
156,75,102
152,73,86
152,70,92
152,70,91
155,72,98
157,74,94
151,73,87
154,76,95
154,71,95
156,73,99
154,76,98
157,76,97
153,71,98
151,73,100
152,75,97
153,72,101
151,74,98
157,75,100
151,72,100
150,73,97
157,76,98
153,71,87
157,75,93
155,76,93
149,72,94
157,74,98
150,71,86
152,70,93
149,70,91
152,70,90
157,76,96
152,74,88
149,71,88
149,70,90
149,71,95
152,75,93
152,74,101
151,70,95
154,74,103
154,74,87
152,72,101
152,72,85
154,71,90
149,72,90
149,70,92
157,76,99
153,75,90
152,71,99
156,76,101
156,76,93
153,74,87
153,75,101
157,74,93
154,76,94
151,74,90
150,73,89
154,76,99
155,72,89
149,70,89
154,73,86
156,73,90
155,74,103
154,75,89
154,71,96
157,76,95
152,70,94
155,76,101
152,70,89
150,70,95
150,70,87
152,75,98
156,75,90
156,74,102
149,72,95
155,75,103
155,75,89
157,74,99
156,74,89
151,70,87
151,71,99
151,71,85
149,70,93
157,76,100
150,71,98
151,72,85
152,73,102
157,75,101
152,75,92
155,72,99
155,73,102
157,75,92
149,72,89
153,72,85
154,71,89
156,73,100
149,70,88
155,73,87
155,76,92
151,74,99
150,73,98
157,74,92
149,71,87
150,72,86
154,72,101
154,76,93
152,71,85
157,76,94
149,71,96
151,70,96
154,76,100
152,70,95
150,72,99
154,72,86
152,70,88
156,75,103
153,71,99
154,71,97
153,74,103
153,71,86
149,70,94
154,75,103
156,76,102
156,76,92
152,75,99
154,73,103
149,72,96
155,74,87
157,74,100
153,73,103
153,73,85
157,76,101
150,71,85
155,72,88
150,70,96
150,70,86
151,74,89
151,73,86
150,73,88
156,73,89
155,76,102
151,73,101
149,70,87
153,75,89
151,70,86
152,75,91
152,74,87
152,73,85
153,75,102
151,72,101
153,72,102
149,72,88
154,71,88
152,74,102
152,71,100
157,75,102
157,76,93
157,74,91
157,75,91
152,70,96
156,75,89
154,76,92
152,70,87
155,72,100
156,74,103
154,76,101
156,73,101
154,74,104
154,74,86
152,72,102
152,72,84
154,75,88
156,74,88
149,70,95
156,72,94
155,76,91
153,74,86
149,71,86
154,71,98
151,70,97
153,70,92
153,76,96
155,75,104
155,75,88
155,74,104
156,72,95
156,72,93
149,71,97
151,74,100
150,73,99
153,70,91
151,71,100
151,71,84
153,76,97
150,71,99
154,73,85
152,75,100
157,74,101
157,76,102
153,70,93
158,75,97
149,72,97
153,76,95
148,71,91
158,75,96
157,73,95
148,71,92
156,76,103
156,76,91
