211,212,178
212,213,179
210,211,177
211,212,177
211,212,179
210,212,178
212,212,178
212,213,178
210,211,178
211,213,179
213,213,179
209,211,177
211,211,177
210,212,177
212,213,180
210,211,176
212,212,177
212,212,179
210,212,179
211,213,178
213,213,178
211,211,178
209,211,178
213,214,180
209,210,176
209,211,176
213,213,180
211,211,176
213,214,179
209,210,177
211,213,180
212,214,180
214,214,180
208,210,176
210,210,176
211,212,180
210,211,179
212,214,179
214,214,179
210,210,177
209,212,178
212,211,178
208,210,177
213,214,181
209,210,175
209,212,177
210,213,179
213,212,179
208,211,177
211,210,177
212,212,180
211,211,179
212,211,177
212,213,181
210,213,178
210,212,180
212,211,179
209,211,179
208,210,175
213,214,178
214,214,181
213,212,178
210,210,175
209,210,178
212,214,181
209,212,179
211,210,178
208,211,176
208,211,178
211,210,176
212,214,178
213,213,181
214,215,181
208,209,175
213,212,180
214,215,180
208,209,176
214,214,178
211,213,181
210,210,178
210,213,180
208,210,178
211,214,179
211,214,180
214,213,180
207,210,176
210,209,176
214,213,179
213,215,180
213,215,181
215,215,181
207,209,175
209,209,175
215,215,180
209,209,176
210,209,177
207,209,176
207,210,177
213,214,182
214,215,182
214,215,179
208,209,174
207,210,175
212,211,180
208,209,177
211,210,179
210,209,175
210,211,180
214,213,181
211,212,181
214,214,182
211,214,178
209,212,180
211,214,181
208,211,179
213,215,179
212,214,182
215,215,182
207,209,174
215,215,179
209,209,174
213,215,182
214,213,178
209,209,177
208,212,178
212,210,178
213,212,181
211,211,180
207,209,177
208,212,177
212,212,181
209,210,179
210,209,178
212,210,177
209,211,180
209,213,178
209,213,179
213,211,179
207,211,177
211,209,177
212,215,180
210,213,181
210,212,181
212,213,182
215,214,180
213,211,178
212,215,181
215,214,181
206,209,175
209,208,175
207,210,178
209,208,176
207,211,176
212,210,179
210,210,179
215,216,181
207,208,175
206,209,176
211,209,176
215,216,182
207,208,174
211,209,178
208,212,179
208,210,179
213,213,182
207,211,178
212,215,179
211,213,182
213,211,180
214,216,181
214,215,183
210,214,179
216,216,181
208,208,175
206,208,175
206,209,174
214,216,182
216,216,182
209,213,180
215,214,179
206,208,174
208,208,174
214,212,179
210,214,180
214,212,180
206,210,176
210,208,176
214,213,182
209,208,174
208,209,178
215,214,182
215,216,180
207,208,176
212,215,182
209,208,177
211,214,182
215,215,183
210,208,177
206,210,175
213,215,183
211,210,180
213,214,183
215,216,183
214,216,180
212,211,181
206,210,177
206,209,177
209,209,178
207,208,173
210,214,178
210,208,175
216,216,180
208,208,176
207,209,178
206,208,176
208,211,180
214,212,178
212,210,180
214,212,181
211,209,179
209,212,181
214,214,183
216,216,183
206,208,173
210,209,179
214,216,183
208,208,173
210,214,181
212,214,183
213,216,181
213,212,182
216,215,181
208,212,180
211,215,180
207,211,179
210,211,181
208,207,175
207,210,179
213,216,182
216,215,182
205,208,174
208,207,174
215,213,180
213,211,181
205,208,175
211,212,182
211,215,181
215,213,181
205,209,175
209,207,175
210,208,178
210,213,182
213,216,180
209,210,180
209,207,176
211,211,181
209,213,181
211,215,179
215,214,183
207,208,177
216,215,180
205,209,176
206,210,178
207,212,177
212,212,182
207,212,178
212,209,178
209,211,181
216,217,182
206,207,174
212,215,183
208,213,178
205,209,174
215,213,179
209,208,178
212,209,177
208,207,176
210,210,180
210,212,182
215,216,184
205,208,173
209,207,174
212,213,183
216,217,183
208,208,177
213,210,178
206,207,173
208,213,179
213,210,179
206,211,177
211,208,177
214,215,184
208,207,173
216,215,183
206,211,176
205,208,176
215,217,182
208,210,180
214,213,183
206,208,177
213,216,183
217,217,182
207,207,174
206,209,178
215,213,182
205,207,174
214,212,182
211,208,176
216,217,181
206,207,175
216,216,184
211,215,182
213,213,183
207,212,176
215,217,183
217,217,183
208,209,179
208,213,177
205,207,173
207,207,173
212,209,179
215,215,184
209,207,177
214,216,184
211,214,183
209,214,179
210,214,182
211,208,178
215,217,181
213,215,184
211,213,183
207,212,179
217,217,181
214,211,179
211,209,180
207,207,175
205,209,177
212,210,181
206,211,178
209,209,179
213,210,180
209,214,180
214,211,180
205,210,176
210,207,176
205,207,175
212,216,181
206,211,175
216,217,184
211,210,181
209,214,178
216,214,181
205,210,175
208,213,180
207,209,179
212,211,182
210,207,175
210,208,179
213,214,184
212,216,180
212,216,182
216,214,182
204,208,174
208,206,174
207,211,180
214,217,182
210,207,177
208,206,175
208,212,181
214,211,178
217,217,184
210,209,180
217,216,182
208,207,177
215,217,184
213,211,182
204,208,175
207,206,174
208,211,181
205,210,177
216,214,180
204,207,174
214,214,184
214,217,183
217,216,183
209,212,182
204,207,173
207,206,173
214,217,181
206,207,176
216,215,184
206,210,179
205,208,177
210,215,180
214,211,181
208,213,176
217,216,181
215,214,184
215,213,183
213,212,183
207,210,180
207,208,178
212,214,184
204,208,173
212,209,180
213,216,184
207,212,175
209,213,182
215,212,180
211,208,179
209,214,181
208,206,173
205,210,174
207,206,175
210,215,179
207,207,176
208,206,176
211,215,183
212,215,184
210,215,181
215,212,181
204,209,175
209,206,175
209,207,178
209,214,177
216,214,183
215,216,185
208,208,178
209,208,179
205,207,176
204,207,175
210,213,183
207,212,180
212,216,183
206,211,179
213,210,181
215,212,179
210,211,182
204,208,176
206,208,178
204,209,174
209,206,176
210,207,178
214,212,183
206,211,174
216,217,185
217,216,184
217,218,183
205,206,173
216,216,185
209,206,174
211,212,183
214,217,184
204,209,176
209,210,181
205,209,178
206,209,179
214,216,185
208,213,181
211,211,182
205,210,178
217,218,184
214,215,185
216,218,183
217,217,185
205,206,172
217,218,182
218,218,183
206,206,173
210,214,183
214,213,184
205,206,174
212,212,183
204,206,173
215,217,185
210,210,181
206,212,177
209,211,182
213,217,182
210,215,178
215,212,182
207,213,178
217,215,182
216,218,182
212,208,177
215,215,185
216,218,184
218,218,184
204,206,172
206,206,172
210,212,183
210,215,182
218,218,182
213,217,181
214,211,182
206,212,178
212,208,178
208,210,181
207,206,176
211,209,181
206,206,174
212,213,184
213,209,178
205,211,176
211,216,181
208,209,180
211,214,184
204,206,174
207,205,174
213,215,185
204,209,173
206,212,176
212,210,182
209,206,177
207,213,177
213,217,183
217,215,183
217,215,181
203,207,173
207,205,173
208,207,178
207,213,179
213,209,179
205,211,177
211,207,177
216,213,181
211,216,180
211,207,176
203,207,174
208,206,177
205,210,173
204,207,176
206,207,177
210,208,180
209,214,182
213,213,184
209,209,180
216,214,184
208,214,179
217,218,185
216,215,185
204,209,177
216,213,180
211,208,180
211,216,182
216,213,182
203,208,174
208,205,174
215,218,183
212,209,181
205,211,175
214,210,179
205,208,178
215,213,184
211,213,184
208,214,178
207,211,181
218,217,183
207,207,177
207,209,180
212,216,184
204,208,177
208,205,175
205,206,175
212,208,179
207,205,175
206,205,173
213,211,183
217,216,185
211,210,182
208,212,182
213,216,185
215,218,182
218,218,185
203,206,173
204,210,175
211,207,178
216,218,185
205,207,177
203,208,175
208,214,180
214,210,180
204,210,176
210,206,176
203,208,173
214,217,185
210,207,179
218,217,182
206,212,179
206,210,180
215,218,184
218,217,184
212,211,183
210,209,181
203,206,172
206,205,172
214,210,178
203,207,175
210,206,175
213,209,180
