154,73,198
153,73,198
155,73,198
152,73,198
156,73,198
151,73,198
157,73,198
155,73,199
153,73,197
154,73,199
154,73,197
156,73,199
152,73,197
153,73,199
155,73,197
155,74,199
153,72,197
154,72,198
154,74,198
153,72,198
155,74,198
154,74,199
156,74,199
152,72,197
154,72,197
150,73,198
158,73,198
157,73,199
155,72,198
153,74,198
151,73,197
152,72,198
156,74,198
152,73,199
156,73,197
153,74,199
157,74,199
151,72,197
155,72,197
156,72,198
152,74,198
151,72,198
157,74,198
158,73,199
150,73,197
152,74,199
158,74,199
150,72,197
156,72,197
151,73,199
157,73,197
149,73,198
159,73,198
157,72,198
151,74,198
150,72,198
158,74,198
159,73,199
149,73,197
151,74,199
159,74,199
149,72,197
157,72,197
150,73,199
158,73,197
158,72,198
150,74,198
154,72,199
149,72,198
156,74,200
152,72,196
155,72,199
154,74,197
155,74,200
148,73,198
160,73,198
153,72,196
159,74,198
153,74,197
153,72,199
157,74,200
151,72,196
155,74,197
156,72,199
154,74,200
154,72,196
160,73,199
152,74,197
150,74,199
160,74,199
148,72,197
158,72,197
148,73,197
152,72,199
158,74,200
150,72,196
156,74,197
149,73,199
155,73,200
157,72,199
153,74,200
159,72,198
153,73,196
156,73,200
155,72,196
159,73,197
152,73,196
151,74,197
149,74,198
154,73,200
154,73,196
157,73,200
151,73,196
148,72,198
151,72,199
155,75,199
159,74,200
160,74,198
156,75,199
157,74,197
149,72,196
153,71,197
153,73,200
152,71,197
155,73,196
154,75,199
158,72,199
152,74,200
147,73,198
161,73,198
154,71,197
156,72,196
157,75,199
158,73,200
151,71,197
150,74,197
150,73,196
161,73,199
149,74,199
161,74,199
147,72,197
159,72,197
147,73,197
153,75,199
155,71,197
152,73,200
150,72,199
158,75,199
156,73,196
160,72,198
148,73,199
150,71,197
160,74,200
148,72,196
158,74,197
148,74,198
160,73,197
159,73,200
159,72,199
149,73,196
151,74,200
156,75,200
153,71,198
155,75,198
157,72,196
147,72,198
152,75,199
154,71,198
154,75,198
152,71,196
155,75,200
157,75,200
156,71,197
149,74,197
151,71,196
153,71,196
152,71,198
156,75,198
161,74,198
159,75,199
151,73,200
155,71,198
149,71,197
153,75,198
154,75,200
158,75,200
157,73,196
150,71,196
154,71,196
149,72,199
151,71,198
157,75,198
148,74,199
162,74,199
146,72,197
160,72,197
160,73,200
161,74,200
162,73,199
146,73,198
162,73,198
156,71,198
147,72,196
159,74,197
152,75,198
148,73,196
146,73,197
151,75,199
157,71,197
153,75,200
159,75,200
160,72,199
149,71,196
155,71,196
150,74,200
161,72,198
150,71,198
158,72,196
147,73,199
160,75,199
148,71,197
158,75,198
147,74,198
148,74,197
150,73,200
161,73,197
157,71,198
158,73,196
151,75,198
146,72,198
152,75,200
160,75,200
148,72,199
161,73,200
162,74,198
148,71,196
156,71,196
149,71,198
162,74,200
158,71,197
150,75,199
147,73,196
159,75,198
146,72,196
160,74,197
155,72,200
154,72,200
156,74,201
152,72,195
156,72,200
147,74,199
163,74,199
145,72,197
161,72,197
157,74,201
151,72,195
147,71,197
161,72,199
153,74,196
158,71,198
161,75,199
149,74,200
163,73,199
155,74,201
154,74,196
153,72,195
152,74,196
150,75,198
159,72,196
149,73,200
153,72,200
158,74,201
145,73,198
163,73,198
150,72,195
157,72,200
145,73,197
151,75,200
161,75,200
147,74,197
155,74,196
147,71,196
157,71,196
162,72,198
154,74,201
151,74,196
154,72,195
159,73,196
146,73,199
148,71,198
159,74,201
146,74,198
152,72,200
149,72,195
162,73,200
158,72,200
160,75,198
162,73,197
147,72,199
159,71,197
149,75,199
156,74,196
145,72,198
154,71,199
153,74,201
150,74,196
163,74,200
159,71,198
146,73,196
157,75,201
153,71,199
155,72,195
156,75,201
155,71,199
151,71,195
154,75,197
152,71,195
163,74,198
145,72,196
146,71,197
161,74,197
158,75,201
155,75,197
149,75,198
153,75,197
160,74,201
162,75,199
150,71,195
155,75,201
151,72,200
152,71,199
148,72,195
156,71,199
153,71,195
159,72,200
162,72,199
150,75,200
162,75,200
148,74,200
148,73,200
156,75,197
146,71,196
158,71,196
152,75,197
159,75,201
156,73,201
160,72,196
157,74,196
149,71,195
146,74,199
164,74,199
144,72,197
162,72,197
155,73,201
147,71,198
154,75,201
152,74,201
157,73,201
152,73,195
149,74,196
151,71,199
164,73,199
154,71,195
153,73,195
156,72,195
146,74,197
151,73,195
157,71,199
160,73,196
161,75,198
154,73,201
158,73,201
157,75,197
161,74,201
144,73,197
163,73,200
151,75,197
154,73,195
144,73,198
164,73,198
160,75,201
150,72,200
150,73,195
160,71,197
163,72,198
147,72,195
160,71,198
148,71,195
148,75,199
160,72,200
146,72,199
153,75,201
145,73,199
153,73,201
150,71,199
155,71,195
145,74,198
159,73,201
148,75,198
145,73,196
158,71,199
164,74,200
158,74,196
145,71,197
155,73,195
151,74,201
163,73,197
148,74,196
149,73,195
163,75,199
144,72,198
149,75,200
163,75,200
158,75,197
144,72,196
156,76,200
162,74,197
145,71,196
159,71,196
157,72,195
157,76,200
156,76,199
150,75,197
155,76,199
161,75,201
155,76,200
163,72,199
157,76,199
147,73,200
147,71,195
164,74,198
146,71,198
152,70,197
147,74,200
158,76,200
153,70,197
162,74,201
152,70,196
152,73,201
151,70,196
154,76,199
152,75,201
160,73,201
151,70,197
149,72,200
153,70,196
161,72,196
146,72,195
156,71,195
149,71,199
154,70,197
161,72,200
154,76,200
150,70,196
156,73,195
162,75,198
158,76,199
159,71,199
148,73,195
161,73,196
159,76,200
145,74,197
150,70,197
145,74,199
165,74,199
143,72,197
163,72,197
153,76,199
161,71,198
154,70,196
159,75,197
164,73,200
161,71,197
159,74,196
165,73,199
155,70,197
150,74,201
149,70,196
149,75,197
162,75,201
147,74,196
147,75,199
153,76,200
151,73,201
159,76,199
147,75,198
146,71,195
158,72,195
145,72,199
161,73,201
143,73,197
149,70,197
164,72,198
160,76,200
151,75,201
155,70,196
144,73,196
144,71,197
143,73,198
165,73,198
148,75,200
164,75,200
152,76,199
163,74,201
157,73,195
165,74,200
144,71,196
160,71,196
148,71,199
157,71,195
144,73,199
156,70,197
164,75,199
148,70,196
147,73,195
148,72,200
144,74,198
160,71,199
145,71,198
145,72,195
143,72,196
162,72,200
163,74,197
164,73,197
152,76,200
143,72,198
146,73,200
160,76,199
164,72,199
148,70,197
160,75,197
146,74,200
157,76,201
156,70,196
163,75,198
148,75,197
161,76,200
150,73,201
163,75,201
156,76,201
158,76,201
153,70,198
155,76,198
160,74,196
165,74,198
149,74,201
151,76,199
162,73,201
152,70,198
156,76,198
154,70,198
162,72,196
154,76,198
157,70,197
145,71,195
162,71,198
147,70,196
151,70,195
146,74,196
155,76,201
159,76,201
162,73,196
150,70,195
152,70,195
150,75,201
151,70,198
159,72,195
158,73,195
144,74,197
157,76,198
155,70,198
162,71,197
165,73,200
153,76,198
147,71,199
146,73,195
158,71,195
149,70,195
153,70,195
144,74,199
166,74,199
146,75,199
142,72,197
164,72,197
164,74,201
146,75,198
151,76,200
161,71,199
161,76,199
147,70,197
154,76,201
160,76,201
147,72,200
150,70,198
166,73,199
157,70,196
144,72,199
147,75,200
165,75,200
156,70,198
