156,92,142
156,92,143
156,92,141
157,93,143
155,91,141
156,92,144
156,92,140
157,93,144
157,93,142
155,91,140
155,91,142
157,92,143
155,92,141
157,92,142
155,92,142
157,92,144
155,92,140
156,91,142
156,93,142
156,91,141
156,93,143
157,93,145
157,93,141
155,91,139
155,91,143
157,92,141
156,91,143
156,93,141
155,92,143
156,92,145
156,92,139
157,92,145
156,91,140
158,93,144
154,91,140
156,93,144
155,92,139
158,93,143
154,91,141
158,93,145
154,91,139
156,91,144
156,93,140
157,92,140
157,93,146
157,93,140
155,91,138
155,91,144
158,93,142
155,92,144
154,91,142
158,94,144
154,90,140
156,91,139
158,93,146
156,93,145
158,94,145
158,94,143
157,94,143
154,90,141
154,90,139
154,91,138
157,92,146
155,90,141
157,94,144
155,90,140
155,92,138
157,94,142
155,90,142
156,92,138
156,91,145
156,93,139
158,93,141
158,94,146
158,94,142
154,91,143
154,90,138
154,90,142
157,94,145
158,92,144
155,90,139
157,91,143
158,92,143
157,91,142
154,92,140
155,93,141
154,92,141
155,93,142
157,92,139
158,92,145
157,94,141
155,90,143
157,93,139
155,91,137
158,93,147
157,91,144
158,92,142
157,91,141
156,91,138
154,92,139
154,91,137
155,93,140
154,92,142
155,93,143
159,94,145
153,90,139
159,94,144
153,90,140
155,90,138
158,94,147
158,94,141
157,94,146
159,94,146
154,90,137
154,90,143
153,90,138
155,92,137
158,92,146
157,91,145
158,93,140
158,92,141
157,91,140
159,94,143
153,90,141
159,93,145
154,92,138
155,93,139
159,93,144
153,91,139
156,90,142
156,93,138
156,94,142
153,91,140
155,90,144
156,90,141
156,94,143
154,92,143
155,93,144
157,94,140
156,92,137
159,94,147
159,93,146
153,90,137
159,93,143
156,90,143
153,91,138
156,94,141
157,92,138
156,90,140
153,91,141
156,94,144
154,91,136
159,94,142
156,91,137
157,93,138
155,91,136
155,90,137
158,95,144
153,90,142
158,94,140
158,92,140
159,95,145
154,90,136
158,95,145
157,91,139
159,93,147
154,89,140
156,90,144
153,89,139
159,93,142
158,95,143
159,95,146
159,95,144
154,89,139
154,92,137
155,93,138
156,90,139
153,91,137
156,94,140
159,94,148
153,89,140
153,89,138
154,89,141
153,91,142
156,94,145
158,93,139
153,90,136
158,95,146
155,92,136
157,94,139
154,89,138
159,95,147
159,95,143
158,95,142
153,89,137
153,89,141
156,93,137
154,89,142
159,94,141
159,93,141
156,92,136
156,90,138
158,95,147
155,90,136
153,91,136
157,92,137
156,94,139
158,92,139
157,91,138
154,89,137
160,94,146
157,95,143
158,91,143
152,90,138
160,94,145
157,95,144
154,91,135
152,90,139
158,91,144
158,94,139
155,89,141
155,89,140
159,95,142
159,95,148
154,90,135
156,91,136
160,95,146
154,92,136
154,93,141
155,93,137
159,92,144
158,91,142
153,89,136
153,89,142
152,89,138
160,94,147
159,92,145
154,93,140
153,90,135
157,95,142
160,95,145
157,93,137
155,91,135
152,90,137
160,94,144
158,95,141
152,89,139
157,95,145
158,91,145
152,90,140
154,89,143
155,89,142
160,95,147
155,89,139
153,92,140
159,92,143
152,89,137
154,93,142
153,92,139
159,92,146
154,93,139
158,93,138
160,95,144
153,92,141
158,91,141
152,89,140
157,94,138
157,90,142
160,94,148
157,90,143
159,94,140
153,92,138
160,94,143
157,95,141
160,95,148
159,93,140
152,90,136
155,89,143
154,89,136
155,94,142
158,91,146
159,92,142
156,90,137
155,94,141
152,89,136
157,95,146
157,90,141
155,89,138
152,90,141
155,92,135
154,93,143
157,90,144
159,92,147
153,91,135
156,94,138
159,95,141
155,94,143
153,89,135
156,93,136
160,95,143
153,92,142
154,93,138
158,92,138
155,94,140
157,91,137
155,90,135
152,89,141
158,95,140
160,93,145
160,93,146
158,91,140
157,90,140
153,92,137
152,91,139
152,91,138
160,93,144
160,95,149
157,90,145
153,90,134
159,92,141
157,92,136
160,94,142
156,92,135
158,94,138
154,91,134
154,92,135
154,90,134
155,93,136
160,93,147
155,94,144
159,96,145
152,89,135
157,95,140
152,90,135
155,89,137
152,91,140
159,96,146
156,91,135
159,96,144
152,91,137
155,94,139
160,96,146
153,88,139
154,89,135
160,93,143
157,93,136
155,91,134
153,88,138
160,95,142
157,90,139
159,96,147
160,96,147
160,96,145
159,93,139
159,94,139
153,88,140
154,93,137
156,90,136
160,93,148
152,88,138
158,93,137
157,94,137
152,91,141
159,95,140
158,91,139
152,88,139
152,88,137
159,96,143
156,89,141
156,95,143
153,88,137
153,92,136
156,89,142
153,89,134
156,95,142
153,91,134
156,94,137
160,96,144
160,96,148
152,91,136
159,92,140
156,89,140
158,96,144
158,96,145
156,95,144
153,88,141
160,94,141
158,95,139
161,95,147
151,89,137
161,95,146
156,89,143
151,89,138
160,93,142
152,89,134
159,96,148
152,88,136
152,88,140
155,89,136
156,95,141
158,92,137
157,91,136
157,95,139
152,90,134
155,94,138
155,92,134
158,96,143
161,95,148
158,96,146
154,88,140
154,88,139
151,89,136
161,95,145
155,90,134
153,88,136
151,89,139
156,89,139
157,90,138
156,93,135
159,96,142
154,88,141
156,95,145
153,90,133
160,96,143
160,96,149
160,95,141
154,88,138
156,89,144
153,88,142
154,92,134
161,94,146
155,93,135
158,94,137
154,89,134
161,94,147
154,90,133
161,95,149
156,95,140
158,96,142
152,88,135
152,88,141
154,93,136
151,90,138
152,91,135
161,95,144
151,90,137
161,96,147
151,89,135
157,92,135
154,91,133
158,96,147
158,91,138
161,94,145
161,96,146
151,89,140
151,88,137
153,92,135
156,92,134
154,88,142
160,93,141
161,94,148
159,93,138
161,96,148
151,88,138
151,90,139
154,88,137
159,92,139
156,90,135
156,89,138
156,91,134
159,91,144
159,95,139
159,94,138
151,88,136
151,90,136
153,88,135
159,91,145
153,89,133
161,96,145
160,94,140
159,91,143
161,94,144
152,89,133
155,89,135
151,88,139
157,93,135
155,94,137
155,91,133
161,96,149
160,96,142
159,96,141
157,94,136
158,93,136
161,94,149
159,91,146
153,91,133
160,92,145
156,94,136
157,90,137
157,95,138
158,95,138
151,90,140
152,90,133
161,95,143
158,96,141
153,93,140
158,90,143
151,88,135
160,92,146
159,91,142
156,95,139
151,89,134
160,92,144
158,90,144
152,88,134
153,93,139
158,90,142
153,93,141
151,90,135
154,88,136
161,96,144
160,95,140
158,92,136
157,91,135
160,92,147
156,89,137
152,92,139
151,88,140
158,90,145
152,91,134
154,94,141
157,96,144
161,94,143
157,96,143
160,92,143
159,91,147
152,92,138
153,93,138
158,90,141
154,94,140
160,93,140
161,96,150
155,90,133
152,92,140
154,94,142
155,88,140
159,91,141
154,93,135
157,96,145
158,91,137
153,93,142
153,88,134
155,88,141
155,92,133
154,89,133
153,90,132
151,88,134
157,96,142
155,88,139
153,92,134
159,92,138
160,92,148
156,93,134
152,92,137
154,94,139
158,90,146
155,88,142
161,95,142
160,97,146
154,92,133
155,93,134
160,96,141
161,96,143
152,92,141
160,92,142
158,96,140
158,94,136
154,94,143
160,97,147
151,90,134
154,90,132
158,90,140
160,94,139
159,96,140
159,93,137
151,89,133
157,96,146
160,97,145
156,90,134
154,88,135
153,93,137
159,95,138
161,93,146
156,95,138
155,89,134
152,88,133
155,94,136
155,88,138
152,89,132
153,89,132
