185,57,130
185,57,131
185,57,129
185,57,132
185,57,128
185,57,127
185,57,133
186,57,131
184,57,129
186,57,130
184,57,130
186,57,132
184,57,128
186,57,129
184,57,131
185,57,134
185,57,126
186,57,133
184,57,127
186,57,128
186,58,131
184,56,129
185,56,130
185,58,130
184,57,132
185,56,129
185,58,131
186,58,130
186,58,132
184,56,130
184,56,128
185,56,131
185,58,129
185,56,128
185,58,132
186,58,133
186,58,129
184,56,131
184,56,127
186,57,134
184,57,126
185,56,132
185,58,128
186,57,127
184,57,133
185,56,127
185,58,133
185,57,135
185,57,125
186,58,128
186,58,134
184,56,126
184,56,132
185,56,133
185,58,127
185,56,126
186,57,135
185,58,134
184,57,125
186,57,126
184,57,134
186,58,135
186,58,127
184,56,133
184,56,125
185,57,124
185,57,136
185,56,134
185,58,126
185,56,125
186,56,130
185,58,135
184,58,130
187,58,132
186,56,131
183,56,128
187,58,131
183,56,129
186,56,129
184,58,129
186,57,136
184,58,131
184,57,124
187,58,133
183,56,127
187,58,130
186,57,125
183,56,130
186,56,132
186,58,126
186,58,136
184,57,135
184,56,134
184,56,124
184,58,128
186,56,128
187,57,131
183,57,129
187,57,132
184,58,132
183,57,128
187,57,130
183,57,130
187,58,134
183,56,126
187,58,129
183,56,131
187,57,133
186,56,133
185,56,135
183,57,127
187,57,129
185,58,125
184,58,127
183,57,131
185,56,124
186,56,127
185,58,136
185,57,137
185,57,123
184,58,133
187,58,135
187,57,134
183,56,125
187,58,128
186,57,137
183,57,126
183,56,132
187,57,128
186,56,134
184,57,123
183,57,132
186,57,124
186,58,125
186,58,137
184,56,123
184,56,135
184,58,126
184,57,136
186,56,126
184,58,134
187,57,135
185,56,136
186,59,131
187,58,136
186,59,132
183,57,125
183,56,124
184,55,129
185,58,124
184,55,128
187,57,127
187,58,127
185,56,123
186,59,130
183,56,133
186,59,133
183,57,133
184,55,130
185,58,137
186,56,135
184,55,127
184,58,125
186,56,125
186,59,129
185,57,138
185,57,122
186,59,134
184,55,131
186,57,138
184,55,126
187,57,136
184,58,135
186,58,138
186,58,124
184,56,136
184,56,122
184,57,122
186,57,123
183,57,124
187,58,137
187,57,126
187,59,132
183,56,123
184,57,137
185,55,129
185,59,131
187,58,126
187,59,131
187,59,133
185,55,130
185,59,130
186,59,128
183,55,128
185,55,128
183,57,134
185,59,132
183,56,134
184,55,132
186,59,135
183,55,129
183,55,127
184,55,125
186,56,136
185,56,137
185,55,131
185,59,129
187,59,134
187,59,130
185,58,123
185,55,127
185,56,122
185,59,133
183,55,130
183,55,126
184,58,124
186,56,124
185,58,138
187,57,137
185,55,132
185,59,128
187,59,129
187,59,135
184,58,136
186,59,127
184,55,133
183,57,123
185,55,126
183,55,131
183,55,125
186,59,136
185,59,134
187,57,125
187,58,138
184,55,124
187,56,131
186,57,139
187,56,130
183,56,122
185,57,121
185,57,139
186,58,139
186,58,123
187,58,125
184,56,137
184,56,121
188,58,132
182,56,128
183,57,135
187,56,132
183,58,129
188,58,133
182,56,127
183,56,135
183,58,130
184,57,121
188,58,131
186,57,122
182,56,129
187,56,129
185,55,133
186,56,137
183,58,128
185,59,127
187,59,136
187,59,128
188,58,134
182,56,126
184,57,138
187,56,133
183,58,131
185,55,125
183,55,132
183,55,124
188,58,130
182,56,130
185,59,135
185,56,138
187,56,128
184,58,123
186,56,123
183,58,127
186,59,126
184,55,134
187,57,138
186,59,137
185,58,122
184,55,123
185,56,121
188,58,135
183,58,132
182,56,125
187,56,134
188,58,129
184,58,137
183,57,122
185,55,134
185,58,139
182,56,131
187,57,124
187,58,139
185,59,126
187,56,127
187,59,127
187,59,137
183,58,126
185,55,124
183,56,121
183,55,133
183,55,123
187,58,124
183,57,136
188,57,132
188,58,136
185,59,136
188,57,131
183,58,133
182,57,128
183,56,136
182,56,124
182,57,129
188,57,133
187,56,135
186,56,138
186,58,122
186,58,140
186,57,140
188,58,128
184,56,120
184,56,138
182,57,127
188,57,130
182,56,132
184,55,135
186,59,125
182,57,130
186,55,130
185,57,120
185,57,140
186,55,129
186,57,121
188,57,134
184,57,120
188,59,133
188,59,132
184,55,122
186,55,131
187,56,126
183,58,125
186,59,138
184,59,130
185,55,135
182,57,126
184,59,131
182,55,127
186,56,122
182,55,128
187,57,139
184,58,122
186,55,128
188,57,129
188,59,134
188,59,131
184,59,129
184,57,139
182,55,126
185,59,125
182,57,131
187,59,126
187,59,138
188,58,137
182,55,129
185,56,139
186,55,132
184,59,132
185,55,123
183,58,134
183,55,122
183,55,134
182,56,123
188,57,135
183,57,121
188,59,135
186,55,127
187,57,123
187,56,136
184,58,138
188,58,127
184,59,128
185,56,120
188,59,130
185,58,121
185,59,137
182,57,125
182,55,125
187,58,140
182,55,130
182,56,133
188,57,128
184,59,133
186,55,133
185,58,140
183,56,120
187,58,123
182,57,132
183,57,137
187,56,125
183,58,124
188,59,136
186,55,126
184,59,127
184,55,136
188,57,136
183,56,137
188,59,129
186,59,124
182,55,124
186,56,139
185,55,136
188,58,138
182,55,131
184,55,121
186,59,139
182,57,124
184,59,134
183,58,135
188,57,127
182,56,122
186,58,121
186,58,141
184,56,139
184,56,119
186,55,134
185,59,124
187,59,139
187,59,125
186,57,141
187,56,137
188,58,126
185,55,122
187,57,140
183,55,135
183,55,121
186,56,121
184,58,121
182,57,133
188,59,137
182,56,134
186,57,120
185,57,141
185,57,119
186,55,125
184,59,126
184,57,119
188,59,128
185,59,138
182,55,123
188,57,137
187,56,124
182,55,132
187,57,122
183,58,123
183,57,120
184,57,140
185,56,140
184,58,139
184,59,135
182,57,123
187,58,141
186,55,135
188,57,126
185,56,119
188,58,139
185,58,120
185,55,137
184,55,137
187,58,122
183,57,138
183,56,119
183,58,136
188,59,138
186,59,123
182,56,121
185,58,141
186,55,124
182,57,134
187,56,138
188,58,125
184,59,125
184,55,120
188,59,127
183,56,138
182,55,122
187,60,132
187,60,133
186,56,140
186,59,140
187,59,140
187,59,124
186,60,132
185,59,123
185,55,121
186,60,131
188,57,138
182,55,133
186,60,133
183,55,136
183,55,120
187,60,131
182,56,135
187,60,134
184,54,128
184,54,129
184,59,136
186,60,130
183,54,128
184,54,127
183,54,127
187,57,141
187,56,123
185,59,139
186,60,134
186,55,136
186,56,120
183,58,122
187,60,130
186,58,142
186,58,120
182,57,122
183,54,129
184,56,140
184,56,118
184,54,130
183,54,126
187,60,135
188,57,125
184,58,120
186,57,142
184,54,126
186,60,129
188,58,140
188,59,139
183,54,130
187,57,121
186,57,119
186,60,135
183,54,125
186,55,123
184,54,131
183,57,119
184,59,124
184,57,118
188,59,126
188,56,131
188,56,132
185,57,118
185,57,142
182,57,135
187,60,129
182,55,121
183,58,137
184,54,125
188,56,130
184,58,140
185,55,138
187,60,136
182,56,120
185,56,141
187,58,142
187,56,139
188,58,124
182,55,134
189,58,133
181,56,127
188,56,133
184,55,138
189,58,132
188,57,139
181,56,128
184,57,141
189,58,134
182,58,129
181,56,126
183,54,131
186,60,128
182,58,128
186,59,122
188,56,129
187,58,121
189,58,131
183,54,124
185,56,118
183,57,139
184,59,137
184,55,119
181,56,129
182,58,130
183,56,118
187,59,123
187,59,141
