198,197,114
198,196,114
198,198,114
197,198,114
198,195,114
199,198,115
197,196,113
199,198,114
199,197,115
199,199,115
197,196,114
197,197,113
197,195,113
198,197,113
198,197,115
199,197,114
199,199,114
197,197,114
197,195,114
198,196,113
198,198,113
198,198,115
198,196,115
196,198,114
198,194,114
198,199,115
199,196,115
196,197,113
197,194,113
199,196,114
198,199,114
196,197,114
197,194,114
198,195,113
197,198,113
197,198,115
198,195,115
197,199,115
199,195,115
197,193,113
195,197,113
199,195,114
197,199,114
198,194,113
195,197,114
196,198,113
197,193,114
196,198,115
198,194,115
200,199,115
196,195,113
198,193,114
195,198,114
200,198,115
200,200,115
196,196,113
196,194,113
199,198,116
197,196,112
199,199,116
199,197,116
197,195,112
197,197,112
200,197,115
199,200,115
195,196,113
199,198,113
196,193,113
197,196,115
200,199,116
196,195,112
199,197,113
199,199,113
198,199,116
197,194,112
196,199,115
199,194,115
199,196,116
197,192,113
194,197,113
196,197,112
197,197,115
200,198,116
200,200,116
197,195,115
196,196,112
196,194,112
199,194,114
196,199,114
198,193,113
195,198,113
194,197,114
197,192,114
195,198,115
198,193,115
199,196,113
198,199,113
200,199,114
199,200,116
200,197,116
196,197,115
196,193,112
195,196,112
196,195,114
197,194,115
200,196,115
198,200,115
194,196,113
200,198,114
198,192,114
194,198,114
200,200,114
196,192,113
196,196,114
196,194,114
197,193,112
198,197,112
198,197,116
195,197,112
197,199,116
199,195,116
198,196,112
198,198,112
198,198,116
198,196,116
200,197,114
199,200,114
199,195,113
195,196,114
197,199,113
196,193,114
198,200,116
200,196,116
196,192,112
194,196,112
195,197,115
198,195,112
197,193,115
197,198,112
197,198,116
199,193,115
195,199,115
197,191,113
193,197,113
198,195,116
199,193,114
195,199,114
198,192,113
194,198,113
200,195,115
197,200,115
193,197,114
197,191,114
194,198,115
193,196,113
198,192,115
196,191,113
200,196,114
197,192,112
198,200,114
194,197,112
196,199,116
199,194,116
194,196,114
196,192,114
198,194,112
196,198,112
199,194,113
196,198,116
196,199,113
198,194,116
201,200,116
195,194,112
198,191,114
193,198,114
197,200,116
200,195,116
196,191,112
193,196,112
201,199,116
201,201,116
195,195,112
195,193,112
194,197,115
197,192,115
200,199,117
196,195,111
200,200,117
200,198,117
201,200,115
195,194,113
200,195,114
196,194,111
196,196,111
201,199,115
201,201,115
201,198,116
197,200,114
200,201,116
195,195,113
194,195,112
195,193,113
195,192,112
200,194,115
196,200,115
193,196,114
198,193,112
199,192,114
199,192,115
194,199,115
197,190,113
192,197,113
192,196,113
194,199,114
195,198,112
199,200,117
196,191,114
200,197,117
197,191,112
198,191,113
196,190,113
199,198,117
193,197,112
193,198,113
196,193,111
195,196,111
201,198,115
197,196,111
200,201,115
195,199,116
195,198,116
199,199,117
199,193,116
199,197,117
194,195,113
192,197,114
198,193,116
195,192,113
197,190,114
193,198,115
197,195,111
197,197,111
199,193,113
198,191,115
195,199,113
201,197,116
199,201,116
193,195,112
195,191,112
200,199,113
196,200,116
200,194,116
201,200,117
196,190,112
192,196,112
198,199,117
200,198,113
199,196,117
195,194,111
200,200,113
197,194,111
193,197,115
196,195,115
196,197,111
201,199,117
201,201,117
199,198,112
198,200,117
200,196,117
197,191,115
201,197,115
196,192,111
195,193,111
195,195,111
194,196,111
199,201,115
196,196,115
199,197,112
197,196,116
196,194,115
199,199,112
200,194,114
193,195,113
196,200,114
195,191,113
197,197,116
197,195,116
200,197,113
199,200,113
198,190,114
192,198,114
200,201,117
201,198,117
198,192,112
194,195,111
195,192,111
194,198,112
199,196,112
198,199,112
192,196,114
195,196,115
196,193,115
200,193,115
197,193,111
196,190,114
197,199,117
195,200,115
195,197,111
201,196,116
199,195,117
198,201,116
196,197,116
197,194,116
194,198,116
192,195,112
195,190,112
197,190,112
198,192,116
192,197,112
191,196,113
196,189,113
200,196,113
201,196,115
198,200,113
197,200,117
194,199,116
199,191,114
196,191,111
200,195,117
199,192,113
201,200,114
198,201,115
199,192,116
193,196,111
193,199,114
199,191,115
193,199,115
197,189,113
191,197,113
198,190,113
199,201,117
201,197,117
194,199,113
192,198,113
199,195,112
201,199,114
201,201,114
193,195,111
195,191,111
197,199,112
195,194,114
192,195,113
195,190,113
194,196,115
195,195,114
191,197,114
196,192,115
200,193,116
195,200,116
195,193,114
196,189,112
191,196,112
197,189,114
192,198,115
195,197,116
198,190,115
197,193,116
197,192,111
201,198,114
192,197,115
200,201,114
194,197,111
200,193,114
196,199,117
197,190,115
198,197,111
198,197,117
199,194,117
195,200,114
198,196,111
194,195,114
198,198,111
198,198,117
198,196,117
195,192,114
200,195,113
201,195,116
198,191,112
197,201,116
197,200,113
193,198,112
199,194,112
191,195,112
198,201,117
201,196,117
195,189,112
196,199,112
191,196,114
198,195,111
192,195,111
195,190,111
201,197,114
201,195,115
197,198,111
197,198,117
196,189,114
199,201,114
196,190,111
197,201,115
192,196,111
198,195,117
196,200,117
200,194,117
202,201,116
194,193,112
193,196,115
193,198,116
200,192,115
196,191,115
194,200,115
202,200,116
198,191,116
198,189,114
191,198,114
202,202,116
194,194,112
194,192,112
194,197,116
193,195,114
191,195,113
197,192,116
197,189,112
195,191,114
195,189,113
191,197,112
202,201,117
194,193,111
190,196,113
197,191,111
196,188,113
199,191,113
193,197,111
202,200,117
198,194,111
202,202,117
194,194,111
202,199,116
194,192,111
193,199,113
196,198,111
193,199,116
201,202,116
200,199,118
193,194,112
199,191,116
194,191,112
195,199,117
201,200,118
196,198,117
200,194,113
199,193,117
200,200,118
198,194,117
200,198,118
199,190,114
201,196,114
201,201,118
196,200,113
201,199,118
192,199,114
198,189,113
199,190,115
192,199,115
197,188,113
190,197,113
198,201,114
191,198,113
200,192,116
194,200,116
196,195,110
196,188,112
190,196,112
202,199,117
199,193,112
201,202,117
195,194,110
193,194,111
194,191,111
195,199,112
196,194,110
196,196,110
197,201,117
201,195,117
200,192,114
195,193,110
201,194,116
195,195,110
196,201,116
191,195,111
195,189,111
194,200,114
191,197,115
199,200,118
190,197,114
200,197,118
202,198,116
200,201,118
201,198,118
200,202,116
197,188,114
191,198,115
197,189,115
192,195,114
198,189,115
198,190,112
190,195,112
192,194,112
201,194,115
195,190,114
195,188,112
194,190,112
192,196,115
198,193,111
192,198,112
196,193,110
202,201,115
196,201,115
195,196,110
196,189,111
195,198,111
196,190,115
191,196,111
195,192,110
194,195,110
193,197,116
202,200,115
194,193,113
195,200,117
202,202,115
202,198,117
200,193,117
200,202,117
197,191,116
192,194,111
194,194,113
194,190,111
194,192,113
195,198,117
190,196,114
198,193,117
196,188,114
190,195,113
197,190,111
198,200,118
202,199,115
200,196,118
195,188,113
199,201,118
201,195,114
201,197,118
201,202,115
192,198,116
192,197,111
197,201,114
198,190,116
196,192,110
194,196,110
200,191,115
193,194,113
202,197,116
200,193,113
195,191,110
194,191,113
193,200,115
199,202,116
193,195,110
200,199,112
195,200,113
194,199,117
199,198,118
197,188,112
200,198,112
199,192,112
199,192,117
200,200,112
191,194,112
190,197,112
194,189,112
199,199,118
199,197,118
194,199,112
202,201,118
199,190,113
197,196,110
198,188,114
190,198,114
202,197,117
189,196,113
199,202,117
192,199,113
