155,185,199
155,186,199
156,186,200
154,184,198
154,185,199
156,185,199
156,187,200
154,185,198
154,184,199
155,186,200
156,186,199
155,184,198
155,185,200
155,185,198
154,186,199
157,186,200
155,187,200
153,184,198
155,187,199
157,187,200
153,183,198
157,187,201
153,183,197
156,187,199
156,187,201
154,183,197
155,186,198
156,188,200
154,186,198
154,184,197
153,185,198
157,188,201
153,184,197
156,188,201
157,188,200
154,185,200
156,185,198
154,187,199
154,186,200
153,184,199
157,186,199
155,188,200
153,185,199
154,185,197
158,187,201
152,183,197
158,188,201
152,182,197
155,186,201
157,189,201
153,185,197
156,186,198
155,184,197
155,187,201
153,186,198
155,188,199
154,187,200
157,187,199
155,183,197
156,188,199
153,186,199
155,187,198
152,184,197
158,187,200
157,188,202
153,182,196
156,189,201
152,183,198
156,189,200
154,187,198
152,184,198
153,183,196
158,188,202
152,182,196
155,185,197
158,189,201
155,188,201
157,189,200
158,189,202
152,183,196
157,189,202
158,188,200
154,188,199
152,185,198
154,186,197
155,189,200
153,184,196
156,187,202
156,187,198
154,188,200
154,183,196
156,188,202
152,185,197
157,188,199
154,182,196
153,187,199
157,190,201
153,186,197
153,187,198
158,190,202
152,184,196
159,188,202
153,185,200
159,188,201
151,182,196
155,186,197
157,185,198
155,189,201
159,189,202
154,184,196
157,190,202
151,181,196
151,182,197
156,189,202
153,186,200
156,190,201
151,183,197
158,190,201
154,186,201
158,189,200
152,184,199
158,186,199
156,189,199
155,189,199
156,184,197
157,186,198
152,186,198
151,183,196
155,188,198
154,187,201
159,189,201
152,185,199
158,187,199
156,190,200
154,188,198
158,189,203
152,181,195
156,185,197
159,190,202
153,185,196
151,184,197
158,188,203
152,182,195
157,190,200
153,187,200
159,189,203
152,186,197
151,181,195
154,189,200
158,190,203
154,188,201
155,187,202
154,185,196
154,187,197
156,190,202
156,188,198
153,188,199
159,187,200
152,186,199
157,188,203
158,191,202
152,185,196
157,189,199
159,190,203
151,183,198
155,183,196
153,182,195
151,182,195
154,189,199
157,187,198
157,189,203
155,188,202
151,184,196
153,181,195
155,190,200
152,183,195
151,184,198
157,191,202
159,188,200
155,190,201
157,191,201
153,187,197
158,188,199
159,190,201
155,184,196
156,186,197
155,187,197
151,185,197
153,183,195
153,188,198
157,190,203
159,191,202
160,189,202
152,187,198
158,191,201
158,190,200
153,188,200
160,188,202
158,191,203
155,189,202
159,191,203
151,183,195
150,181,196
156,191,201
151,185,198
150,182,196
154,189,201
160,189,203
152,187,199
160,190,203
150,181,195
160,190,202
159,189,200
153,186,196
150,180,195
155,185,196
152,184,195
156,190,199
156,188,203
160,188,201
156,191,202
150,183,196
155,190,199
155,189,198
151,185,196
154,186,196
150,182,195
154,182,195
157,188,198
156,189,203
153,184,195
150,182,197
157,191,203
152,187,197
160,189,201
152,185,200
160,191,203
156,191,200
154,189,198
153,186,201
154,190,200
150,183,197
152,184,200
158,192,202
152,186,196
158,189,199
158,185,198
153,185,201
154,183,195
157,191,200
155,190,202
153,189,199
156,187,197
159,190,204
151,180,194
159,191,201
151,186,197
158,186,198
157,184,197
151,186,198
159,189,204
151,181,194
152,186,200
159,192,203
153,187,201
151,184,195
156,189,198
157,185,197
157,192,202
158,192,203
154,188,197
160,191,202
157,190,199
156,190,203
155,191,201
151,184,199
153,189,200
159,186,199
158,189,204
152,181,194
159,191,204
158,190,204
159,192,202
151,183,199
152,180,194
154,187,202
150,183,195
159,187,199
154,190,199
160,190,204
150,184,196
150,184,197
150,180,194
154,186,202
155,191,200
154,190,201
152,188,198
151,185,199
155,188,197
152,188,199
160,190,201
157,192,201
153,188,197
151,182,194
159,190,200
160,191,204
156,183,196
154,188,202
150,181,194
158,187,198
154,184,195
155,186,196
152,187,200
152,182,194
153,188,201
156,184,196
158,191,200
158,191,204
157,186,197
160,192,203
153,189,198
158,192,201
157,192,203
161,190,203
152,185,195
161,189,203
159,188,199
153,185,195
156,192,201
159,192,204
160,187,200
156,192,202
156,191,203
151,186,196
151,186,199
149,180,195
161,189,202
155,191,202
160,188,200
149,181,195
153,187,196
157,189,204
150,183,198
160,192,204
154,189,202
150,182,194
150,182,198
150,185,197
151,187,198
161,191,203
153,181,194
156,185,196
157,190,204
155,188,203
157,189,198
154,187,196
161,190,202
149,181,196
155,187,203
150,184,198
160,192,202
150,184,195
161,190,204
151,183,194
152,183,194
159,193,203
158,192,204
151,185,195
150,185,196
151,187,197
158,190,199
153,182,194
161,191,204
149,182,196
149,182,195
156,188,197
155,189,203
152,188,200
158,193,203
155,182,195
152,188,197
149,180,194
153,189,201
158,193,202
160,191,201
152,187,196
158,188,198
159,192,201
156,191,199
155,183,195
154,191,200
160,189,200
155,190,198
155,191,199
157,187,197
154,185,195
153,190,200
153,190,199
157,191,204
149,181,194
157,193,202
154,191,201
150,185,198
156,192,200
154,190,198
151,187,199
159,189,199
161,192,204
159,193,202
159,193,204
149,183,196
160,193,203
161,192,203
152,189,199
161,191,202
157,192,200
155,192,201
154,190,202
160,193,204
155,190,203
159,191,200
150,183,194
153,183,194
156,190,198
155,187,196
161,188,201
156,192,203
155,184,195
157,191,199
154,189,197
149,183,195
156,186,196
160,191,205
150,179,193
152,189,198
157,193,203
161,189,201
160,190,205
150,186,197
150,180,193
159,190,205
151,180,193
159,191,205
149,182,197
154,191,199
152,186,195
149,182,194
149,181,197
155,189,197
158,193,204
152,185,201
155,192,200
153,186,195
152,186,201
160,192,205
157,192,204
155,192,202
157,193,201
153,189,197
152,184,194
156,189,204
151,184,200
151,184,194
151,188,198
149,183,197
160,190,200
151,185,200
158,192,200
156,188,204
152,189,200
153,190,201
151,181,193
150,185,195
161,191,205
149,184,196
158,193,201
151,187,196
150,181,193
150,186,198
161,193,204
156,193,202
159,192,205
158,185,197
149,179,193
159,186,198
153,190,198
153,186,202
161,190,201
153,187,202
152,187,201
150,186,196
156,190,204
154,181,194
161,192,205
155,191,203
160,193,202
162,190,203
149,180,193
151,186,200
154,182,194
156,193,201
162,191,204
158,190,205
161,192,202
158,189,198
162,190,204
159,194,203
151,188,199
160,192,201
151,186,195
161,193,203
153,188,196
153,188,202
152,180,193
157,188,197
160,193,205
162,191,203
155,185,195
157,184,196
154,191,202
158,191,205
151,188,197
149,184,197
157,190,198
158,186,197
153,184,194
150,183,199
159,187,198
154,186,195
160,187,199
158,194,203
150,184,199
154,188,196
149,184,195
159,194,204
148,179,194
148,180,195
160,194,204
159,190,199
162,192,204
148,180,194
150,184,194
152,181,193
158,191,199
156,191,204
156,189,197
161,193,205
149,183,194
152,188,201
151,182,193
153,191,200
148,181,195
159,193,205
149,181,193
154,183,194
154,187,203
150,185,199
154,188,203
160,194,203
159,193,201
152,189,197
156,193,203
151,187,200
157,185,196
150,182,193
158,194,202
152,188,196
157,193,204
160,188,199
158,192,205
154,192,201
156,187,196
154,192,200
162,189,202
152,190,199
150,187,197
148,181,194
153,189,202
161,191,201
153,191,199
162,190,202
162,192,203
162,191,205
149,185,196
158,194,204
154,189,203
157,194,202
162,192,205
150,187,198
148,182,195
159,194,202
157,194,203
156,183,195
161,194,204
159,192,200
156,192,199
156,182,195
152,182,193
149,185,197
155,193,201
