150,140,168
151,141,169
149,139,167
149,140,168
151,140,168
149,139,168
151,141,168
150,140,169
150,140,167
150,139,168
150,141,168
150,141,169
152,141,169
148,139,167
150,139,167
151,140,169
149,140,167
152,142,170
148,138,166
152,142,169
148,138,167
149,138,167
151,142,169
151,141,170
149,139,166
152,141,170
148,139,166
148,139,168
149,140,169
151,142,170
153,142,170
147,138,166
149,138,166
152,141,168
151,140,167
151,139,168
147,138,167
153,143,170
152,140,169
147,137,166
153,142,169
150,139,169
150,141,170
149,141,168
152,143,170
150,141,167
148,137,166
148,140,168
152,140,168
148,140,167
149,138,168
151,142,168
153,143,171
147,137,165
150,139,166
149,139,169
152,142,171
148,138,165
150,138,167
151,141,167
148,138,168
149,141,169
153,141,169
147,139,167
151,139,167
151,140,170
153,142,171
152,142,168
147,138,165
149,140,166
150,142,169
153,141,170
150,140,170
147,139,166
152,143,171
154,143,171
146,137,165
148,137,165
152,143,169
150,140,166
151,139,169
148,137,167
146,137,166
150,138,168
154,143,170
147,137,167
153,143,169
149,141,167
150,142,170
154,142,170
146,138,166
150,138,166
151,142,171
152,140,170
150,142,168
149,137,166
149,138,165
152,141,171
147,139,168
154,144,171
148,140,169
148,139,169
148,139,165
146,136,165
151,143,170
148,140,166
151,141,171
153,144,171
147,138,168
147,136,165
149,137,167
154,142,171
149,139,165
153,141,168
151,143,169
146,138,167
149,140,170
146,138,165
152,140,167
153,144,170
153,143,172
147,137,164
152,141,167
149,141,170
154,144,172
147,136,166
153,142,168
146,136,164
154,143,172
146,137,164
152,139,168
153,141,171
153,140,169
154,144,170
146,137,167
154,142,169
146,136,166
145,136,165
151,140,166
155,144,171
151,143,171
155,143,171
147,139,165
145,137,165
149,137,165
151,139,166
152,139,169
151,138,167
153,144,172
155,144,172
149,138,169
145,136,164
147,136,164
154,143,169
148,141,168
151,138,168
151,142,167
150,141,171
147,140,167
154,141,170
150,139,170
153,142,172
145,137,166
148,136,166
148,136,165
152,143,172
147,138,164
152,144,170
152,144,171
153,140,168
147,140,168
153,140,170
148,137,168
152,143,168
150,141,166
148,137,164
150,138,169
152,142,172
149,142,169
148,138,169
150,142,171
151,139,170
148,138,164
155,143,170
148,141,169
154,141,169
146,139,167
152,139,167
155,143,172
149,139,170
150,142,167
150,139,165
146,139,166
149,137,168
155,145,172
150,137,167
145,136,166
148,141,167
147,137,168
151,140,171
145,137,164
145,135,164
152,142,167
154,145,171
154,145,172
149,142,168
150,137,166
154,142,172
151,143,168
149,141,166
150,138,165
147,139,169
146,135,164
153,144,169
149,140,165
146,138,168
153,143,168
146,135,165
151,141,166
155,144,170
155,145,171
147,136,167
154,141,171
147,140,166
152,140,171
155,142,171
146,138,164
145,135,165
149,142,170
155,142,170
145,138,166
151,138,166
148,140,170
150,140,171
150,143,170
154,144,173
146,136,163
150,143,169
151,142,172
155,144,173
148,136,167
145,136,163
152,144,172
156,144,172
151,138,169
144,136,164
148,136,164
144,136,165
152,144,169
148,140,165
155,145,173
146,139,168
146,136,167
156,145,172
144,135,164
145,135,163
145,137,167
147,140,169
145,138,165
152,139,170
154,144,169
150,140,165
147,135,165
153,145,171
149,136,166
147,138,169
150,137,168
156,144,171
152,141,172
148,139,170
154,143,173
149,138,164
151,143,172
146,139,165
145,138,167
147,135,164
153,141,167
146,137,163
149,141,171
153,145,172
146,137,168
154,145,173
156,145,173
154,142,168
153,143,173
144,135,163
146,135,163
154,145,170
153,144,173
148,139,164
148,141,170
149,136,165
153,141,172
147,136,163
147,137,163
144,135,165
153,140,171
149,137,164
151,141,172
151,144,170
154,141,168
146,135,166
152,140,166
150,143,171
156,143,171
153,139,169
144,137,165
150,137,165
155,142,172
149,142,167
153,140,167
156,145,171
153,139,168
156,144,173
152,138,168
149,140,171
154,140,169
156,143,172
155,143,173
151,144,171
149,136,167
155,143,169
150,143,168
153,145,170
148,141,166
144,136,166
147,139,164
144,136,163
147,135,166
155,146,172
154,140,170
155,142,169
153,142,167
155,145,170
145,135,166
144,137,166
145,136,167
149,139,164
156,146,173
152,138,167
145,137,163
152,139,166
156,146,172
154,143,168
152,141,166
155,146,173
145,134,164
144,134,163
155,141,170
144,137,164
151,137,167
149,142,171
152,143,173
151,139,165
145,134,163
144,134,164
145,138,164
148,135,165
149,138,170
151,144,169
143,135,164
147,140,165
150,142,172
148,137,169
150,138,170
154,141,172
149,137,169
147,141,168
153,142,173
152,138,169
146,140,167
155,141,171
153,145,173
157,145,173
152,143,167
157,145,172
143,135,163
147,135,163
156,143,170
156,144,170
150,141,172
154,146,172
153,139,170
148,137,163
155,144,169
155,146,171
155,145,174
151,143,167
151,142,166
145,135,162
151,140,165
146,139,169
147,138,163
146,134,164
150,139,171
151,137,166
150,142,166
151,139,171
154,142,173
151,137,168
152,145,171
154,140,168
146,140,168
157,146,173
156,145,174
145,138,168
148,142,169
152,144,173
146,138,169
144,135,162
143,134,163
147,136,168
148,135,166
152,142,173
153,144,168
148,136,168
151,138,165
147,141,167
151,144,172
157,144,172
148,135,164
147,139,170
143,136,164
149,136,164
148,138,170
152,144,168
155,141,169
147,141,169
145,139,167
153,139,167
145,139,166
147,140,170
147,137,169
156,142,171
148,142,168
156,146,174
145,134,165
144,135,166
155,144,174
156,143,173
145,137,168
144,134,162
150,136,166
143,136,165
151,138,170
145,136,162
143,135,165
154,146,171
150,137,169
150,141,165
148,136,163
146,138,163
154,146,173
154,140,171
146,134,163
143,134,164
154,144,174
149,141,165
146,140,166
152,145,172
157,146,172
156,146,171
144,137,167
152,145,170
148,138,163
149,139,171
146,136,162
146,134,165
146,139,164
154,145,174
150,138,164
157,144,173
144,134,165
150,143,172
155,146,174
157,146,174
146,136,168
150,136,167
149,143,169
146,135,162
152,139,171
148,140,171
151,140,172
143,134,162
145,134,162
149,143,170
152,140,172
154,145,169
148,142,170
156,142,170
144,138,166
152,138,166
149,136,168
156,145,170
156,144,174
153,145,169
150,139,164
156,142,172
153,143,167
148,141,171
157,145,174
146,135,167
157,144,171
147,135,167
144,136,167
152,142,166
155,142,173
144,137,163
143,136,163
144,138,165
157,145,171
156,147,173
143,135,162
151,143,173
150,136,165
144,136,162
150,143,167
145,139,168
145,139,165
154,144,168
151,142,173
146,140,169
149,140,164
149,142,166
147,134,164
157,147,173
148,140,164
150,140,172
153,144,174
155,141,172
150,137,164
148,142,167
143,136,166
154,143,174
151,144,168
147,138,170
151,141,165
157,143,172
153,140,172
144,133,163
146,137,169
157,147,174
144,138,167
145,135,167
150,144,170
142,134,163
147,134,165
154,139,169
149,143,168
156,147,172
147,141,166
153,146,172
149,135,165
156,147,174
143,133,163
149,141,172
154,141,167
147,141,170
148,135,167
152,138,170
146,137,162
148,141,165
158,146,173
155,142,168
153,138,168
151,137,169
143,133,162
155,143,174
143,134,165
147,136,162
149,135,166
149,143,171
157,143,171
143,137,165
151,137,165
148,139,171
153,143,174
144,133,162
155,146,170
155,147,173
150,144,171
142,135,164
155,145,169
154,142,167
153,146,171
152,141,173
155,140,170
145,138,163
152,145,173
158,145,173
145,136,168
154,146,170
153,141,173
154,146,174
158,146,174
153,140,166
142,135,163
148,135,163
149,142,172
142,134,162
