186,101,58
186,102,58
186,103,58
186,104,58
187,101,58
185,101,58
187,102,58
185,102,58
187,103,58
186,105,58
185,103,58
187,102,59
186,100,57
186,102,59
185,100,57
186,101,57
187,104,58
187,103,59
185,101,57
186,103,59
186,102,57
187,104,59
185,102,57
185,104,58
186,104,59
187,105,58
186,103,57
186,106,58
187,105,59
185,103,57
186,105,59
185,105,58
186,104,57
187,106,58
187,106,59
185,104,57
186,107,58
186,106,59
187,101,57
186,105,57
184,100,57
188,103,59
185,102,59
185,106,58
187,102,57
184,101,57
188,104,59
185,103,59
187,107,59
185,105,57
187,107,58
188,102,58
184,100,58
187,103,57
184,101,58
184,102,57
188,103,58
188,105,59
184,102,58
186,107,59
185,104,59
188,104,58
186,106,57
187,104,57
186,108,58
184,103,57
184,103,58
185,107,58
188,106,59
185,105,59
187,108,59
185,106,57
188,105,58
187,108,58
187,105,57
184,104,58
187,103,60
186,108,59
184,104,57
185,99,56
185,100,56
187,104,60
188,107,59
186,107,57
185,101,56
188,106,58
185,106,59
187,105,60
186,109,58
185,102,56
185,108,58
184,105,58
187,106,57
187,109,59
185,107,57
184,105,57
188,103,60
186,100,56
186,102,60
187,106,60
187,109,58
186,103,60
188,104,60
184,99,56
186,101,56
188,108,59
184,100,56
188,107,58
186,104,60
185,103,56
186,109,59
188,105,60
185,107,59
184,101,56
186,102,56
186,108,57
186,105,60
187,107,60
184,106,58
188,106,60
187,107,57
184,102,56
186,103,56
184,106,57
185,104,56
188,101,57
186,110,58
187,110,59
188,102,57
185,108,57
185,109,58
188,108,58
189,103,59
183,99,57
186,106,60
183,100,57
184,101,59
188,109,59
184,102,59
189,104,59
188,107,60
188,103,57
183,101,57
187,110,58
185,108,59
184,103,56
187,108,60
186,104,56
184,103,59
189,105,59
186,110,59
188,104,57
184,107,58
183,102,57
185,105,56
187,108,57
186,107,60
186,109,57
184,104,59
189,106,59
188,108,60
184,107,57
184,104,56
188,109,58
188,105,57
183,103,57
186,105,56
189,102,58
188,110,59
189,103,58
183,100,58
187,109,60
187,111,59
183,101,58
185,109,57
184,105,59
187,100,56
185,110,58
185,109,59
189,107,59
189,104,58
186,111,58
187,101,56
189,104,60
185,102,60
183,102,58
186,108,60
183,99,56
185,106,56
185,103,60
187,111,58
187,102,56
189,105,60
183,100,56
184,108,58
188,109,60
188,106,57
183,104,57
189,105,58
184,105,56
187,109,57
185,104,60
186,111,59
183,103,58
186,106,56
183,101,56
189,106,60
187,103,56
184,106,59
186,110,57
189,108,59
184,108,57
188,110,58
185,105,60
189,106,58
187,110,60
188,111,59
183,102,56
189,107,60
183,104,58
186,109,60
187,104,56
188,107,57
183,105,57
185,107,56
185,110,59
188,110,60
187,112,59
185,110,57
185,106,60
184,106,56
185,111,58
189,107,58
184,107,59
186,107,56
189,109,59
184,109,58
183,103,56
186,112,58
189,108,60
187,110,57
187,112,58
187,105,56
183,105,58
186,112,59
188,108,57
188,111,58
184,109,57
185,107,60
183,106,57
187,111,60
186,110,60
186,111,57
189,108,58
183,104,56
188,112,59
188,104,61
187,103,61
187,104,61
188,111,60
189,109,60
185,108,56
188,105,61
184,107,56
187,106,56
184,108,59
185,99,55
189,110,59
187,105,61
184,98,55
183,106,58
184,99,55
185,111,59
185,100,55
186,108,56
188,106,61
184,100,55
187,113,59
185,111,57
187,106,61
185,101,55
185,108,60
184,110,58
188,109,57
185,112,58
187,111,57
184,101,55
188,107,61
183,105,56
183,107,57
189,109,58
189,102,57
186,113,58
189,110,60
185,102,55
187,113,58
187,107,61
187,112,60
186,111,60
187,107,56
189,103,57
190,103,59
188,112,58
182,99,57
190,104,59
184,110,57
182,100,57
186,113,59
183,101,59
184,102,55
183,107,58
188,112,60
189,111,59
184,109,59
183,102,59
188,108,61
190,105,59
189,104,57
185,109,56
184,108,56
182,101,57
188,113,59
186,112,57
188,101,56
185,103,55
189,104,61
186,109,56
185,109,60
189,105,61
186,99,55
186,103,61
183,103,59
187,108,61
188,102,56
186,100,55
190,104,60
186,104,61
190,106,59
182,98,56
182,99,56
182,102,57
189,106,61
189,105,57
184,103,55
190,105,60
185,112,59
183,106,56
184,102,60
183,98,55
189,110,58
186,101,55
188,110,57
186,105,61
183,99,55
188,103,56
182,100,56
184,103,60
189,111,60
183,108,57
188,109,61
183,104,59
190,106,60
187,108,56
184,111,58
183,100,55
189,107,61
187,114,59
185,104,55
185,112,57
190,107,59
186,102,55
184,104,60
187,112,57
182,101,56
186,106,61
182,103,57
188,104,56
189,106,57
187,109,61
183,108,58
186,112,60
190,107,60
185,113,58
187,113,60
183,101,55
189,112,59
184,104,55
188,113,58
184,110,59
183,105,59
188,113,60
189,108,61
184,105,60
185,110,60
187,114,58
186,103,55
186,114,58
182,102,56
184,109,56
184,111,57
190,108,59
185,110,56
186,107,61
190,102,58
190,103,58
188,110,61
188,105,56
186,110,56
186,114,59
183,107,56
185,105,55
182,104,57
190,108,60
188,114,59
183,102,55
182,100,58
190,104,58
189,111,58
189,107,57
189,112,60
182,101,58
186,113,57
188,111,57
184,106,60
187,109,56
187,110,61
189,109,61
190,105,58
186,104,55
182,103,56
183,106,59
183,109,57
184,105,55
182,102,58
185,113,59
186,108,61
190,109,59
188,106,56
183,103,55
190,109,60
183,109,58
190,106,58
184,112,58
182,105,57
182,103,58
189,113,59
189,108,57
188,111,61
187,113,57
185,106,55
186,113,60
187,115,59
185,113,57
185,111,60
184,107,60
184,111,59
187,114,60
186,105,55
189,110,61
182,104,56
188,114,60
188,114,58
183,108,56
184,110,56
183,107,59
190,107,58
186,109,61
185,114,58
189,112,58
187,111,61
185,111,56
189,113,60
184,106,55
186,111,56
183,104,55
190,110,59
188,107,56
182,104,58
190,110,60
184,112,57
187,99,55
187,100,55
187,115,58
187,110,56
188,112,57
190,105,61
186,115,58
188,115,59
187,101,55
186,115,59
182,106,57
190,106,61
185,103,61
189,109,57
184,108,60
183,110,57
182,98,55
185,104,61
186,106,55
190,108,58
187,102,55
185,107,55
186,114,57
189,111,61
188,112,61
182,105,56
182,99,55
183,110,58
190,107,61
182,105,58
185,105,61
185,114,59
186,110,61
183,108,59
182,100,55
183,105,55
189,114,59
185,112,60
188,108,56
190,111,60
187,103,55
190,111,59
190,108,61
187,112,61
184,107,55
184,113,58
186,114,60
184,112,59
185,106,61
183,109,56
187,114,57
182,101,55
189,113,58
187,115,60
188,115,60
190,109,58
189,114,60
187,116,59
185,114,57
184,111,56
182,107,57
184,109,60
189,110,57
186,107,55
187,104,55
187,111,56
188,115,58
186,112,56
182,106,58
182,106,56
189,112,61
185,112,56
190,109,61
188,113,57
185,108,55
185,107,61
182,102,55
188,113,61
184,113,57
185,115,58
186,111,61
183,106,55
188,109,56
190,112,60
183,109,59
183,111,57
187,116,58
188,116,59
190,112,59
189,101,56
183,111,58
187,105,55
186,116,58
189,102,56
190,110,58
186,116,59
184,108,55
190,110,61
188,105,62
187,113,61
190,102,57
185,113,60
185,108,61
182,103,55
186,115,57
189,103,56
189,115,59
190,103,57
188,106,62
191,104,60
181,98,56
182,107,58
184,110,60
186,108,55
191,105,60
189,111,57
182,108,57
181,99,56
185,115,59
183,110,56
