98,181,131
98,181,130
98,181,132
98,181,129
98,181,133
99,182,132
97,180,130
98,182,131
98,180,131
98,182,132
99,182,131
99,182,133
97,180,129
97,180,131
98,180,130
97,181,130
99,181,132
98,182,130
97,181,131
99,181,131
98,180,132
98,182,133
98,180,129
98,181,128
98,181,134
99,182,130
99,182,134
97,180,128
97,180,132
97,181,129
99,181,133
97,181,132
99,181,130
98,182,129
98,180,133
98,182,134
98,180,128
97,181,128
99,181,134
97,181,133
99,182,129
99,182,135
97,180,127
97,180,133
99,181,129
99,183,132
97,179,130
99,183,133
97,179,129
98,181,127
98,181,135
99,183,131
98,182,128
97,179,131
99,183,134
98,180,134
97,179,128
98,182,135
97,181,127
98,180,127
99,181,135
100,182,133
100,182,132
97,181,134
96,180,129
96,180,130
99,181,128
99,183,130
97,179,132
99,182,128
99,182,136
97,180,126
97,180,134
100,183,133
97,182,131
100,182,134
96,179,129
99,183,135
96,180,128
99,180,131
97,182,130
97,179,127
100,182,131
100,183,132
100,183,134
96,180,131
99,180,132
96,179,128
96,179,130
97,182,132
99,180,130
98,183,132
98,179,130
98,183,131
97,182,129
98,182,127
98,179,131
98,181,126
98,181,136
98,183,133
99,180,133
100,183,131
100,183,135
100,182,135
96,180,127
96,179,127
96,179,131
98,179,129
98,180,135
97,182,133
97,181,126
99,183,129
100,182,130
98,182,136
96,180,132
98,183,130
99,180,129
97,179,133
99,181,136
98,179,132
98,180,126
99,183,136
97,181,135
98,183,134
97,179,126
97,182,128
99,181,127
98,179,128
99,180,134
96,181,130
100,181,132
99,182,127
99,182,137
97,180,125
97,180,135
100,183,130
100,183,136
96,179,126
96,179,132
96,181,129
100,181,133
96,180,126
98,183,129
97,182,134
100,182,136
96,181,131
100,181,131
98,179,133
96,180,133
99,180,128
100,182,129
96,181,128
100,181,134
98,183,135
99,183,128
98,182,126
96,181,132
98,179,127
97,179,134
97,182,127
100,181,130
100,184,133
96,178,129
100,184,134
96,178,128
98,180,136
99,183,137
98,181,125
98,181,137
97,181,125
98,182,137
97,179,125
99,180,135
99,184,133
100,184,132
99,181,137
97,178,129
96,178,130
100,183,129
100,183,137
98,183,128
96,181,127
96,179,125
96,179,133
99,184,132
100,184,135
97,178,130
96,178,127
97,181,136
98,180,125
97,182,135
100,181,135
99,184,134
97,178,128
96,180,125
98,179,134
100,182,137
99,181,126
96,181,133
99,184,131
99,180,127
97,178,131
96,180,134
98,183,136
100,184,131
100,181,129
96,178,131
99,182,126
99,182,138
97,180,124
97,180,136
100,182,128
99,184,135
100,184,136
96,178,126
97,178,127
101,183,134
101,183,133
98,179,126
97,182,126
99,183,127
95,179,128
96,181,126
95,179,129
101,183,135
99,184,130
101,183,132
97,179,135
100,181,136
97,178,132
95,179,127
98,183,127
99,183,138
98,182,125
99,180,136
95,179,130
100,183,128
100,183,138
100,184,130
96,179,124
96,179,134
99,184,136
96,181,134
96,178,132
97,183,131
97,182,136
97,179,124
97,181,124
97,183,132
98,180,137
100,184,137
97,178,126
101,184,134
101,183,136
98,179,135
96,180,124
98,182,138
97,183,130
96,178,125
100,181,128
99,179,131
98,181,124
98,181,138
101,182,133
95,178,128
101,184,133
101,184,135
95,179,126
101,183,131
99,181,138
99,179,130
100,182,138
101,182,134
98,183,137
95,180,129
97,181,137
95,178,127
95,178,129
95,179,131
99,179,132
97,183,133
99,180,126
101,182,132
95,180,128
98,180,124
96,180,135
99,184,129
95,180,130
97,183,129
100,182,127
101,184,132
101,184,136
96,181,125
96,182,130
99,181,125
99,179,129
101,182,135
97,178,133
98,179,125
96,182,131
95,178,126
95,178,130
95,180,127
100,180,132
96,182,129
97,182,125
98,184,132
100,180,131
99,179,133
99,184,137
101,182,131
100,184,129
98,184,133
101,183,137
99,182,125
99,182,139
97,180,123
97,180,137
100,181,137
95,180,131
97,183,134
100,180,133
95,179,125
98,184,131
98,178,130
96,182,132
96,178,133
99,183,126
98,178,129
101,183,130
97,178,125
98,183,126
100,184,138
96,181,135
95,179,132
98,178,131
96,182,128
98,184,134
100,180,130
97,183,128
96,178,124
101,184,131
101,184,137
97,179,136
99,180,137
101,182,136
99,179,128
100,183,127
100,183,139
95,180,126
96,179,123
96,179,135
99,183,139
98,184,130
95,178,125
95,178,131
97,182,137
100,180,134
98,178,128
100,181,127
99,184,128
98,182,124
96,182,133
98,179,136
99,179,134
101,182,130
95,180,132
97,179,123
96,180,123
98,178,132
98,183,138
97,183,135
98,184,135
97,181,123
100,185,134
96,177,128
97,178,134
96,182,127
100,182,139
100,180,129
100,185,133
96,177,129
98,180,138
101,183,138
96,181,124
99,180,125
98,182,139
95,179,124
100,185,135
96,180,136
96,177,127
99,184,138
98,184,129
98,178,127
99,181,139
97,183,127
100,184,128
95,180,125
97,181,138
98,181,123
98,181,139
101,183,129
101,184,130
101,184,138
101,182,137
100,180,135
100,185,132
95,179,133
100,182,126
99,179,127
96,177,130
98,179,124
95,178,124
95,178,132
98,180,123
96,178,134
100,181,138
97,182,124
96,182,134
97,178,124
100,185,136
98,178,133
100,184,139
101,185,134
96,177,126
101,185,135
95,177,128
99,181,124
95,177,127
95,180,133
96,181,136
98,184,136
96,178,123
101,182,129
99,179,135
98,183,125
101,185,133
95,181,129
101,181,133
95,177,129
96,182,126
101,185,136
100,185,131
99,183,125
95,181,130
101,181,132
100,180,128
97,183,136
95,177,126
99,184,127
99,182,124
99,182,140
97,180,122
97,180,138
96,177,131
95,181,128
101,181,134
98,184,128
99,180,138
100,183,126
100,183,140
98,178,126
100,181,126
96,179,122
96,179,136
99,185,133
100,185,137
97,182,138
95,181,131
97,179,137
99,185,134
101,181,131
101,185,132
99,183,140
97,177,129
95,180,124
96,177,125
95,179,123
100,180,136
99,185,132
101,183,139
95,177,130
97,177,128
97,183,126
95,181,127
97,178,135
101,185,137
98,179,137
101,184,129
101,184,139
101,182,138
101,181,135
97,177,130
98,183,139
95,177,125
96,180,122
96,182,135
99,179,126
99,184,139
98,178,134
99,185,135
95,178,123
95,178,133
96,181,123
95,179,134
97,179,122
101,183,128
98,182,123
100,185,130
98,184,137
97,177,127
100,184,127
99,185,131
95,181,132
100,182,140
102,184,135
95,180,134
102,184,134
96,177,132
97,181,122
99,180,124
96,180,137
101,181,130
97,177,131
96,182,125
101,185,131
96,178,135
101,182,128
95,181,126
102,184,136
97,178,123
99,179,136
100,184,140
100,185,138
100,180,127
99,185,136
98,182,140
102,184,133
98,180,139
102,183,134
95,177,131
94,178,127
101,185,138
100,181,139
98,184,127
97,183,137
98,179,123
94,178,128
102,183,135
100,182,125
101,181,136
97,182,123
96,181,137
102,183,133
96,177,124
99,181,140
97,181,139
95,177,124
98,178,125
96,178,122
97,177,126
99,185,130
94,178,126
98,181,122
98,181,140
94,178,129
94,179,128
99,184,126
102,184,137
95,181,133
102,183,136
94,179,127
98,180,122
98,183,124
95,180,123
100,180,137
94,179,129
102,184,132
97,177,132
97,183,125
100,185,129
102,183,132
99,181,123
96,182,136
95,179,122
101,181,129
98,178,135
94,178,125
99,183,124
101,184,128
101,184,140
94,179,126
101,182,139
99,185,137
101,183,140
95,181,125
100,181,125
97,184,132
101,185,130
98,184,138
