171,194,199
172,195,200
170,193,198
170,194,199
172,194,199
171,195,200
171,193,198
171,193,199
171,195,199
170,193,199
173,195,200
169,193,198
172,195,199
172,194,200
172,196,200
170,192,198
170,194,198
171,194,200
171,194,198
173,196,201
169,192,197
169,192,198
170,195,199
173,196,200
172,196,201
170,192,197
172,193,199
171,196,200
171,192,198
169,194,198
172,195,201
173,195,201
173,197,201
169,191,197
169,193,197
170,193,197
173,194,200
174,196,201
168,192,197
169,194,199
170,195,200
173,194,199
172,193,198
169,193,199
170,194,200
173,195,199
172,197,201
172,194,198
168,191,197
170,191,197
174,197,201
170,192,199
174,195,200
168,193,198
171,196,201
171,192,199
171,196,199
174,197,202
171,192,197
168,191,196
171,193,200
168,192,198
174,196,200
171,195,201
173,197,202
169,191,196
168,193,197
172,196,199
171,193,197
174,195,201
172,193,200
172,197,200
170,191,198
170,195,198
169,195,199
169,191,198
170,196,200
171,195,198
173,196,202
169,192,196
173,197,200
173,193,199
174,196,202
174,198,202
168,190,196
168,192,196
172,192,198
170,196,199
172,194,201
169,192,199
170,193,200
168,194,198
175,197,202
171,197,200
171,197,201
167,191,196
173,198,202
175,196,201
167,192,197
169,190,196
170,194,197
172,197,202
173,194,201
173,198,201
169,190,197
169,194,197
169,195,198
174,194,200
172,192,199
175,197,201
167,191,197
170,191,196
173,196,199
172,196,202
171,191,197
167,190,196
168,190,197
175,198,202
172,195,198
171,191,198
168,191,198
171,194,201
170,192,196
169,194,200
169,195,200
174,198,201
173,193,200
172,198,201
168,193,199
173,194,198
168,194,199
173,193,198
174,195,199
167,192,196
174,194,199
174,197,200
175,196,202
171,194,197
170,195,201
174,198,203
168,190,195
167,193,197
170,196,201
175,198,203
167,190,195
170,190,197
173,195,202
172,198,202
168,194,197
172,193,197
172,192,197
175,195,201
175,196,200
169,196,199
174,197,203
167,192,198
170,197,200
169,193,196
175,195,200
167,193,198
168,191,195
170,190,196
167,190,197
169,193,200
172,195,202
174,194,201
174,195,202
174,199,202
168,189,196
168,193,196
176,197,202
169,196,200
170,191,199
175,197,203
175,199,203
168,192,199
167,189,195
167,191,195
166,191,196
168,195,199
174,199,203
171,192,200
176,198,202
173,198,203
167,189,196
175,198,201
173,199,202
168,195,198
166,190,196
168,189,195
169,190,195
171,198,201
170,194,201
176,198,203
171,196,202
173,197,203
171,197,202
166,190,195
169,190,198
170,197,201
170,193,196
175,199,202
169,191,199
169,191,195
170,192,200
171,191,199
171,197,199
173,195,198
171,192,196
174,196,199
171,191,196
169,189,196
172,197,199
173,192,198
167,191,198
173,192,199
176,199,203
172,191,198
174,193,199
166,189,195
172,192,200
172,198,200
170,190,198
170,196,198
167,194,198
172,193,201
171,196,198
176,197,201
176,196,201
166,191,197
172,194,197
166,192,197
167,193,196
168,190,198
166,192,196
171,193,201
173,198,200
173,199,203
166,191,195
172,191,197
175,197,200
176,196,202
174,193,200
176,197,203
170,197,199
174,196,203
171,195,202
171,190,197
168,189,197
175,194,200
167,194,197
171,198,200
175,195,202
171,198,202
172,199,202
166,189,196
169,189,195
168,192,195
170,195,197
173,196,203
169,196,198
173,193,201
173,199,201
169,189,197
169,195,197
175,199,204
167,189,194
173,197,199
168,194,200
172,196,198
176,199,202
169,192,200
175,196,203
175,200,203
167,188,195
167,192,195
176,199,204
172,197,203
166,189,194
172,198,203
174,194,198
166,190,197
168,195,200
168,191,199
174,199,201
169,197,200
169,195,201
167,193,199
171,193,196
166,193,197
174,200,203
175,195,199
172,199,201
175,198,204
173,194,202
172,191,199
177,198,203
167,189,197
169,192,195
170,191,195
167,190,194
168,196,199
172,194,202
170,190,195
171,190,196
174,198,200
169,196,201
167,194,199
175,194,201
171,190,198
166,188,195
174,193,198
170,193,201
173,193,197
177,199,203
165,190,195
176,198,201
171,195,197
175,194,199
174,199,204
170,198,201
170,189,196
165,189,195
176,200,203
176,198,204
176,200,204
168,188,195
175,200,204
168,193,200
176,195,201
173,192,200
166,188,194
166,190,194
168,189,194
177,198,202
168,195,197
174,198,204
177,197,202
167,188,194
173,192,197
167,190,198
168,190,194
176,196,200
169,194,201
169,197,199
167,192,199
165,190,196
170,198,200
169,194,196
165,191,196
172,196,203
167,195,198
167,188,196
170,196,202
166,192,198
177,199,204
172,199,203
170,189,197
174,194,202
174,200,202
168,188,196
168,194,196
166,193,196
165,189,194
170,197,202
166,193,198
166,192,195
168,196,200
173,200,203
176,195,200
174,195,198
172,192,196
165,191,195
171,194,202
175,199,201
177,200,204
168,196,198
173,200,202
177,197,203
174,200,204
171,199,201
169,197,201
167,195,199
175,196,199
165,188,194
176,196,203
171,199,202
174,193,201
170,194,196
175,200,202
173,196,198
175,197,204
172,191,196
170,195,202
174,197,199
173,194,197
166,191,198
170,192,195
165,188,195
168,188,194
165,189,196
166,188,196
170,189,195
177,198,204
165,190,194
170,190,199
174,197,204
173,191,198
176,195,202
169,190,199
170,191,200
165,192,196
173,195,203
174,192,199
167,191,194
174,195,203
166,189,197
171,191,200
177,200,203
173,198,204
177,197,201
173,199,204
177,199,202
172,195,197
176,197,200
167,194,196
166,194,197
169,188,195
168,192,200
177,196,202
169,189,198
170,198,202
175,198,200
169,188,196
166,194,198
169,190,194
171,197,203
165,191,197
174,192,198
169,189,194
172,190,197
176,197,204
176,201,204
166,187,194
166,191,194
177,196,201
168,191,194
168,189,198
175,201,204
167,195,197
171,192,201
169,193,201
167,191,199
175,193,199
171,198,203
172,200,202
165,192,197
175,193,200
172,193,196
168,193,195
176,200,205
166,188,193
172,192,201
173,191,197
171,191,195
178,199,203
173,191,199
178,199,204
172,195,203
169,191,200
172,190,198
178,198,203
171,190,199
171,198,199
167,187,194
176,200,202
177,200,205
165,187,194
175,195,203
175,201,203
165,188,193
175,194,202
173,197,204
166,187,195
167,187,195
167,193,195
168,190,199
172,200,203
176,199,205
178,200,204
171,196,203
165,190,197
173,200,204
166,189,193
177,201,204
169,198,200
171,194,196
171,190,195
172,198,199
164,189,194
172,191,200
172,199,200
170,189,198
170,197,198
174,201,203
176,194,200
164,189,195
168,188,197
169,193,195
168,197,200
164,190,195
168,197,199
175,200,205
165,192,195
171,197,198
170,192,201
164,188,194
174,192,200
170,194,202
166,190,198
167,188,193
177,198,201
174,201,204
171,189,196
176,199,201
175,199,205
176,201,205
171,189,197
170,198,199
169,198,201
167,196,199
173,199,200
167,188,197
170,199,201
167,194,200
177,199,205
177,201,205
167,189,193
166,187,193
165,187,193
165,189,193
176,201,203
172,193,202
171,199,200
171,199,203
168,195,201
172,190,196
165,193,197
176,194,201
167,189,198
175,194,198
165,191,194
165,188,196
169,191,194
178,198,202
169,197,198
167,195,200
167,196,198
173,193,202
165,193,196
169,188,194
173,192,201
173,200,201
169,188,197
169,196,197
170,196,197
166,193,199
176,195,199
168,196,201
177,196,203
165,187,195
177,197,204
164,190,194
178,200,205
178,198,204
174,193,197
168,187,195
171,192,195
167,193,200
166,194,196
174,196,204
164,188,195
178,197,202
175,201,205
168,194,201
166,193,195
173,201,203
164,188,193
173,198,199
174,196,198
172,198,204
164,191,195
171,193,202
172,197,198
178,200,203
175,196,204
164,190,196
172,200,201
166,194,199
170,199,202
