166,170,92
165,170,92
167,170,92
164,170,92
168,170,92
167,171,93
165,169,91
167,171,92
165,169,92
166,171,93
168,171,93
164,169,91
166,169,91
166,171,92
166,169,92
168,171,92
164,169,92
166,170,91
166,170,93
165,170,91
167,170,93
167,170,91
165,170,93
165,171,93
169,171,93
167,169,91
163,169,91
169,170,92
163,170,92
165,171,92
167,169,92
169,171,92
163,169,92
164,170,91
168,170,93
168,170,91
164,170,93
168,172,93
164,168,91
164,171,93
170,171,93
168,169,91
162,169,91
164,171,92
167,172,93
165,168,91
168,169,92
169,172,93
170,171,92
163,168,91
162,169,92
170,170,92
162,170,92
163,170,91
169,170,93
169,170,91
163,170,93
166,172,93
166,168,91
170,172,93
162,168,91
167,171,94
165,169,90
168,172,94
164,168,90
168,171,94
166,171,94
164,169,90
169,172,94
167,172,94
163,171,92
166,169,90
171,171,93
163,171,93
169,169,91
161,169,91
165,168,90
163,168,90
167,171,91
171,171,92
165,169,93
169,169,92
166,171,91
165,172,93
168,172,92
168,171,91
166,169,93
167,168,91
161,169,92
164,168,92
171,172,93
162,170,91
164,169,93
167,172,92
161,168,91
169,171,94
169,172,92
163,169,90
165,168,92
170,170,91
170,170,93
165,171,94
170,172,94
166,172,94
167,169,90
163,168,92
166,168,90
162,168,90
162,170,93
165,171,91
170,169,92
161,170,92
169,171,91
167,169,93
166,172,92
163,169,93
170,172,92
166,168,92
162,168,92
162,169,90
170,171,94
171,172,94
165,172,94
164,172,93
168,169,90
164,171,94
167,168,90
161,168,90
164,171,91
162,171,92
172,172,93
168,168,91
171,170,93
162,171,93
169,168,91
160,169,91
165,172,92
170,171,91
166,170,90
166,170,94
160,168,91
168,169,93
171,170,92
169,168,92
165,170,90
167,170,94
171,172,92
169,173,94
167,168,92
163,167,90
161,170,91
167,170,90
165,170,94
162,169,93
160,169,92
168,173,94
164,167,90
170,173,94
170,169,91
162,167,90
161,168,92
170,169,93
169,173,93
163,167,91
164,170,90
161,170,93
168,173,93
168,170,94
164,167,91
170,173,93
168,170,90
162,167,91
161,169,90
164,170,94
167,173,94
171,171,94
165,167,90
171,173,94
163,171,91
169,169,90
172,172,94
164,172,94
161,167,90
170,168,92
160,170,92
168,168,90
160,168,90
163,171,94
167,173,93
164,172,92
171,171,91
165,167,91
171,173,93
163,172,93
169,169,93
161,167,91
172,172,92
163,170,90
172,171,93
168,168,92
168,167,91
169,170,94
161,169,93
169,170,90
159,168,91
166,173,94
161,171,92
160,168,92
166,167,90
172,173,94
163,170,94
168,172,95
171,169,93
161,171,93
160,167,90
169,167,91
159,169,91
166,173,93
171,169,92
169,172,95
167,172,95
169,167,92
164,168,89
160,170,91
166,167,91
172,173,93
163,168,89
165,168,89
159,169,92
170,168,91
160,167,91
160,169,90
170,168,93
162,171,91
169,173,95
171,170,94
169,168,90
170,172,95
172,171,94
163,172,94
162,170,90
163,172,92
168,167,90
159,168,90
166,172,95
160,170,93
170,173,95
168,173,95
163,167,89
162,171,94
168,172,91
162,168,89
171,170,91
166,168,89
164,167,89
162,167,89
167,172,91
170,170,90
170,170,94
165,173,94
169,172,91
169,168,93
172,171,92
164,168,93
173,173,94
167,167,90
165,173,93
168,167,92
165,168,93
162,172,93
162,170,94
171,173,95
167,173,95
159,167,90
163,168,93
167,171,95
166,172,91
170,167,92
160,169,93
173,173,93
165,167,89
161,167,89
172,170,93
167,167,91
168,171,95
171,172,95
169,173,92
165,169,89
168,166,91
170,172,91
166,171,95
159,168,92
165,172,95
168,173,92
161,168,89
164,169,89
166,168,93
170,173,92
166,169,89
163,167,92
167,168,89
159,167,91
158,168,91
167,171,90
164,167,92
162,168,93
166,171,90
169,171,95
162,167,92
167,173,92
165,169,94
168,171,90
165,172,91
161,170,90
163,169,89
172,173,95
166,173,95
165,171,95
166,169,94
171,173,92
167,169,89
171,168,93
169,166,91
171,168,92
170,174,94
162,166,90
159,169,90
166,167,89
160,167,89
161,171,91
164,169,94
165,167,92
171,172,91
169,174,94
165,171,90
163,166,90
170,169,90
169,166,92
162,172,92
164,173,94
171,174,94
169,167,90
161,166,90
170,169,94
171,169,94
172,170,94
162,172,94
167,168,93
164,173,93
168,166,90
158,168,90
161,167,92
169,171,90
170,167,91
173,172,94
167,166,90
171,169,91
167,169,94
172,172,95
161,171,94
166,173,92
170,167,93
160,168,89
170,171,95
168,174,94
164,172,95
172,170,92
158,167,90
162,169,89
161,170,94
161,168,93
164,166,90
163,169,94
173,172,93
168,168,89
169,167,93
172,174,94
167,166,91
160,166,90
164,171,95
172,173,92
168,169,89
170,174,95
168,166,92
164,171,90
164,172,91
162,166,89
166,167,92
169,174,95
171,174,95
173,173,95
165,173,95
163,166,89
161,166,89
158,167,91
159,169,93
170,171,90
167,167,89
159,167,89
172,172,91
168,169,94
160,167,92
158,168,92
172,169,93
167,174,94
168,174,95
165,166,90
172,174,95
168,165,91
168,168,93
173,174,94
165,173,92
164,166,89
160,170,90
162,169,94
170,174,93
160,166,89
170,166,92
161,169,89
159,166,90
169,174,93
171,171,95
162,166,91
171,174,93
163,166,91
163,171,90
173,173,92
170,168,90
169,169,89
160,168,93
172,171,95
163,173,94
159,168,89
161,166,91
163,173,93
163,171,95
168,174,93
163,172,95
168,167,89
170,168,94
167,167,92
173,171,94
163,172,91
167,174,95
171,171,90
167,165,90
172,174,93
173,174,95
169,166,90
166,170,89
166,170,95
165,166,89
164,166,91
166,174,94
173,171,93
172,169,94
171,167,92
171,168,94
165,170,89
169,169,94
171,167,93
167,170,95
169,165,91
159,166,89
157,167,90
168,165,90
171,168,91
173,172,95
164,173,95
167,170,89
160,170,94
165,170,95
159,167,92
160,166,91
167,165,91
174,174,94
172,169,92
166,166,90
167,166,89
158,167,89
172,171,91
169,165,92
170,166,91
167,174,93
164,170,89
164,173,92
161,169,94
169,173,96
169,166,93
158,166,90
168,170,95
170,166,93
168,170,89
168,167,93
160,169,89
170,173,96
157,167,91
168,165,92
168,173,96
173,174,93
164,170,95
165,166,91
162,171,90
171,170,95
166,174,95
173,172,92
169,168,89
163,167,88
174,174,95
159,166,91
166,166,89
171,173,96
162,167,88
163,170,89
164,167,88
159,168,93
167,173,96
162,171,95
158,166,89
171,170,90
167,166,92
158,168,89
168,172,96
172,168,93
165,174,94
169,170,95
172,170,95
162,172,91
169,172,96
166,174,93
169,170,89
168,166,89
167,172,96
170,174,96
170,167,90
162,172,95
169,168,94
168,164,91
161,167,88
165,167,88
174,173,94
163,170,95
171,174,96
169,174,96
166,165,90
164,168,88
174,174,93
158,167,92
173,170,94
173,171,95
163,173,95
170,172,96
163,168,88
170,167,94
172,173,96
162,166,88
166,166,91
165,168,88
172,170,91
169,173,91
167,164,90
170,165,92
173,170,93
166,172,96
167,165,89
157,167,89
166,173,96
168,173,91
163,173,92
157,166,90
160,169,94
163,166,88
161,166,88
162,170,89
170,173,91
172,174,96
168,174,96
159,169,89
165,174,95
169,165,90
162,168,88
160,167,88
158,166,91
161,171,90
167,164,91
171,167,91
167,173,91
172,168,94
166,168,88
166,167,88
174,173,95
168,172,90
168,164,90
168,166,93
171,167,94
170,170,89
170,170,95
167,172,90
163,167,93
172,168,92
