143,74,198
142,74,198
144,74,198
141,74,198
145,74,198
146,74,198
140,74,198
144,74,199
142,74,197
143,74,199
143,74,197
145,74,199
141,74,197
142,74,199
144,74,197
144,75,199
142,73,197
143,73,198
143,75,198
142,73,198
144,75,198
143,75,199
145,75,199
141,73,197
143,73,197
139,74,198
147,74,198
144,73,198
142,75,198
146,74,199
141,73,198
140,74,197
145,75,198
141,74,199
145,74,197
142,75,199
146,75,199
140,73,197
144,73,197
145,73,198
141,75,198
140,73,198
146,75,198
147,74,199
139,74,197
140,74,199
147,75,199
141,75,199
145,73,197
139,73,197
146,74,197
148,74,198
138,74,198
146,73,198
140,75,198
139,73,198
147,75,198
148,74,199
140,75,199
148,75,199
138,73,197
146,73,197
138,74,197
139,74,199
147,74,197
147,73,198
139,75,198
138,73,198
143,73,199
145,75,200
141,73,196
148,75,198
144,75,200
142,73,196
143,75,197
144,73,199
137,74,198
149,74,198
142,73,199
142,75,197
144,75,197
146,75,200
140,73,196
143,75,200
143,73,196
145,73,199
149,75,199
139,75,199
147,73,197
137,73,197
141,75,197
141,73,199
149,74,199
145,75,197
137,74,197
147,75,200
138,74,199
139,73,196
142,75,200
144,73,196
144,74,200
148,74,197
142,74,196
145,74,200
141,74,196
146,73,199
143,74,200
148,73,198
143,74,196
140,75,197
138,75,198
140,73,199
137,73,198
146,74,200
146,75,197
149,75,198
144,76,199
140,74,196
145,76,199
142,74,200
142,72,197
141,72,197
148,75,200
144,74,196
138,73,196
141,75,200
143,76,199
145,73,196
146,76,199
143,72,197
140,72,197
136,74,198
150,74,198
147,73,199
147,74,200
138,75,199
150,75,199
136,73,197
148,73,197
139,74,196
139,75,197
141,74,200
139,73,199
150,74,199
142,76,199
144,72,197
145,74,196
147,76,199
139,72,197
136,74,197
137,74,199
147,75,197
149,74,197
149,75,200
149,73,198
137,73,196
140,75,200
145,76,200
146,73,196
137,75,198
148,74,200
136,73,198
142,72,198
144,76,198
141,72,196
144,76,200
146,76,200
143,72,198
143,76,198
141,76,199
140,72,196
142,72,196
141,72,198
138,74,196
145,76,198
150,75,198
145,72,197
148,73,199
140,74,200
148,76,199
138,72,197
146,74,196
143,76,200
147,76,200
144,72,198
138,75,197
142,76,198
138,73,199
139,72,196
143,72,196
140,72,198
146,76,198
148,75,197
137,75,199
151,75,199
135,73,197
149,73,197
135,74,198
151,74,198
150,75,200
145,72,198
142,76,200
148,76,200
149,74,200
151,74,199
136,73,196
141,76,198
139,75,200
140,76,199
144,72,196
138,72,196
146,72,197
139,72,198
147,73,196
147,76,198
149,76,199
136,74,199
137,72,197
137,74,196
135,74,197
139,74,200
149,73,199
150,74,197
150,73,198
147,74,196
135,73,198
136,75,198
137,73,199
146,72,198
137,75,197
141,76,200
149,76,200
140,76,198
151,75,198
137,72,196
145,72,196
138,72,198
148,76,198
149,75,197
150,74,200
147,72,197
139,76,199
151,75,200
144,73,200
136,72,197
143,73,200
145,75,201
141,73,195
150,76,199
135,73,196
138,75,200
146,75,201
140,73,195
136,74,196
138,74,200
136,75,199
152,75,199
145,73,200
144,75,201
134,73,197
150,73,197
142,73,195
142,75,196
143,75,196
148,73,196
142,73,200
147,72,198
141,75,196
147,75,201
139,73,195
152,74,199
148,74,196
140,76,200
150,76,200
150,73,199
144,75,196
134,74,198
152,74,198
143,75,201
139,76,198
143,73,195
146,73,200
146,72,196
136,72,196
137,72,198
135,74,199
134,74,197
141,73,200
149,76,198
140,75,196
136,73,199
151,73,198
136,75,197
148,75,201
151,74,197
138,73,195
145,75,196
134,73,198
142,75,201
135,75,198
144,73,195
147,73,200
148,72,197
143,72,199
146,76,201
145,76,201
138,76,199
150,75,197
142,72,199
151,74,200
140,72,195
141,72,195
152,75,198
135,72,197
144,72,199
143,76,197
140,73,200
151,76,199
147,76,201
144,76,197
152,75,200
144,76,201
139,75,196
141,72,199
139,72,195
148,72,198
142,72,195
142,76,197
137,74,200
135,74,196
137,75,200
134,73,196
149,75,201
139,76,200
151,76,200
145,76,197
146,75,196
138,76,198
137,73,195
145,72,199
135,72,196
147,72,196
136,72,198
149,73,196
148,76,201
141,75,201
143,76,201
138,72,195
145,74,201
140,72,199
148,73,200
144,74,201
145,73,195
149,74,196
143,72,195
141,76,197
135,75,199
153,75,199
141,74,195
150,76,198
133,73,197
151,73,197
151,73,199
142,74,195
146,74,201
146,76,197
143,74,201
140,74,195
139,73,200
138,75,196
143,74,195
146,72,199
153,74,199
135,73,199
149,76,201
147,74,201
142,76,201
135,75,197
137,72,195
150,75,201
133,74,198
153,74,198
139,72,199
134,74,199
140,76,197
139,74,195
142,74,201
144,72,195
149,72,197
147,75,196
133,74,197
136,73,195
137,76,199
152,73,198
152,74,200
140,75,201
144,74,195
149,72,198
134,72,197
147,76,197
152,74,197
149,73,200
151,75,197
152,76,199
146,73,195
133,73,198
148,74,201
145,77,200
146,77,200
134,75,198
138,76,200
152,76,200
145,77,199
153,75,200
147,72,199
137,76,198
135,72,198
136,74,200
134,72,196
148,72,196
144,77,199
146,77,199
134,74,196
144,77,200
138,74,195
150,76,201
141,74,201
147,77,200
141,71,197
153,75,198
138,73,200
136,75,200
141,71,196
133,73,196
140,71,196
141,76,201
142,71,197
137,75,196
136,72,195
138,72,199
140,71,197
139,76,197
143,77,199
151,76,198
145,72,195
145,74,195
142,71,196
150,73,196
147,77,199
139,71,196
150,74,196
143,77,200
143,71,197
151,75,201
148,77,200
139,71,197
152,73,199
149,74,201
148,76,197
148,75,196
135,73,195
139,75,201
143,71,196
142,77,199
138,71,196
134,75,199
154,75,199
132,73,197
152,73,197
148,72,199
150,73,200
137,74,195
140,74,201
148,77,199
144,71,197
134,73,199
147,73,195
138,71,197
142,77,200
151,76,201
150,72,197
150,72,198
134,75,197
149,77,200
140,76,201
154,74,199
146,74,195
137,72,199
136,76,199
135,72,195
153,74,200
133,72,197
137,73,200
138,76,197
144,71,196
146,72,195
137,71,196
137,76,200
153,76,200
153,76,199
133,74,199
136,75,196
134,72,198
141,77,199
133,72,196
149,72,196
136,76,198
150,74,201
154,74,198
132,74,198
152,75,197
132,74,197
153,73,198
145,71,197
135,74,200
149,77,199
149,76,197
154,75,200
152,75,201
137,71,197
133,74,196
153,74,197
132,73,198
141,77,200
152,76,198
139,74,201
136,74,195
149,75,196
135,75,200
133,75,198
146,77,201
150,77,200
149,72,199
132,73,196
138,75,201
134,73,195
145,77,201
147,77,201
145,71,196
142,71,198
144,77,198
154,75,198
141,71,198
151,73,200
145,77,198
136,71,196
151,73,196
151,74,196
140,71,195
152,76,201
147,74,195
143,71,198
143,77,198
144,77,201
148,77,201
139,71,195
141,71,195
148,73,195
139,76,201
153,73,199
140,77,199
136,72,199
140,71,198
146,77,198
146,71,197
134,72,195
137,76,197
147,72,195
150,77,199
138,71,195
142,71,195
151,74,201
136,71,197
144,71,198
136,73,200
142,77,198
151,72,198
139,71,198
133,73,199
143,77,201
149,77,201
151,72,197
140,77,200
135,75,196
147,77,198
155,75,199
133,75,199
131,73,197
153,73,197
150,76,197
151,77,200
132,72,197
135,76,199
138,74,201
146,71,196
133,75,197
154,74,200
136,76,200
154,76,200
133,72,198
