196,204,150
195,204,150
197,205,151
195,203,149
196,204,149
196,204,151
196,205,151
194,203,149
197,205,150
195,203,150
195,204,149
196,205,150
195,204,151
194,204,150
194,203,150
197,205,152
195,203,148
195,205,151
193,203,149
194,204,149
195,205,150
194,203,148
196,205,152
198,206,151
194,202,149
198,206,152
194,202,148
194,204,151
197,206,151
193,203,150
197,206,152
193,202,148
193,202,149
193,203,148
193,204,150
197,205,149
195,203,151
196,205,149
196,203,151
196,204,148
196,204,152
196,206,151
193,204,149
195,205,152
195,204,148
197,204,152
194,205,151
192,203,149
194,205,150
194,203,151
196,206,152
192,202,148
192,202,149
195,205,149
198,206,150
195,204,152
194,202,150
198,206,153
197,206,150
194,202,147
195,202,150
194,204,148
193,204,151
193,202,147
192,203,150
192,203,148
197,206,153
193,202,150
196,206,150
197,205,153
199,207,152
193,201,148
195,203,147
195,206,151
198,205,153
193,203,151
194,203,147
198,207,152
194,204,152
192,202,147
194,205,152
194,205,149
192,204,150
192,201,148
199,207,153
195,206,152
193,201,147
191,202,148
196,205,153
192,204,149
193,204,148
196,206,153
198,207,153
192,201,147
193,205,150
191,202,149
193,203,147
192,202,150
193,205,151
191,203,149
197,207,152
199,207,151
193,201,149
198,207,151
195,206,150
194,201,149
191,201,148
191,203,148
197,207,153
195,205,153
192,201,149
191,201,147
191,202,147
192,204,151
197,205,148
196,205,148
197,207,151
191,203,150
195,203,152
192,203,151
196,203,152
194,206,151
192,203,147
198,206,149
193,204,152
197,206,149
193,205,149
198,206,154
194,202,151
199,207,154
196,207,152
195,205,148
195,202,151
195,206,153
199,206,154
192,204,148
196,204,147
193,201,146
196,204,153
195,204,147
194,202,146
194,203,152
197,204,153
194,206,152
190,202,148
193,202,146
193,205,152
192,201,146
196,206,149
191,202,150
198,207,154
191,201,149
197,206,154
193,202,151
194,206,150
194,204,147
196,207,151
190,202,149
190,201,148
191,204,150
195,204,153
196,207,153
190,201,147
191,204,149
192,202,146
192,205,150
200,208,153
192,200,147
194,205,153
194,205,148
191,201,146
199,208,153
199,207,150
198,207,150
190,202,147
192,205,151
190,203,149
197,207,154
191,200,147
193,203,152
193,201,150
195,206,149
191,203,147
194,201,150
196,206,154
200,208,152
192,200,148
190,203,148
199,208,152
197,205,154
200,208,154
193,204,147
198,205,154
197,207,150
193,200,148
192,200,146
192,202,151
195,207,152
195,203,146
194,203,146
198,208,153
191,203,151
194,204,153
192,201,150
199,208,154
193,206,151
192,205,149
191,202,146
191,200,146
191,200,148
192,204,152
190,201,149
191,204,151
194,206,153
190,203,150
196,205,154
190,200,147
191,204,148
198,208,152
190,201,146
195,207,151
193,203,146
193,205,148
190,202,150
195,207,153
193,206,152
189,201,147
189,202,148
196,207,150
193,206,150
189,201,148
198,208,154
196,207,154
190,200,146
194,206,149
192,205,152
197,208,153
199,207,155
190,200,148
191,201,150
192,203,152
195,206,154
192,204,147
200,207,155
193,205,153
189,202,149
192,203,146
197,208,152
193,201,145
195,205,154
200,208,151
189,202,147
199,208,151
190,203,147
192,201,145
191,202,151
198,207,155
190,204,149
190,202,146
192,200,149
191,205,150
190,204,150
193,204,153
193,200,149
189,200,147
200,208,155
197,206,148
198,206,148
196,205,147
197,205,147
192,200,145
198,208,151
189,201,146
194,207,152
196,203,153
199,208,155
198,206,155
191,201,145
197,208,154
195,203,153
199,206,155
195,202,152
191,200,145
189,200,146
191,205,151
189,203,149
195,207,150
194,202,152
196,206,148
191,200,149
195,205,147
189,201,149
194,207,151
194,202,145
189,203,148
193,202,145
192,205,148
197,207,155
191,205,149
190,203,151
197,206,155
193,206,153
198,207,149
189,200,148
199,207,149
192,206,151
191,203,146
194,203,153
196,208,153
193,206,149
190,200,145
195,207,154
190,204,148
191,204,152
193,202,152
190,201,150
195,204,146
197,204,154
201,209,154
191,199,146
196,204,146
192,202,145
196,208,152
196,204,154
197,208,151
198,208,155
194,207,153
188,201,147
195,206,148
200,209,154
191,204,147
197,207,149
194,201,151
194,205,147
194,205,154
201,209,153
190,201,145
193,201,151
191,199,147
190,204,151
200,209,153
190,199,146
192,206,150
194,204,146
192,199,147
188,201,148
194,206,154
189,203,150
189,202,150
190,200,149
191,203,152
192,206,152
188,202,148
195,204,154
190,199,147
189,202,146
188,200,147
199,209,154
196,206,155
199,209,153
192,201,151
190,202,151
191,202,145
196,208,154
201,209,155
192,205,153
196,207,149
188,200,146
189,200,145
192,204,153
191,205,152
189,203,147
193,203,153
191,199,145
194,207,150
192,202,152
196,207,155
193,204,146
189,199,146
188,202,147
200,209,155
188,201,146
190,199,145
188,202,149
194,206,148
196,208,151
197,208,155
193,205,147
199,208,150
200,208,150
198,205,155
189,199,147
201,209,152
200,209,152
190,203,146
197,205,155
189,201,145
193,207,152
189,204,149
191,205,148
191,199,148
188,200,148
194,203,145
192,199,148
194,204,154
190,205,150
195,203,145
198,209,153
193,207,151
198,209,154
195,208,153
198,208,150
195,208,152
188,201,149
199,209,155
200,208,156
193,200,150
192,200,150
189,204,150
189,199,145
189,200,149
201,208,156
191,201,151
192,206,149
199,209,152
189,201,150
193,203,145
195,207,149
190,202,145
194,207,154
196,205,155
199,207,156
200,207,156
190,199,148
199,208,156
193,205,154
190,204,147
192,204,146
192,200,144
195,206,155
190,205,151
188,203,149
191,200,144
190,205,149
188,199,146
188,203,148
188,200,145
192,206,153
191,200,150
197,208,150
189,204,148
189,203,151
193,207,153
193,201,144
198,207,156
187,201,147
192,201,144
192,203,153
191,206,151
191,202,152
193,206,154
190,204,152
192,203,145
198,209,152
190,200,144
193,206,148
188,202,146
188,199,147
192,205,147
187,200,147
201,209,156
195,208,154
195,207,155
198,209,155
191,206,150
195,208,151
187,200,146
187,201,148
190,203,152
196,208,155
188,199,145
191,201,144
193,207,150
197,209,153
198,208,156
189,199,148
191,199,144
200,209,156
188,202,150
195,205,155
197,209,154
190,199,144
188,201,145
189,202,151
193,204,154
189,204,151
187,201,146
191,204,153
197,206,147
188,203,150
191,206,152
187,202,148
190,201,151
198,206,147
190,200,150
189,203,146
188,203,147
197,207,156
194,207,149
196,208,150
189,202,145
191,205,153
189,200,144
191,204,146
196,206,147
199,206,156
198,206,156
196,205,146
200,209,151
187,202,147
190,201,144
188,200,149
201,209,151
198,207,148
195,202,153
189,199,144
191,203,145
197,205,146
199,209,156
194,208,152
199,207,148
187,200,148
197,209,152
187,199,146
194,202,153
202,210,154
190,205,152
190,198,146
196,203,154
194,208,153
190,205,148
195,205,146
202,210,155
201,210,154
190,198,145
191,198,146
197,207,148
199,209,151
193,202,144
195,203,154
194,206,155
194,202,144
192,199,149
201,210,155
187,200,145
191,199,149
192,207,151
192,207,152
187,202,149
191,206,149
197,206,156
195,206,147
197,208,156
189,198,146
188,201,150
189,198,145
197,209,155
194,201,152
192,202,144
187,199,145
187,201,149
188,199,148
193,201,152
200,210,154
189,204,147
192,205,154
187,199,147
193,202,153
192,206,148
193,207,154
191,203,153
191,205,147
194,205,146
188,204,149
196,209,153
190,202,152
194,205,155
196,207,148
200,210,155
190,199,149
189,205,150
194,203,154
188,199,144
198,209,151
194,208,151
202,210,153
196,207,156
195,204,145
201,210,153
188,200,144
